CapEuclideo.150.200.1.1
Total Cost:483216
|M*|: 149
Depot
Market 102
2	13
9	15
10	10
16	4
19	10
21	9
22	13
29	13
30	15
31	8
39	13
40	9
45	12
46	8
50	6
52	15
59	10
60	9
66	8
81	15
83	15
90	15
91	10
94	8
95	11
97	3
101	8
104	9
105	10
106	10
107	1
114	3
115	11
121	3
122	1
127	1
128	11
132	2
133	6
141	7
142	2
143	9
145	13
148	1
149	15
150	15
156	14
157	11
161	2
163	9
166	3
167	6
173	1
179	9
184	10
185	13
188	6
191	8
195	6
196	12
Market 141
5	12
7	4
10	4
17	9
18	9
20	15
32	13
34	5
39	15
40	12
41	12
42	10
43	6
46	5
47	6
52	12
55	8
61	6
63	13
70	9
74	14
84	13
85	1
90	11
91	15
95	12
96	7
101	2
102	13
104	4
106	10
107	7
115	1
116	4
117	6
121	2
123	7
124	13
125	6
128	6
129	5
130	3
136	7
144	3
145	13
150	4
151	4
156	4
158	3
159	10
160	12
164	9
165	15
166	15
168	4
169	10
170	4
174	10
177	6
180	2
181	1
182	10
186	4
187	2
188	6
192	10
193	2
194	4
197	7
198	8
199	14
Market 113
2	3
8	6
9	5
10	1
15	6
16	10
17	5
20	11
22	6
27	10
30	1
32	4
38	1
40	6
44	5
45	8
49	3
50	11
53	13
57	2
60	10
61	6
63	1
64	3
66	1
70	6
79	13
81	13
83	10
88	5
89	7
90	11
92	4
94	13
95	5
99	2
101	5
104	12
106	2
111	14
114	3
115	6
121	5
122	9
123	2
125	7
128	7
131	3
132	10
133	15
135	5
139	6
140	14
142	3
147	1
149	9
150	6
153	14
157	6
158	11
160	8
161	3
163	13
164	1
166	12
167	8
168	2
170	13
171	1
173	14
174	9
178	14
179	11
180	10
182	5
183	2
184	3
185	14
186	14
188	9
191	15
192	14
194	2
195	1
196	15
198	3
199	4
200	14
Market 98
3	13
5	11
6	3
10	10
11	2
12	2
13	4
17	2
18	3
19	7
22	10
24	13
25	13
33	1
34	2
36	2
38	7
39	13
40	10
43	13
45	4
46	6
47	2
48	11
54	6
56	12
57	15
61	11
62	10
63	13
71	8
74	2
86	8
87	4
88	11
90	10
91	12
96	3
97	12
99	1
102	1
103	3
104	12
106	3
108	10
116	4
117	5
118	14
123	10
124	4
125	10
132	6
135	14
136	1
138	3
140	14
143	3
144	1
145	9
151	2
152	5
153	15
159	6
160	6
164	1
165	13
166	4
167	10
168	2
169	14
170	12
178	15
181	2
182	6
183	13
186	1
187	12
188	5
192	2
193	14
194	4
195	2
197	6
198	2
Market 97
5	12
7	14
9	15
10	9
13	9
15	7
16	3
18	9
19	13
20	2
22	4
24	3
25	13
26	8
27	2
29	15
34	10
38	11
39	13
40	12
43	14
44	13
45	11
46	10
47	14
48	9
49	8
50	3
55	4
56	1
57	4
58	8
61	10
63	2
66	10
78	12
79	13
81	10
83	6
85	11
87	9
88	10
89	4
90	3
91	4
92	5
94	14
97	7
99	4
100	14
101	1
102	10
104	6
105	13
107	15
109	6
112	5
116	2
119	8
120	12
121	12
123	3
125	8
127	4
128	2
129	1
130	1
131	7
132	1
135	6
136	5
139	13
140	11
143	3
144	9
145	12
146	15
148	5
151	13
153	10
156	7
159	15
160	3
161	14
164	3
165	6
166	2
167	4
168	1
170	13
172	15
173	8
177	10
178	5
181	8
182	11
183	15
184	6
186	8
188	6
190	14
191	13
193	11
194	6
195	8
196	10
197	1
198	5
199	11
Market 118
2	5
3	10
7	14
10	14
13	13
16	5
17	3
19	14
20	10
22	4
26	6
31	4
32	1
33	13
37	14
40	7
44	15
46	14
47	12
48	13
52	13
54	6
57	9
60	3
63	9
69	12
71	3
78	9
79	5
83	2
84	9
87	14
88	2
89	15
90	7
91	8
95	3
96	5
97	8
99	7
101	15
102	8
104	10
106	11
107	10
108	15
115	11
116	8
119	9
120	13
122	14
128	12
129	3
130	15
135	10
138	9
143	4
145	4
150	2
153	8
157	8
158	5
159	3
160	8
163	1
164	4
166	4
168	2
170	3
173	1
174	11
177	6
178	14
179	3
180	14
181	2
182	5
183	13
185	14
186	3
188	10
191	6
192	13
194	7
196	2
197	2
198	1
199	14
Market 38
5	9
8	3
10	2
15	1
18	2
19	9
20	9
22	7
24	14
25	2
34	9
38	10
39	6
40	15
42	8
45	14
46	7
48	2
49	8
50	4
56	5
57	11
58	4
61	6
62	10
64	5
72	9
79	13
83	13
85	1
88	9
90	3
94	11
96	3
97	12
99	14
101	6
102	15
104	11
106	5
107	3
111	11
116	7
120	6
121	6
123	6
124	13
126	3
128	8
130	14
132	5
136	10
140	14
143	15
144	10
145	13
147	5
148	9
150	3
151	7
152	2
153	1
156	6
159	11
161	15
164	2
165	5
166	12
167	14
171	1
172	5
175	1
177	5
178	12
181	3
182	5
183	2
186	13
187	12
188	10
193	4
195	14
198	15
Market 37
2	2
8	14
10	10
15	10
16	3
20	3
21	14
22	11
24	10
28	12
29	2
30	2
31	8
39	13
40	4
43	11
45	15
46	10
47	11
49	8
50	14
52	7
58	11
59	13
60	8
61	14
64	10
66	12
69	5
79	15
81	14
88	14
89	9
91	2
94	6
95	3
96	12
99	12
100	10
101	11
102	14
104	13
105	1
106	1
107	3
111	5
112	14
114	12
115	15
116	12
121	6
122	8
123	13
126	2
128	13
129	2
130	2
132	11
133	2
135	5
140	8
141	11
143	15
144	11
148	14
149	5
150	11
156	1
157	7
159	9
161	7
163	5
164	13
165	10
166	10
167	12
168	2
171	9
173	7
177	9
179	7
181	14
183	6
184	6
185	5
186	10
187	12
188	5
191	15
195	15
196	13
197	13
198	9
Market 148
4	15
6	15
7	10
8	2
10	5
12	12
13	12
14	11
17	3
19	10
20	9
24	15
25	3
27	6
34	3
36	12
38	11
40	5
45	5
47	1
48	14
49	4
54	7
56	12
57	4
61	4
62	1
63	7
64	2
71	14
75	2
76	6
79	15
84	1
86	15
87	10
88	1
91	1
93	13
96	12
97	4
99	9
102	2
103	14
104	15
107	9
108	10
111	1
116	12
117	5
118	9
120	7
123	7
124	9
125	1
129	15
130	11
132	5
135	6
137	3
138	4
140	2
144	15
145	6
147	5
150	3
152	14
153	7
159	2
161	4
164	11
165	4
166	4
167	4
169	14
170	10
171	6
174	12
177	9
178	8
179	6
181	7
182	15
183	11
186	3
187	7
188	5
191	9
192	9
193	6
194	14
195	6
197	3
198	12
199	1
Market 95
5	6
8	11
9	9
10	1
15	15
16	5
18	2
21	10
24	11
28	6
34	11
40	2
42	5
43	1
45	9
47	14
50	4
55	2
56	6
59	13
61	9
64	5
66	4
72	10
79	15
81	4
85	1
88	9
89	10
90	2
91	1
94	7
96	9
99	8
100	5
102	12
104	7
105	2
107	12
111	2
112	4
116	14
121	4
123	7
124	3
127	15
129	9
130	4
132	4
140	15
141	10
144	7
148	12
151	1
156	8
159	14
164	14
165	6
166	15
167	13
168	14
171	1
172	6
173	4
175	3
177	13
178	15
179	8
181	13
183	4
184	1
186	1
187	9
188	5
189	6
191	1
193	10
194	8
195	7
198	8
Market 124
8	7
10	15
11	11
13	9
15	9
18	14
19	3
20	7
24	6
29	8
34	9
39	2
40	10
42	3
43	4
47	3
48	4
50	9
55	3
56	7
58	12
61	2
63	4
66	15
73	14
74	15
79	1
85	13
87	10
88	8
90	2
91	8
94	4
97	6
99	15
102	15
107	4
108	9
112	5
116	8
117	13
121	1
124	4
127	4
129	6
130	8
132	14
135	1
137	1
138	4
144	7
145	14
148	9
151	12
156	15
159	1
160	9
161	3
164	9
165	3
167	4
169	8
170	15
172	5
173	10
177	14
178	5
181	4
182	9
183	4
186	1
187	10
189	12
191	11
193	3
194	2
196	13
198	6
Market 146
3	10
5	7
7	5
9	7
10	2
13	3
15	7
16	10
17	10
18	2
20	12
24	13
27	10
34	8
40	15
42	4
44	15
45	15
46	3
47	5
49	2
55	6
57	10
61	4
63	8
64	12
71	1
72	8
79	10
84	12
88	2
90	8
92	3
94	4
99	4
102	1
104	11
107	2
111	9
116	1
120	6
123	1
125	4
128	13
129	9
131	15
135	12
140	15
143	12
144	9
146	13
147	11
150	11
151	12
153	2
159	6
160	6
164	2
167	13
170	8
171	5
174	6
175	10
178	11
179	6
181	9
183	6
186	8
188	13
192	10
193	11
194	1
195	2
196	1
197	6
198	2
199	13
200	12
Market 12
5	13
8	3
9	1
10	8
13	9
16	13
20	1
21	8
22	14
29	15
34	5
40	3
45	15
46	4
47	8
49	4
50	8
59	9
66	3
79	1
81	7
88	4
89	13
90	2
94	13
96	8
100	13
101	2
102	9
104	4
107	13
111	11
112	15
113	12
114	8
121	7
123	10
125	3
127	4
128	5
132	12
133	7
140	15
141	1
148	11
149	1
153	11
159	12
161	6
162	5
167	12
171	14
173	15
177	5
178	14
179	14
181	11
188	6
190	9
193	14
195	8
196	1
198	5
Market 18
3	7
6	3
8	8
10	4
12	14
15	7
16	7
17	7
19	10
20	13
22	4
24	2
25	13
32	2
33	14
35	6
40	11
43	12
45	15
46	12
47	6
48	14
49	7
54	15
56	9
62	7
64	2
66	10
71	3
76	7
79	15
83	13
84	8
86	3
88	2
90	11
91	7
94	4
96	7
99	5
103	15
104	14
106	1
107	3
111	7
116	1
120	2
123	15
128	10
129	2
130	2
132	10
135	14
138	3
140	10
143	6
145	7
150	9
152	8
156	1
159	11
161	10
164	13
166	6
167	15
168	13
171	12
173	13
174	8
177	6
178	13
179	10
181	1
183	7
186	15
187	14
188	4
191	6
194	1
195	14
196	12
197	5
Market 36
2	9
5	15
7	14
9	13
10	3
13	11
16	2
18	11
19	2
20	2
21	9
22	13
26	3
30	13
31	2
34	5
37	11
39	5
40	13
41	9
44	15
45	9
46	2
47	11
48	3
50	6
55	13
57	5
60	2
61	4
63	12
66	7
69	11
72	10
79	10
81	3
82	6
85	11
87	12
88	3
89	5
90	9
91	14
95	2
96	8
97	4
99	8
101	9
102	9
106	1
107	6
108	11
111	14
114	3
115	2
116	6
119	8
121	14
122	3
123	12
125	1
128	4
129	1
130	10
132	7
133	9
134	1
135	8
138	11
142	15
143	7
144	9
145	9
149	7
150	7
151	12
153	6
157	11
159	14
160	11
161	3
163	7
164	10
166	2
167	3
168	8
170	4
173	6
174	7
175	2
177	2
178	8
179	2
181	1
182	9
183	9
185	10
186	2
191	12
192	15
193	12
194	15
195	10
196	8
197	3
199	10
Market 135
2	9
6	2
10	6
13	3
19	10
22	2
25	10
29	2
30	15
31	7
34	9
36	7
39	12
40	9
43	7
46	8
47	1
48	2
50	6
52	7
61	2
63	14
66	4
69	2
76	6
81	7
83	4
87	3
89	15
91	15
94	13
95	3
97	7
100	2
101	1
103	4
105	2
106	9
107	11
114	9
115	3
121	3
122	10
124	1
128	12
132	3
133	3
135	15
138	12
142	15
143	9
145	11
148	9
149	4
150	12
152	8
157	14
159	4
160	6
161	5
163	9
165	3
167	13
170	8
173	5
177	12
182	1
184	6
185	6
187	6
191	3
193	6
194	6
196	2
198	12
Market 91
4	12
5	13
6	8
9	13
10	12
11	2
12	3
16	7
17	14
18	11
19	4
20	1
22	10
24	13
25	3
33	11
34	1
35	5
38	2
40	2
42	1
43	3
46	9
47	3
48	6
49	6
54	11
55	3
56	11
57	8
60	3
61	5
62	13
64	11
71	10
74	10
76	15
79	15
84	9
85	11
86	6
88	3
89	2
90	2
91	13
95	5
97	13
99	15
101	7
102	10
103	8
104	14
106	6
107	13
111	4
116	11
117	15
118	6
120	2
123	14
124	8
125	3
128	13
129	3
130	12
132	13
135	14
136	8
137	13
138	8
140	4
144	6
145	1
150	5
151	10
152	12
153	12
157	3
159	2
163	6
164	6
165	8
166	6
167	11
168	6
169	14
171	5
173	1
174	10
176	12
177	10
178	13
179	3
181	4
183	2
186	3
187	12
188	13
191	4
192	3
193	6
194	14
195	11
196	8
197	7
198	15
Market 143
2	5
3	1
7	12
9	10
16	12
17	15
20	4
22	11
31	14
32	15
38	15
39	12
40	14
44	10
45	2
46	9
47	12
52	6
53	8
57	11
58	12
60	13
61	13
68	13
69	6
82	4
83	4
88	10
89	1
90	15
94	13
95	3
96	2
101	5
102	8
104	1
106	10
107	6
115	6
116	2
121	7
123	8
125	3
128	7
129	12
131	2
132	4
134	13
135	12
140	4
143	2
149	12
150	9
153	13
156	7
157	13
158	12
159	12
160	9
161	10
163	3
164	3
166	7
167	13
168	11
170	8
173	6
179	14
185	2
188	15
191	8
192	3
195	4
196	3
197	8
199	14
Market 77
2	13
6	11
9	8
10	4
16	10
19	1
20	7
22	3
25	8
30	6
39	3
40	7
43	11
46	1
48	5
50	11
61	14
62	11
66	12
67	3
69	7
81	14
83	9
89	6
90	4
91	8
95	14
97	11
101	12
103	7
106	14
107	3
115	12
118	14
121	3
122	13
123	6
124	11
128	9
130	6
133	9
134	6
135	9
138	8
142	12
143	10
150	4
152	2
157	2
160	12
163	7
165	9
167	13
173	2
177	9
179	13
182	5
184	14
185	6
187	2
188	2
191	2
194	10
196	1
198	5
Market 64
5	15
6	9
7	15
13	10
16	12
19	8
20	13
21	13
24	13
25	5
26	13
27	13
29	12
34	10
38	4
39	8
43	2
45	6
47	14
48	11
49	5
50	5
56	11
57	12
59	13
61	2
62	4
63	4
66	14
78	13
87	2
88	8
89	2
90	11
91	13
92	8
94	14
99	1
104	12
105	9
107	4
109	13
111	10
113	5
118	13
119	11
120	3
121	4
123	2
124	15
125	3
127	4
130	14
131	6
132	7
135	12
138	12
139	4
141	4
144	2
145	10
146	7
148	2
150	15
151	1
152	1
153	5
156	3
159	7
160	11
161	14
164	15
165	11
166	11
167	8
168	9
169	14
170	13
173	8
174	13
177	3
178	12
181	1
182	7
183	15
184	10
186	10
187	15
188	15
191	4
193	7
194	6
199	2
Market 137
6	15
7	3
8	12
9	11
10	11
13	2
15	11
16	6
19	7
20	13
22	11
25	7
28	7
36	1
39	13
40	15
43	15
45	4
46	14
48	14
49	7
50	14
56	10
58	3
60	4
62	7
63	11
64	8
65	14
79	1
87	11
88	4
89	3
90	11
91	8
94	13
95	2
99	2
101	2
103	13
104	11
107	5
108	1
111	9
119	14
120	2
121	6
124	6
125	6
126	5
127	11
128	6
130	8
138	8
140	4
147	5
148	12
152	14
153	14
156	12
157	9
160	7
161	10
163	3
165	13
166	7
167	9
170	6
171	2
172	7
173	10
177	12
178	13
179	6
182	9
183	14
187	9
188	2
191	14
194	7
195	13
196	6
198	13
Market 93
2	11
3	4
5	10
6	15
8	15
10	12
12	8
16	1
17	14
18	15
19	6
20	5
22	10
24	7
25	12
31	3
32	8
34	7
39	10
40	5
42	7
43	8
45	5
46	8
47	5
49	5
50	14
52	15
53	7
55	2
56	6
60	5
61	10
62	9
64	4
69	9
70	2
72	1
79	1
83	6
86	8
88	13
90	11
91	12
94	1
95	9
96	6
97	7
99	7
101	15
102	6
104	1
106	15
107	1
111	11
115	11
116	14
120	5
121	10
124	8
125	13
128	7
129	9
130	14
132	3
135	5
136	6
140	7
143	3
144	7
145	12
150	15
151	8
152	7
153	14
156	13
157	6
158	3
159	13
161	15
163	7
164	7
165	12
166	2
167	14
168	2
169	13
171	15
173	2
174	11
175	2
177	15
178	11
179	9
181	13
182	12
183	13
185	9
186	8
187	12
188	7
191	7
192	6
193	14
196	7
197	10
198	1
Market 103
6	14
7	6
9	2
10	4
12	2
13	1
16	5
19	3
20	1
21	3
22	6
25	8
29	4
35	1
36	6
39	11
40	13
43	9
44	14
45	6
46	5
47	12
48	5
50	2
56	5
58	8
59	8
61	3
62	9
63	5
66	4
76	15
83	14
86	15
87	4
88	8
89	4
90	4
91	1
94	10
96	2
97	11
100	15
101	5
102	6
103	2
104	12
105	7
106	4
107	14
108	2
112	2
116	7
118	9
121	14
123	8
124	8
125	6
127	5
128	9
129	2
130	6
133	10
135	11
138	12
141	11
143	3
145	1
148	2
149	1
150	4
152	7
153	7
156	5
159	6
160	4
161	7
164	12
165	3
166	11
167	15
168	11
170	1
174	15
177	13
179	3
181	11
182	10
184	4
186	13
187	3
188	1
191	6
192	10
194	4
195	12
196	15
198	10
199	1
Market 138
2	13
7	6
9	6
10	9
13	10
16	9
19	4
20	13
22	15
27	1
29	13
31	11
39	13
40	14
43	6
44	12
45	6
47	4
49	1
50	5
52	13
56	14
57	3
59	10
60	12
61	13
63	8
64	2
69	14
79	5
81	6
83	15
88	1
90	8
91	15
92	4
93	1
95	3
97	3
98	2
99	5
101	12
102	7
105	9
106	6
107	14
110	3
111	3
115	6
120	2
121	1
122	2
123	6
124	1
125	12
128	1
130	6
131	10
132	9
133	12
139	14
140	13
142	8
143	13
145	9
146	1
147	12
149	7
150	11
153	12
156	12
157	8
160	11
163	8
164	6
165	6
166	10
167	4
170	7
171	11
173	6
177	15
178	10
179	10
181	12
182	9
183	2
184	5
185	1
186	12
187	7
188	11
191	8
194	10
195	1
196	12
198	12
199	11
Market 140
5	3
6	7
7	7
9	5
10	15
11	10
12	15
13	12
16	6
18	6
19	12
20	2
22	10
24	1
25	11
26	11
29	1
30	15
34	7
35	8
38	13
39	1
40	8
41	3
43	4
44	6
46	12
47	9
48	3
50	2
55	7
56	12
57	14
60	11
61	13
62	10
63	12
66	13
72	5
78	8
79	1
81	11
86	12
87	11
88	6
89	15
90	3
94	8
95	15
96	13
97	10
98	1
99	14
100	8
101	7
102	3
103	4
104	8
105	5
106	8
107	3
109	9
116	10
117	5
118	2
119	11
121	5
123	15
124	12
125	5
128	5
129	7
130	2
131	8
132	4
133	9
137	12
138	3
139	4
140	13
142	7
144	12
145	15
148	1
149	9
150	15
151	6
152	2
153	2
156	4
157	1
159	14
160	14
161	14
163	12
164	5
166	14
167	5
168	3
169	4
170	3
173	12
175	4
177	2
178	4
179	2
181	6
182	15
183	15
184	7
185	14
186	9
187	2
188	6
191	15
193	3
194	5
195	5
196	9
197	14
198	6
199	10
Market 16
5	15
6	4
8	15
9	4
10	5
11	12
12	10
13	5
15	7
18	9
19	15
20	1
24	7
25	2
29	3
34	3
35	14
39	1
40	4
42	1
43	15
45	15
47	8
48	15
50	5
55	3
56	6
61	12
62	12
66	12
72	4
75	12
76	8
79	8
81	8
85	7
88	8
94	9
96	6
97	7
102	1
103	5
104	14
105	11
107	9
108	5
111	9
116	5
117	10
121	13
123	11
124	6
129	13
130	7
132	8
136	1
137	11
138	13
140	14
143	14
144	15
145	15
150	9
151	14
152	13
153	15
159	1
160	9
161	3
164	10
165	15
166	2
168	8
169	10
170	14
173	13
175	13
177	8
178	8
179	15
181	4
184	9
186	3
187	10
188	11
191	14
193	12
195	2
198	4
Market 145
7	3
8	12
9	3
10	7
13	4
15	15
16	10
17	12
20	7
22	1
27	6
28	7
29	3
32	6
34	2
38	9
39	13
40	5
43	5
45	1
46	15
49	8
50	10
52	4
56	2
57	5
58	12
61	14
66	13
69	6
79	1
81	11
88	6
90	7
91	12
94	11
95	10
97	6
99	15
101	9
105	6
106	5
111	9
112	14
115	11
117	11
120	3
121	15
123	12
126	7
127	10
128	14
130	3
132	2
135	4
140	6
143	9
148	10
150	6
153	7
155	13
156	5
158	12
159	11
160	7
161	8
164	3
165	5
167	9
168	12
169	9
171	5
172	10
173	9
174	10
177	4
178	1
179	14
183	8
184	12
186	14
187	13
188	1
190	1
192	14
193	6
195	11
196	5
198	3
199	1
Market 96
5	11
8	12
10	11
14	7
15	2
16	6
18	12
19	12
20	2
21	5
24	9
27	3
28	3
29	14
30	4
34	9
38	6
39	12
40	14
45	12
46	14
47	12
49	8
50	3
55	1
57	6
58	10
59	13
61	6
64	9
66	8
74	4
79	5
80	8
81	9
85	7
88	11
89	5
90	14
91	3
94	5
95	7
96	3
99	12
102	5
104	5
105	5
106	15
107	13
111	4
112	11
114	2
116	1
120	12
121	4
123	8
125	3
126	5
127	4
128	4
129	12
132	2
133	13
140	11
142	3
143	9
144	11
145	8
147	11
148	8
149	9
151	14
153	1
154	8
156	6
159	3
161	1
163	15
164	13
166	10
167	9
169	10
171	5
172	14
173	3
177	7
178	12
179	2
181	1
182	9
183	15
184	7
186	10
187	4
188	13
189	13
191	12
193	11
195	8
196	12
198	14
200	5
Market 14
5	11
7	3
8	13
9	15
10	9
13	14
14	9
17	10
18	10
19	15
20	6
22	13
24	8
25	6
27	2
29	1
32	6
34	13
38	9
39	13
40	4
43	8
44	11
45	9
47	8
49	1
50	5
55	6
56	3
57	9
61	11
63	9
64	3
66	12
79	1
81	13
88	11
90	3
91	3
92	12
93	6
94	3
96	2
97	15
99	1
100	2
102	1
104	6
105	12
107	9
110	4
111	12
116	3
120	6
121	7
123	6
124	8
127	11
129	2
130	15
131	7
132	14
135	5
139	10
140	12
144	5
146	1
147	15
148	14
150	13
151	10
153	8
156	4
158	9
159	11
160	12
161	2
164	9
166	8
167	1
168	12
170	13
171	6
173	9
174	13
177	15
178	8
179	14
181	6
182	12
183	6
184	3
186	14
187	4
188	12
192	11
193	15
194	15
195	11
198	3
199	12
Market 67
2	6
3	11
5	15
9	7
15	3
16	1
17	1
18	2
20	2
24	1
29	1
32	3
33	9
34	1
39	4
42	1
45	15
46	6
47	5
50	9
52	6
54	2
55	11
60	12
61	9
66	14
69	14
72	7
83	8
84	1
85	12
88	11
91	11
94	3
96	10
99	15
101	10
102	8
104	7
107	14
112	15
115	3
116	7
127	11
128	4
129	15
130	6
135	8
136	12
140	7
143	4
144	9
148	15
150	9
151	11
156	12
157	7
158	8
159	10
160	4
161	14
164	11
165	8
166	2
167	3
168	10
170	14
172	4
173	12
174	5
175	10
177	2
178	15
181	5
183	9
186	5
187	5
188	8
189	13
191	2
192	5
194	15
195	14
196	9
197	11
198	13
Market 132
5	7
6	12
9	2
10	14
11	5
12	7
16	13
18	1
22	4
24	7
25	11
29	9
35	5
39	4
40	9
43	12
46	3
47	12
50	11
55	2
56	15
62	12
66	12
74	10
75	13
76	1
81	9
85	11
86	5
94	10
96	10
100	2
102	11
103	5
105	15
107	4
117	12
118	10
123	15
124	11
128	3
130	13
132	3
138	8
141	1
144	1
152	15
156	1
160	1
161	6
165	8
166	7
167	1
169	5
170	10
173	8
177	13
179	11
181	14
182	6
184	8
187	1
191	12
193	9
194	1
198	13
Market 99
5	13
9	1
10	9
12	6
13	2
16	11
18	14
19	8
20	6
21	1
24	9
25	7
29	4
34	10
39	2
43	11
45	14
46	9
48	2
50	9
55	3
56	14
59	12
61	10
62	14
66	2
74	10
85	11
87	8
89	5
90	3
91	12
94	9
96	14
97	12
100	1
101	14
102	2
107	7
108	3
116	5
117	15
121	13
123	15
127	12
130	8
132	3
136	3
137	7
138	2
141	1
144	9
145	15
148	13
152	4
156	6
160	10
161	8
163	9
164	12
165	2
166	3
169	15
170	5
173	3
177	5
178	9
179	9
181	6
182	1
184	7
187	11
191	3
193	1
194	6
195	11
196	8
198	9
Market 59
3	4
5	5
6	12
7	11
9	15
13	7
16	5
17	3
18	15
19	13
20	7
22	15
24	5
25	2
27	14
32	10
34	1
36	8
38	9
39	5
40	8
41	1
43	15
44	11
46	11
47	6
48	10
49	14
50	9
54	6
56	2
61	6
63	12
71	7
72	11
76	7
79	7
84	13
87	13
88	15
89	4
90	8
91	4
92	3
94	14
96	14
99	15
102	9
104	6
106	15
107	1
108	5
111	1
116	10
120	4
123	6
124	3
125	2
128	9
129	15
130	2
131	6
135	1
138	11
140	9
143	8
144	6
145	15
146	5
149	14
150	9
152	11
153	12
158	1
159	3
160	12
164	15
165	14
166	5
167	12
168	4
170	4
174	10
177	14
178	6
179	9
181	14
182	14
183	1
186	15
187	2
188	1
191	4
192	5
194	6
196	3
198	5
199	10
Market 41
5	5
6	9
8	11
9	5
10	7
11	7
12	8
13	4
15	13
18	6
20	5
24	12
25	4
27	5
29	6
34	3
38	5
39	3
43	3
47	3
48	6
49	13
50	4
56	2
57	3
58	5
62	4
64	1
66	4
75	3
79	3
85	12
86	14
88	9
90	5
91	15
94	3
96	7
97	4
99	7
100	5
102	11
104	6
105	12
107	6
111	15
112	5
117	7
120	9
121	9
124	2
125	6
127	13
130	3
132	5
136	7
140	1
144	3
145	15
147	7
148	14
151	5
152	9
153	7
159	14
160	15
161	14
165	7
166	8
167	5
169	4
170	14
171	12
177	5
178	12
182	1
183	4
184	11
187	10
188	4
193	6
195	2
198	6
Market 111
2	11
5	14
9	14
10	3
11	8
13	15
16	5
19	13
20	2
21	15
22	10
25	12
29	12
30	7
32	9
34	2
39	3
43	12
45	5
46	9
47	14
48	12
50	6
52	2
56	12
59	5
60	13
61	1
62	7
63	4
66	7
69	13
75	10
81	7
83	4
86	15
88	9
89	1
90	14
91	8
95	13
97	14
99	3
100	12
101	9
102	11
104	12
105	7
107	11
114	10
115	12
116	9
117	2
121	2
122	13
123	11
125	5
128	3
129	11
130	6
132	13
133	6
135	3
137	10
138	14
140	8
141	2
142	6
143	9
145	13
148	3
149	8
150	4
158	7
159	5
160	7
161	1
163	9
165	12
166	15
167	12
169	2
170	14
173	13
177	1
178	2
179	7
180	6
181	15
182	11
186	8
187	11
188	7
191	6
193	14
194	10
195	1
196	3
198	12
Market 100
3	9
10	3
11	12
17	3
18	9
22	10
24	10
25	1
33	1
34	4
39	6
40	4
42	5
43	5
45	14
46	4
47	12
48	6
55	10
56	9
61	8
62	8
71	13
72	4
75	3
76	6
84	11
85	8
86	1
87	6
88	8
90	2
95	7
96	13
97	14
99	7
101	3
102	5
103	1
104	10
107	5
108	10
115	6
116	9
117	10
123	14
124	6
128	9
129	5
130	4
132	6
135	4
136	10
137	7
138	14
140	2
144	5
145	2
150	12
160	14
161	7
164	3
165	10
166	9
168	3
169	13
170	6
174	11
175	3
177	3
178	10
181	4
183	9
186	13
187	6
188	4
192	12
194	7
196	2
197	11
Market 108
5	15
9	5
10	14
16	2
18	6
19	7
20	7
24	10
34	8
40	11
41	1
42	6
43	14
46	11
47	7
55	3
56	13
61	13
72	4
79	11
84	13
85	8
88	6
89	8
90	3
91	6
95	6
96	4
97	12
101	14
102	14
104	15
116	4
123	15
128	12
135	9
136	1
144	15
150	4
151	1
159	11
163	11
164	15
165	11
167	6
168	1
169	10
170	10
173	13
174	14
177	14
178	8
179	13
181	3
186	1
187	15
188	5
191	13
192	12
193	10
194	12
196	14
197	13
198	8
Market 129
5	6
8	2
9	12
10	1
15	1
19	1
20	10
22	13
24	8
27	1
28	11
29	2
34	7
38	7
39	12
43	11
45	9
47	14
48	10
49	12
50	1
56	14
57	6
58	1
59	2
61	13
64	6
66	4
79	9
81	12
87	12
89	12
90	11
94	2
96	3
97	9
99	12
100	10
102	4
104	15
105	15
107	11
111	6
114	4
117	4
120	1
121	8
125	9
126	9
128	1
130	1
132	6
135	5
140	14
141	1
145	9
147	10
148	4
151	11
153	13
155	5
156	8
159	14
160	11
161	9
165	15
166	4
167	6
169	8
170	15
171	15
173	8
177	2
178	6
179	6
181	8
182	7
183	9
184	9
187	13
188	11
191	2
195	7
196	15
198	3
200	15
Market 32
2	14
5	12
6	10
8	10
10	1
12	4
13	11
17	1
19	10
20	14
24	6
25	11
27	9
32	14
34	10
35	15
36	3
38	1
39	14
40	14
43	9
45	11
47	11
48	13
49	15
56	9
57	15
61	1
62	3
63	11
64	10
76	11
79	5
83	7
86	13
87	3
88	12
90	10
91	4
93	2
94	3
95	15
97	12
99	6
101	11
102	8
103	1
104	8
106	8
107	9
108	12
111	11
118	9
120	11
123	15
124	11
125	15
128	5
132	2
135	5
138	14
140	5
143	2
144	9
145	3
147	12
150	2
151	1
152	10
153	14
158	6
159	15
161	3
164	2
165	14
166	13
167	14
168	12
170	6
171	3
174	4
177	6
178	5
180	15
181	11
182	14
183	15
186	4
187	4
188	2
193	8
194	9
196	3
198	2
199	12
Market 120
3	14
8	10
9	12
10	2
15	3
17	7
20	1
21	5
29	5
32	14
39	9
40	1
46	7
47	1
50	11
58	1
59	15
61	15
65	1
66	15
79	1
81	9
83	10
88	2
90	11
94	5
96	12
99	1
100	13
101	1
102	11
104	10
105	1
106	14
111	5
114	10
116	12
121	14
123	7
127	7
128	10
135	6
140	9
141	10
143	11
148	9
150	1
153	6
156	11
158	1
161	1
164	7
166	1
167	15
168	10
172	7
173	13
174	10
178	13
179	5
181	13
183	11
184	15
186	12
188	5
191	14
192	13
195	12
196	1
Market 121
5	3
7	11
8	2
10	4
13	3
15	15
16	5
18	12
19	14
20	1
24	15
28	10
34	14
38	11
39	1
41	5
45	6
46	10
47	2
48	13
49	1
55	14
57	14
61	9
64	6
72	5
79	7
85	1
89	10
91	7
93	14
94	1
95	15
96	15
97	1
99	6
102	15
104	12
107	5
111	13
116	6
120	9
123	1
125	13
126	14
128	4
129	2
132	6
135	10
140	5
144	4
145	5
147	6
150	4
153	13
160	15
161	14
164	12
166	1
167	12
168	10
170	9
171	10
173	1
177	11
178	5
181	8
182	14
183	8
188	5
191	5
193	15
195	2
196	7
197	7
198	11
199	1
Market 23
5	15
6	14
7	9
9	1
10	1
13	13
16	3
19	3
22	10
25	2
26	8
27	5
34	1
36	11
37	2
38	6
40	12
43	9
44	5
46	1
47	3
48	14
49	13
50	12
56	1
57	1
61	15
63	2
79	7
88	6
89	12
90	2
91	13
92	8
95	7
97	14
98	15
101	7
102	3
103	3
104	11
107	3
108	4
109	13
118	12
119	5
120	12
123	9
124	4
125	8
128	14
130	4
131	12
139	3
144	9
145	1
151	13
152	11
153	12
157	13
159	2
160	14
163	11
165	9
166	3
167	5
169	5
170	9
173	4
177	14
178	2
179	15
181	12
182	5
187	8
188	10
191	6
193	7
194	10
196	9
198	6
199	8
Market 57
5	12
6	7
7	8
9	15
12	2
13	7
18	3
19	2
20	13
22	2
24	7
25	8
27	6
32	12
34	3
36	9
38	10
40	15
43	14
44	11
46	14
47	11
48	6
49	4
50	3
55	15
56	9
57	4
61	12
62	14
63	4
74	5
75	12
76	2
79	10
81	5
83	14
86	10
87	5
88	13
90	9
91	12
92	5
96	3
97	10
99	1
102	9
103	1
104	15
106	2
107	8
108	5
110	11
116	7
117	9
118	5
120	12
121	9
123	1
125	6
129	15
131	3
135	14
136	3
138	13
139	12
143	5
144	11
145	5
146	7
150	15
151	13
152	9
153	13
159	2
160	9
164	15
165	15
167	8
169	2
170	9
177	7
182	1
183	2
186	10
187	1
188	7
193	11
194	12
196	11
198	3
199	9
Market 30
7	10
8	7
9	6
10	13
13	9
14	12
15	8
17	15
19	14
20	5
22	2
25	6
28	11
32	14
34	10
38	14
39	7
40	5
43	14
44	15
45	14
47	12
48	12
49	1
56	4
57	13
58	5
61	13
63	2
64	7
79	3
83	9
88	9
90	5
91	9
92	6
93	1
94	13
97	3
99	8
102	4
103	9
104	8
106	11
107	8
111	8
120	1
121	9
123	11
125	12
126	14
131	10
132	3
135	12
140	10
143	7
145	8
146	1
147	11
148	1
150	10
153	7
156	7
158	14
159	15
160	6
161	2
164	6
166	11
167	9
168	9
170	8
171	10
174	3
178	3
181	5
182	15
183	13
186	5
187	2
188	15
192	9
194	6
195	13
198	14
199	10
Market 83
2	5
5	3
7	11
9	11
10	12
11	10
13	13
16	5
20	6
22	11
24	6
34	5
42	7
43	12
46	10
47	4
48	5
50	3
55	13
60	7
61	5
63	8
69	5
72	5
74	15
85	3
87	6
89	14
90	9
91	3
95	9
96	14
101	10
106	1
107	8
115	5
116	14
117	10
122	13
123	8
125	2
129	7
130	9
136	4
144	8
145	4
150	2
151	4
153	6
159	8
160	2
163	13
164	1
165	3
166	2
167	14
168	8
169	3
170	11
173	9
175	1
178	1
179	15
181	12
182	13
186	13
187	7
188	5
191	3
193	13
196	2
197	3
198	3
Market 123
6	5
8	12
9	13
10	7
12	2
15	14
18	5
19	10
20	6
24	11
25	2
27	1
28	6
34	15
35	13
36	2
38	6
39	3
42	10
43	3
45	14
47	3
49	12
50	10
55	11
56	14
57	11
61	5
62	7
66	13
72	5
75	4
76	9
79	13
85	3
86	13
87	3
88	1
90	10
91	3
94	7
96	15
97	1
99	7
102	15
103	13
104	2
105	6
107	2
111	10
118	8
120	14
121	2
123	14
124	4
125	12
127	5
129	7
130	15
132	5
136	13
138	8
140	4
145	13
148	3
151	5
152	2
153	7
156	15
160	4
161	13
164	8
165	9
166	10
167	7
168	2
177	12
178	3
181	13
182	3
184	13
186	9
187	1
188	2
193	7
194	11
195	1
198	3
Market 46
6	14
8	15
9	14
10	6
12	6
15	15
19	1
22	1
28	4
35	8
36	10
39	9
40	11
43	9
45	5
46	5
47	8
48	6
49	4
50	5
56	13
58	12
61	6
62	9
64	14
66	11
76	1
79	4
80	14
86	10
87	12
88	6
90	14
94	11
95	10
97	11
99	14
101	13
102	12
103	12
104	3
106	13
107	5
108	7
112	10
115	13
118	8
120	12
124	9
126	11
127	12
128	6
130	3
132	14
138	11
145	12
148	3
153	13
156	13
160	14
166	15
167	3
170	15
171	14
172	4
177	12
178	13
181	12
182	5
183	12
184	3
187	8
188	14
189	2
194	8
195	3
196	4
198	10
Market 82
2	6
5	14
7	12
9	11
10	5
11	12
12	3
16	10
19	13
20	10
22	13
25	11
26	6
34	1
35	2
38	3
40	7
44	1
45	13
46	1
47	4
48	1
50	6
52	13
56	8
57	1
60	6
61	6
63	11
66	7
69	14
75	1
76	5
78	13
81	13
83	12
86	8
87	3
88	14
89	10
91	10
94	15
95	8
96	5
97	9
101	13
102	10
103	13
104	14
106	11
107	2
115	15
117	8
118	10
122	2
124	8
125	15
128	8
130	14
131	2
132	7
133	6
135	8
138	3
140	7
143	14
144	8
145	5
150	13
152	11
153	4
157	10
160	2
161	1
163	4
165	14
166	2
167	13
169	3
173	2
177	13
178	10
179	4
181	13
185	14
187	9
188	7
191	8
193	15
194	13
195	1
196	6
198	9
199	1
Market 24
2	9
6	10
8	12
10	6
13	9
16	1
20	4
22	13
25	4
28	13
31	6
34	4
36	9
39	7
40	12
43	5
45	8
46	15
48	4
49	11
50	13
52	13
58	6
60	13
61	14
62	7
64	5
69	9
75	8
76	5
83	10
86	9
88	7
89	7
90	5
91	11
94	14
95	6
96	5
97	14
99	5
101	1
102	3
103	2
104	7
106	1
107	6
108	11
111	8
115	8
117	10
118	14
121	13
123	9
124	9
126	5
127	3
128	8
130	7
132	8
135	15
138	15
143	8
145	13
148	9
150	11
152	2
156	5
157	12
159	8
160	14
161	9
163	4
164	10
165	1
167	14
169	6
170	4
171	15
173	14
177	8
178	1
179	15
181	6
182	11
187	5
188	14
191	10
193	2
194	6
195	8
198	9
Market 50
5	1
6	5
10	7
11	11
13	4
16	12
17	6
19	8
22	2
24	7
25	15
32	7
33	3
34	13
36	2
40	11
42	13
43	9
46	14
47	9
54	6
55	8
56	13
60	6
61	1
63	15
71	6
72	5
74	12
76	2
83	5
84	6
85	15
87	14
90	6
91	8
96	12
97	14
101	10
102	11
103	13
104	15
106	2
107	2
108	13
115	1
116	8
118	4
122	1
123	8
124	12
128	8
129	1
130	14
132	11
135	1
136	10
138	1
145	14
150	4
151	1
152	3
153	1
157	10
159	6
160	13
161	11
164	11
165	2
166	7
167	9
168	9
169	6
173	6
174	4
175	12
177	4
179	11
182	7
185	9
186	14
187	14
188	7
191	4
192	2
193	9
194	8
197	1
198	10
Market 104
8	5
9	10
10	6
15	15
16	15
20	2
28	6
30	6
34	2
39	10
40	5
45	11
47	9
50	11
57	8
58	1
59	3
61	14
64	6
65	3
66	12
79	1
81	1
88	12
89	8
90	7
94	6
95	14
96	1
99	5
101	6
102	1
104	15
105	3
107	11
111	2
114	3
120	10
121	10
126	14
127	1
128	12
132	8
133	1
140	8
147	9
148	4
149	11
150	15
153	5
156	11
159	6
161	11
163	6
166	4
167	6
171	2
172	9
173	8
178	9
179	2
181	13
183	1
184	2
186	4
195	10
196	9
198	10
Market 84
2	1
3	13
8	5
10	6
15	10
16	10
17	9
20	1
22	5
24	8
32	2
33	15
39	12
40	11
45	11
46	14
47	6
49	7
50	9
52	6
53	15
57	11
58	13
61	8
64	15
70	9
71	14
79	10
83	3
84	10
88	15
89	5
90	8
91	8
94	4
95	14
96	14
99	15
101	7
102	3
104	10
107	2
111	5
115	2
116	15
121	7
123	14
127	5
128	12
129	14
132	2
135	4
140	4
143	3
147	5
148	12
150	13
153	5
156	1
158	3
159	3
161	7
164	12
166	5
168	8
170	10
171	7
173	9
177	8
179	1
180	8
181	7
182	13
183	9
186	11
188	2
191	14
192	14
194	12
196	9
197	8
Market 51
3	2
5	3
9	13
10	8
17	4
18	15
19	4
20	9
21	12
24	4
25	8
32	1
33	15
34	9
36	4
39	3
43	8
45	4
46	3
47	4
48	7
53	3
54	7
55	8
56	7
61	11
71	3
72	14
76	8
81	12
83	13
84	14
89	9
90	13
91	2
94	1
95	10
96	4
97	1
101	13
103	13
104	5
105	11
106	14
107	13
108	12
116	11
118	11
121	12
123	6
128	2
129	11
130	5
132	6
135	12
138	14
143	8
144	4
145	12
148	5
150	10
152	5
157	13
158	12
160	15
161	14
163	13
165	9
167	8
168	13
170	2
173	12
174	10
177	12
181	5
182	3
184	6
186	7
187	3
188	7
191	8
194	15
196	12
197	3
198	12
Market 8
5	15
6	14
9	3
10	6
11	4
12	12
16	15
17	4
18	4
19	13
20	12
22	11
24	5
25	14
29	3
34	10
39	6
40	3
43	10
46	9
47	8
48	11
50	2
61	7
66	9
74	3
75	3
79	15
85	10
86	8
88	7
89	15
90	15
91	9
94	9
96	8
102	13
103	11
104	7
105	9
107	7
116	2
117	6
121	6
123	5
124	6
128	3
129	6
130	2
132	12
135	10
136	15
138	13
143	15
144	12
145	15
150	5
152	11
158	14
159	2
165	7
166	8
167	12
169	14
173	9
174	9
177	14
178	6
179	13
181	2
182	7
186	12
187	4
188	10
191	3
192	14
193	13
196	3
197	5
198	12
Market 11
2	5
5	3
7	15
9	5
10	2
13	10
15	15
16	9
18	13
19	9
20	5
22	4
24	10
26	1
30	8
31	12
34	12
38	13
39	6
40	2
43	8
44	12
45	7
47	2
48	3
50	8
55	6
57	8
60	12
61	9
63	7
66	9
67	15
69	9
74	13
78	2
81	7
83	7
85	10
87	8
88	15
89	6
90	5
91	13
94	12
95	10
96	8
98	10
101	1
102	12
104	12
106	11
107	12
109	6
115	11
116	8
120	9
121	11
122	7
124	7
128	1
130	9
131	12
132	2
133	5
135	5
136	4
139	1
140	11
142	7
143	15
144	2
148	2
149	11
150	11
151	1
153	4
156	1
157	4
159	4
160	13
161	8
163	12
164	6
165	8
166	5
167	12
169	9
170	6
173	15
177	3
178	3
179	1
181	10
185	14
187	2
188	4
193	3
194	9
195	8
196	10
198	14
199	14
Market 21
5	15
6	13
8	6
9	1
10	5
16	11
18	2
19	12
24	4
25	11
28	5
29	6
30	11
34	5
36	7
38	8
39	4
40	2
43	1
46	2
48	13
49	5
50	12
57	9
58	2
61	5
63	12
66	1
74	12
76	14
79	9
81	10
85	10
87	1
88	7
89	4
91	14
94	8
95	5
96	7
97	4
99	5
100	14
102	13
104	9
105	6
107	1
108	3
112	13
117	1
118	3
120	14
121	9
123	14
124	10
126	14
127	11
128	14
132	14
133	7
136	15
138	1
140	3
142	4
145	2
147	4
148	2
149	4
151	6
152	4
153	11
156	14
159	10
161	4
165	6
166	7
167	1
168	15
169	4
170	3
171	15
173	12
177	4
178	2
179	15
181	15
182	9
183	12
184	2
186	14
187	4
191	6
193	3
194	7
195	5
196	14
198	2
Market 44
2	11
3	11
5	2
9	9
10	8
15	10
16	6
17	5
20	4
21	1
22	14
29	2
30	8
31	15
32	15
34	3
39	6
40	9
45	9
46	3
47	2
50	7
52	15
53	15
56	5
59	3
61	10
66	15
67	1
71	1
81	13
82	11
83	10
88	8
89	2
90	5
91	11
94	1
95	14
96	12
97	15
100	12
101	10
102	10
105	10
106	1
107	3
114	14
116	11
121	14
122	2
123	12
128	4
130	6
132	6
134	1
141	7
142	14
143	5
145	9
148	8
149	14
150	14
156	7
157	8
159	6
161	12
163	14
164	13
167	1
168	7
173	6
177	5
179	15
181	3
182	12
184	4
185	10
186	13
191	9
192	14
195	12
Market 62
6	3
8	7
9	8
12	9
13	5
15	2
16	10
19	5
20	10
21	8
25	3
28	9
29	5
38	13
39	13
43	8
45	9
46	11
47	15
48	5
49	2
56	6
57	12
58	13
59	13
62	8
64	7
66	3
76	12
79	13
80	9
89	1
90	15
91	11
94	9
99	9
100	7
102	8
103	9
104	13
105	7
107	15
111	9
112	6
113	2
114	1
118	3
120	3
121	4
124	6
125	10
127	6
128	3
130	15
132	14
138	7
140	4
141	9
143	8
145	3
147	15
148	9
152	14
153	7
160	6
161	11
165	1
166	6
167	7
170	7
171	4
172	4
173	12
177	15
178	11
179	7
182	1
183	4
184	4
187	15
188	10
189	7
191	11
194	13
195	6
196	6
198	6
200	3
Market 119
3	3
5	4
8	5
15	15
16	15
17	4
18	6
22	8
24	6
28	9
29	9
30	8
34	5
38	8
39	7
40	15
45	13
47	14
49	2
50	2
54	7
57	8
58	15
59	1
61	5
64	7
66	15
79	10
81	8
88	8
89	7
91	4
95	10
96	10
100	7
101	5
102	2
105	4
106	7
107	10
111	10
114	10
116	3
120	13
121	5
123	7
125	9
128	6
129	10
130	5
133	1
135	12
140	9
141	1
142	7
144	12
147	14
149	15
150	2
153	7
156	10
163	7
164	4
166	8
167	13
173	11
174	10
177	11
178	8
179	8
181	4
182	15
183	6
184	12
186	1
191	11
195	5
196	3
197	4
200	1
Market 85
2	12
7	9
9	13
10	7
13	14
16	11
17	10
19	4
20	5
22	2
27	5
31	3
32	8
38	13
39	1
40	10
46	1
49	2
50	9
51	10
52	12
56	14
57	7
60	3
61	10
68	3
69	7
79	12
82	4
83	14
89	3
90	13
91	15
92	3
94	8
95	13
97	7
98	3
101	3
104	9
106	3
107	1
110	8
115	6
120	12
122	2
123	11
125	13
128	8
130	4
131	1
134	3
135	7
139	4
143	10
145	15
146	1
150	13
153	1
157	5
158	1
160	6
163	13
164	7
166	5
167	13
168	11
170	3
173	10
177	11
178	6
179	10
180	3
182	14
183	12
185	10
186	10
188	11
191	11
192	14
194	10
196	5
199	9
Market 7
5	1
6	11
8	12
9	12
10	4
12	8
13	5
15	15
16	3
19	1
20	15
22	10
24	1
25	6
26	5
28	3
34	9
37	4
40	15
43	6
45	11
46	12
47	7
48	5
49	13
50	11
56	11
58	8
60	6
61	13
62	3
64	3
66	9
76	8
79	4
81	4
84	1
87	3
88	14
90	5
91	14
94	7
95	13
96	2
97	6
99	5
100	9
101	13
102	10
103	1
104	7
105	15
106	7
107	6
108	6
111	1
118	1
119	6
120	9
121	15
123	9
124	2
125	13
129	9
130	10
132	7
135	8
140	1
141	5
142	14
144	12
145	14
147	4
149	6
150	6
152	15
153	5
156	13
157	10
159	5
160	9
163	14
164	9
165	10
166	10
167	12
168	4
171	12
173	6
177	3
178	9
179	4
181	4
182	9
183	2
184	4
186	2
187	1
188	12
191	8
194	9
195	8
196	9
197	10
198	4
Market 26
2	8
5	13
7	3
10	1
13	9
15	6
16	5
17	7
18	4
19	5
20	6
22	7
24	6
27	15
32	7
34	13
38	8
40	12
41	3
44	14
45	2
46	13
47	4
48	9
49	5
54	2
57	13
61	3
63	1
70	2
71	9
72	15
79	5
83	5
84	5
88	14
90	1
91	13
94	2
96	8
97	5
99	7
101	10
102	15
104	10
106	3
107	10
115	3
116	15
120	13
121	11
123	5
125	3
128	3
129	4
132	6
135	5
140	14
143	11
144	12
150	8
151	2
153	8
158	10
159	5
163	11
164	13
166	7
167	13
168	2
170	6
173	7
174	15
178	6
180	1
181	9
182	14
183	14
186	14
188	10
191	9
192	12
193	1
194	4
195	8
196	12
197	4
199	14
Market 6
5	15
7	15
9	10
10	8
15	3
18	14
20	7
24	3
27	13
29	10
38	15
39	2
40	4
44	2
45	5
47	4
49	4
50	14
54	5
57	3
58	8
61	13
63	3
64	10
66	1
71	10
79	1
84	13
88	14
90	2
92	2
94	12
96	10
98	4
99	4
100	1
102	7
104	5
105	9
109	13
111	6
112	9
116	3
120	12
121	2
123	15
125	6
127	5
129	12
131	2
132	15
135	5
139	6
143	10
144	10
145	3
146	8
148	8
150	13
153	4
159	9
160	5
161	13
166	7
168	15
170	7
171	2
172	3
174	1
178	1
181	13
182	13
183	12
184	8
186	15
190	12
193	14
194	13
195	5
197	9
198	13
199	10
Market 17
7	2
9	2
10	13
11	13
13	5
16	14
18	5
19	10
21	4
22	11
24	5
29	12
34	6
38	4
39	10
40	2
42	14
44	5
45	1
46	14
47	13
49	13
50	5
55	8
57	10
58	5
59	3
61	14
72	12
74	9
79	4
85	12
86	7
87	11
88	9
90	14
91	14
94	1
96	8
97	2
98	6
101	8
102	9
105	6
107	5
109	14
112	10
114	10
116	12
117	13
120	4
121	10
123	13
124	10
125	1
127	10
128	2
129	1
130	3
132	1
133	2
135	9
139	12
142	7
143	8
144	3
148	6
149	2
150	2
151	10
153	13
156	13
159	1
160	5
161	15
162	9
164	6
165	11
166	8
167	1
168	6
169	11
170	12
173	3
175	11
177	2
179	6
181	5
182	11
184	7
186	9
188	15
191	3
193	13
194	13
196	4
197	15
198	12
199	9
Market 33
3	13
5	7
9	4
10	3
11	11
13	9
17	2
18	9
19	8
20	2
22	1
24	6
25	7
27	2
29	2
32	1
34	13
38	7
39	5
40	10
47	10
49	9
50	2
55	2
56	10
57	4
62	2
63	9
66	11
71	10
72	4
74	14
75	1
79	2
81	2
83	14
85	11
86	15
88	8
90	14
91	4
94	5
96	8
97	14
99	1
100	1
102	14
104	4
105	4
106	14
107	5
111	2
116	15
117	14
120	2
121	11
123	15
124	15
125	1
129	7
130	12
132	14
135	15
136	15
137	7
140	1
141	6
143	13
144	4
145	9
148	12
150	2
151	9
153	15
156	15
158	2
159	8
160	1
164	12
165	12
166	13
167	14
168	2
169	5
170	6
173	13
174	7
177	8
178	6
179	6
181	6
182	1
183	8
184	12
186	13
187	2
188	6
191	9
192	8
193	1
194	3
197	1
198	9
199	13
Market 75
5	10
6	12
9	4
10	11
12	1
16	10
17	12
18	14
19	12
20	13
21	6
24	13
25	2
30	8
35	3
38	5
39	9
40	13
41	14
42	8
43	12
46	11
47	12
48	15
54	4
55	3
56	11
57	13
59	4
62	1
64	13
66	11
71	2
72	12
76	3
81	6
84	14
85	13
86	6
88	5
89	6
90	4
91	6
95	3
96	1
97	15
99	1
101	12
102	8
103	3
104	5
105	5
111	2
114	4
116	8
118	5
120	7
121	11
124	2
128	4
129	10
130	10
132	7
135	8
136	9
138	12
140	12
142	7
145	15
149	9
150	1
151	4
152	1
153	4
156	5
160	5
163	7
164	9
165	6
166	3
167	12
168	14
169	5
170	9
171	3
173	9
174	13
175	5
177	2
178	11
179	12
181	7
182	6
183	9
184	15
186	13
188	11
192	10
193	14
194	1
195	12
196	15
198	6
Market 94
2	1
3	5
6	6
8	10
9	13
10	1
12	2
15	1
16	8
17	1
19	15
20	14
21	14
22	6
25	1
28	1
29	1
31	1
32	15
39	3
40	8
43	1
45	10
46	12
48	7
50	9
53	2
54	5
56	4
58	3
59	8
60	9
61	5
62	15
64	15
66	2
68	14
70	9
71	8
75	1
76	6
79	15
81	10
82	1
83	14
84	4
86	9
88	4
89	12
91	6
94	13
96	3
97	7
99	13
101	14
102	8
103	4
104	11
105	2
106	10
107	1
111	15
114	2
115	4
116	15
117	9
118	13
121	6
122	15
123	1
124	9
126	8
128	6
129	1
130	10
132	3
133	1
134	1
135	6
137	7
138	2
140	5
142	4
143	12
145	7
148	5
149	2
152	15
156	13
158	15
159	13
161	6
163	2
164	12
165	2
166	9
167	15
168	14
169	4
170	12
171	4
174	9
177	9
178	2
179	3
180	2
181	11
183	13
184	9
185	13
186	14
187	14
188	4
191	4
192	13
193	12
194	11
195	6
196	3
197	4
198	8
Market 58
5	9
7	13
10	15
11	11
13	2
19	5
20	11
24	13
25	11
27	9
34	1
38	4
42	8
43	4
44	14
46	3
47	15
48	3
49	12
55	6
56	13
61	5
62	11
72	11
74	4
79	2
85	2
88	1
90	5
91	9
92	10
96	14
97	15
99	13
101	11
102	4
103	1
104	2
107	15
108	14
116	1
117	5
120	6
123	13
124	13
125	13
128	2
129	7
130	2
136	13
138	5
144	3
145	8
151	15
152	6
153	1
159	2
160	4
164	8
165	12
166	9
167	15
168	4
169	13
170	9
175	10
177	8
178	10
181	14
182	11
183	6
186	4
187	14
188	15
193	9
194	5
196	5
197	9
198	14
199	9
Market 27
2	8
5	5
7	2
10	13
11	2
13	5
16	3
17	13
18	5
20	11
22	7
24	2
31	4
32	7
40	1
43	5
45	11
46	3
47	9
49	5
52	10
53	8
60	9
61	8
69	9
70	13
74	9
79	12
83	4
85	5
88	10
90	5
91	8
95	8
97	6
102	2
104	13
106	9
107	8
115	14
122	11
123	7
124	4
125	6
128	11
130	2
132	14
143	1
151	1
153	14
157	7
158	10
159	1
160	13
161	8
163	2
164	14
165	1
166	14
168	2
169	6
170	14
173	14
174	2
177	4
179	12
180	13
181	15
182	4
185	7
186	7
187	1
188	8
191	14
192	14
193	10
194	15
195	9
196	7
198	14
199	11
Market 88
3	14
8	5
9	10
10	12
13	7
15	1
16	2
17	7
19	15
20	5
22	1
27	9
28	7
32	9
38	15
39	11
40	10
43	8
44	6
45	13
46	9
47	13
48	8
49	15
54	13
57	14
58	12
60	10
61	3
63	7
66	4
71	9
79	3
81	15
83	12
87	1
88	11
90	3
91	9
93	12
94	15
95	5
96	5
97	13
102	15
104	10
108	9
111	11
115	7
116	8
120	6
121	4
122	5
123	4
125	9
126	5
128	11
129	12
132	14
135	13
138	12
143	10
145	12
147	14
148	3
150	13
153	4
157	14
158	9
159	12
160	1
161	12
163	7
164	10
165	12
166	11
167	10
168	14
170	3
171	5
174	13
177	3
179	8
181	12
182	4
183	9
184	6
185	11
186	9
187	3
188	8
191	4
192	12
194	11
195	2
196	11
197	10
198	12
199	15
Market 127
1	7
2	12
5	3
9	12
10	4
11	2
16	8
18	2
20	12
21	13
22	11
24	13
29	3
30	14
31	3
32	13
34	2
39	10
40	1
43	4
45	12
46	4
47	14
50	6
52	7
56	13
58	7
59	9
60	4
61	7
66	13
68	12
69	5
74	10
81	1
82	11
83	10
85	5
89	4
90	12
91	6
94	13
95	2
100	1
101	4
102	4
105	1
106	11
107	6
112	12
114	11
115	13
117	5
121	13
122	7
124	4
127	7
128	13
130	1
132	14
133	8
134	9
135	14
136	8
141	10
142	15
143	4
144	6
148	3
149	8
150	14
151	5
156	3
157	2
159	7
161	2
163	13
164	9
165	15
166	6
167	9
168	3
169	4
173	2
177	10
179	12
181	7
184	8
186	5
187	2
188	1
191	3
193	8
195	10
196	5
198	5
Market 116
3	3
5	15
7	7
10	9
11	13
13	5
17	13
18	1
20	2
22	6
24	10
32	10
34	4
38	7
40	13
42	5
44	4
45	9
54	15
55	7
57	1
58	7
61	11
71	4
72	6
74	14
79	8
83	6
85	5
88	10
90	10
91	4
92	15
102	3
104	2
106	1
107	2
116	10
117	8
120	9
123	15
125	3
129	12
130	7
132	11
135	5
136	12
143	15
148	5
150	12
151	1
153	12
160	12
161	1
165	7
166	15
167	2
169	5
170	12
175	13
177	1
178	5
181	1
186	12
187	10
188	7
192	4
193	10
194	10
195	10
197	5
198	6
199	11
Market 133
4	3
5	9
6	6
9	8
10	9
17	10
19	11
22	13
24	3
25	6
32	7
34	10
39	10
40	11
42	1
43	2
46	5
47	15
50	10
52	5
54	1
56	8
60	12
61	11
62	2
66	6
69	2
71	13
72	12
81	7
83	11
85	7
89	6
90	12
94	13
95	15
96	8
97	2
102	12
104	10
105	9
106	10
107	4
114	10
115	12
116	8
121	1
122	7
124	6
128	10
129	5
130	8
132	15
135	3
143	1
144	10
145	7
150	3
151	8
152	8
158	11
159	5
161	4
163	12
164	12
165	15
167	7
168	2
173	9
174	15
177	13
179	2
180	15
181	10
182	15
186	13
187	9
188	10
192	14
193	8
196	4
197	6
Market 107
5	5
6	5
8	12
10	3
11	4
12	7
13	10
15	10
16	3
17	7
19	9
20	14
22	14
24	7
25	10
29	4
32	6
34	10
36	3
39	12
40	1
43	11
45	9
46	6
47	5
48	1
50	12
56	1
58	9
61	12
62	15
63	3
66	1
74	6
75	1
76	7
79	13
83	6
86	7
87	6
88	2
90	11
91	6
94	12
95	2
97	9
99	7
101	11
102	8
103	12
104	3
106	13
107	12
108	14
111	6
117	6
118	14
121	5
123	9
124	4
125	13
127	3
128	5
130	4
132	15
135	15
137	8
138	13
140	12
143	9
144	6
145	11
148	12
149	1
150	1
151	11
152	4
156	1
158	10
159	5
160	9
161	10
163	12
164	10
165	10
166	8
167	1
168	13
169	3
170	4
172	7
173	7
174	9
177	4
178	10
179	10
181	9
182	15
183	14
186	2
187	13
188	11
192	13
193	8
194	10
195	7
196	1
Market 136
2	10
9	14
10	13
13	11
16	15
19	13
20	1
21	11
29	9
31	11
39	12
40	3
44	13
45	2
46	2
47	6
50	10
51	7
58	6
59	8
60	11
61	10
63	11
66	3
68	7
79	6
81	6
82	8
87	2
89	13
91	6
94	5
95	9
97	2
100	10
101	12
102	14
104	5
105	11
106	14
111	14
112	13
114	1
115	3
120	4
122	2
125	14
127	12
128	10
132	15
133	6
134	6
135	3
140	2
141	13
142	15
143	15
145	5
148	4
149	8
150	12
153	15
156	13
157	6
160	8
161	1
162	15
163	5
166	9
167	11
170	8
173	15
177	8
178	6
179	9
181	4
182	5
183	8
184	7
185	5
188	5
191	5
194	15
195	6
196	13
198	11
199	6
Market 55
2	12
6	5
7	2
8	2
9	6
10	4
12	15
13	4
15	9
19	9
20	8
22	6
24	5
25	14
26	11
27	7
28	3
29	6
38	15
40	7
43	14
44	3
45	5
46	3
47	7
48	5
49	12
50	2
52	3
56	9
57	12
58	15
61	12
62	8
63	8
64	3
66	11
69	11
79	3
80	13
83	6
86	13
87	4
90	14
91	3
92	3
94	3
95	1
96	10
97	12
98	14
99	7
102	2
103	12
104	3
105	3
106	13
107	14
109	12
111	1
112	11
115	15
116	14
120	10
121	14
123	8
124	13
125	4
126	9
127	13
128	2
129	3
131	8
132	13
135	12
139	3
140	15
143	13
144	7
145	8
147	12
148	2
150	8
152	2
156	10
159	15
160	6
161	14
164	11
165	8
167	4
170	3
171	5
172	10
173	10
177	10
178	8
181	1
182	2
186	1
187	3
188	8
189	2
194	3
195	15
196	9
198	5
Market 112
7	15
8	13
9	9
10	15
13	14
15	2
19	5
20	13
25	4
26	4
28	4
29	11
36	11
38	7
39	5
43	2
44	3
45	5
46	8
47	2
48	1
49	4
50	1
56	13
57	12
58	6
61	3
63	15
64	6
76	4
79	4
81	8
87	5
88	5
90	10
91	10
92	9
94	8
97	11
98	5
99	12
101	12
102	10
103	14
104	13
105	3
107	8
108	6
111	2
112	12
118	11
120	4
126	13
127	6
130	9
131	5
132	14
138	11
140	11
145	14
148	15
153	10
155	9
156	9
160	8
161	3
165	14
166	12
167	2
170	13
171	9
172	12
177	14
178	13
181	8
182	6
183	12
184	5
188	1
189	7
194	14
195	12
196	10
198	11
199	3
Market 131
6	10
7	1
9	1
12	3
13	4
15	1
16	12
19	12
20	12
21	13
25	1
29	4
34	13
36	6
39	4
40	4
43	10
45	8
46	3
47	7
48	5
50	11
56	5
59	15
61	3
62	5
63	3
66	15
76	9
81	4
86	8
87	1
88	8
89	5
90	15
91	7
94	5
96	2
97	13
101	8
102	6
103	5
105	8
107	8
108	5
114	15
118	6
121	1
123	13
124	9
125	9
128	8
130	10
132	11
133	13
135	5
138	8
140	11
142	9
145	14
149	14
152	4
153	2
156	14
159	9
160	3
161	3
162	4
164	3
165	15
167	14
173	13
177	10
178	4
179	2
181	5
182	8
184	6
187	9
188	15
191	15
194	9
195	2
196	15
198	13
Market 29
3	13
5	7
9	4
10	15
13	7
15	9
16	11
18	5
19	7
20	7
21	9
24	10
29	10
32	14
34	6
38	6
39	14
40	5
44	9
45	5
46	14
47	7
50	15
53	2
55	10
57	9
58	9
59	5
60	14
61	6
63	9
66	8
71	3
80	15
81	6
83	2
85	15
88	4
89	3
91	14
94	5
95	4
97	15
99	8
100	14
101	8
102	15
104	9
105	10
106	6
107	10
113	1
115	8
116	9
122	7
123	10
125	11
127	8
128	15
131	9
132	8
135	10
136	15
140	4
141	6
143	9
144	3
148	1
150	10
151	4
153	11
156	9
158	14
159	13
160	10
163	10
164	15
166	12
167	2
168	9
170	1
172	15
173	9
177	5
178	5
179	13
181	15
184	7
186	14
188	4
189	2
191	9
192	8
193	8
194	8
195	12
196	1
198	8
199	4
Market 125
3	3
8	9
10	8
11	8
15	7
16	1
18	15
20	1
22	13
24	12
28	13
32	2
34	14
39	13
40	9
41	6
43	5
45	7
46	15
49	7
55	6
58	10
61	14
64	15
71	6
72	2
74	4
79	12
84	1
85	7
88	6
90	14
91	10
94	7
96	10
99	4
102	1
107	2
111	5
116	4
117	15
120	14
123	4
125	4
126	6
129	4
130	1
132	7
135	2
136	13
140	7
143	7
144	14
147	11
148	2
150	1
151	1
153	11
159	13
160	8
161	12
164	11
166	11
168	10
169	4
171	14
173	6
174	5
177	8
178	11
181	1
183	3
186	5
187	7
188	13
191	3
192	14
193	3
194	12
195	7
196	10
197	14
198	12
199	12
Market 126
2	14
3	5
7	6
10	8
13	5
15	4
16	9
17	6
20	3
22	12
29	10
31	9
32	8
38	6
39	12
40	13
43	4
44	8
45	14
46	8
47	15
50	3
52	3
53	6
58	3
61	3
63	10
70	2
81	12
83	13
88	8
89	14
90	8
94	3
95	9
96	10
100	4
101	12
102	13
104	1
105	5
106	1
107	4
112	13
115	14
121	14
122	13
123	1
125	11
127	2
128	12
129	4
130	2
131	10
132	11
135	2
140	9
143	5
148	3
150	5
156	4
157	8
158	2
160	15
161	6
163	1
164	5
166	12
167	5
168	4
170	6
173	2
174	6
177	9
179	6
181	6
182	6
184	4
185	12
186	9
188	7
191	13
192	13
194	2
195	6
196	15
199	15
Market 89
3	3
7	10
8	5
10	3
13	12
15	2
16	1
17	14
19	8
20	14
22	4
26	15
27	9
28	12
32	7
34	8
37	7
38	13
40	4
44	6
47	12
48	2
49	4
50	3
56	6
57	5
58	10
61	9
63	7
64	13
77	15
79	11
87	11
88	10
90	14
91	5
92	12
94	12
96	7
97	8
98	15
99	12
102	14
104	9
107	7
108	8
110	3
111	4
116	7
119	4
120	2
121	4
123	10
125	4
129	3
130	2
131	12
132	7
135	10
138	3
139	1
140	6
143	2
145	3
146	14
148	11
150	10
153	4
156	4
159	5
160	2
161	6
164	12
166	2
167	15
168	10
169	15
171	14
173	6
174	14
177	3
178	7
181	6
186	5
188	4
191	8
192	7
193	9
195	13
197	6
198	6
199	12
Market 110
1	11
7	3
9	5
10	4
19	7
20	7
22	14
26	8
31	1
32	12
37	1
40	11
44	14
45	4
46	10
48	3
52	7
56	5
60	9
61	1
63	15
69	15
78	13
82	4
83	4
87	14
88	2
90	10
94	11
97	10
101	4
102	14
106	1
107	4
108	6
116	12
119	10
122	2
123	13
125	6
128	3
129	13
130	4
132	12
134	13
138	1
142	14
143	3
145	4
149	10
150	12
153	12
159	8
160	7
161	10
163	15
164	13
166	4
167	6
170	13
173	2
177	1
178	10
179	15
181	14
182	6
185	12
186	12
188	6
191	7
194	1
195	11
196	10
199	4
Market 81
2	1
6	3
7	5
10	10
13	9
16	8
20	6
22	2
25	6
26	6
27	1
31	15
36	4
38	6
40	9
44	2
46	3
48	7
49	4
52	10
56	15
57	6
60	3
61	3
63	7
69	14
76	2
78	2
79	2
83	15
87	5
88	12
89	11
90	14
91	1
95	3
97	15
102	2
103	12
106	13
107	13
108	15
109	13
115	1
118	15
119	4
120	15
122	13
125	7
128	4
130	6
131	1
135	1
143	9
145	8
150	6
152	13
153	3
157	8
159	13
160	12
163	4
166	9
167	3
170	5
173	6
177	12
179	2
182	14
185	11
186	13
188	1
191	2
194	11
196	4
198	2
199	6
Market 20
2	14
6	10
8	15
9	7
10	4
15	14
16	14
19	11
20	3
21	15
22	13
28	7
29	8
30	2
39	15
40	3
43	9
45	6
46	10
48	15
49	8
50	2
52	13
56	1
59	2
60	10
61	10
64	6
66	2
69	3
76	12
79	15
81	7
83	11
88	10
90	15
91	2
94	8
95	9
96	12
97	11
99	14
100	13
101	9
103	3
104	5
105	13
106	2
107	9
108	11
111	10
114	10
115	9
118	13
120	5
121	11
126	13
128	4
130	2
132	4
133	9
135	8
138	9
140	11
141	3
142	6
143	9
145	15
147	5
150	1
152	8
153	3
156	15
157	8
160	4
161	2
163	1
165	15
166	6
167	12
170	8
173	2
177	4
178	8
179	1
181	6
182	8
183	6
184	5
187	1
188	3
191	5
194	6
195	3
196	3
198	13
Market 49
5	8
6	1
7	2
10	8
11	3
12	8
13	15
16	4
19	7
20	1
22	3
25	4
27	1
30	1
32	1
34	8
35	4
38	12
39	9
40	8
43	8
44	6
46	11
47	15
48	9
49	8
50	2
56	12
60	11
61	12
62	5
63	11
66	14
75	6
76	3
79	5
81	9
86	2
89	11
90	14
91	6
95	9
96	3
97	14
101	15
102	8
103	13
104	4
105	10
106	12
107	13
108	6
110	14
114	14
117	6
118	8
120	8
121	12
124	14
125	11
128	5
130	3
131	1
133	2
135	12
137	10
138	1
139	1
142	7
145	12
150	7
151	9
152	4
153	14
157	11
158	5
159	3
160	2
164	2
165	5
166	15
167	1
169	10
170	5
173	14
177	15
178	4
179	5
181	10
182	8
183	2
185	8
187	11
188	12
191	1
193	15
194	3
196	3
198	7
Market 149
5	5
7	10
8	12
9	12
10	8
11	6
13	3
15	1
16	6
18	6
20	8
22	11
24	14
28	9
30	2
34	2
39	3
42	2
45	5
46	13
47	5
49	2
55	8
56	11
58	12
60	1
61	13
63	15
64	5
66	12
72	7
74	5
79	10
81	10
84	2
88	7
89	10
90	2
91	5
94	10
95	12
96	10
97	10
99	5
101	11
102	2
104	13
106	10
107	14
111	14
114	9
116	1
117	4
121	1
123	6
124	9
125	10
126	4
128	14
129	12
130	5
132	3
133	13
135	12
136	8
140	2
142	6
143	14
144	1
147	2
149	15
150	6
151	15
153	5
157	4
159	4
160	14
161	14
163	11
164	10
166	15
167	7
168	12
169	6
171	13
173	4
174	11
175	4
177	15
178	10
183	7
185	13
186	2
187	6
188	7
191	8
192	3
193	1
194	9
195	4
196	11
199	4
Market 45
5	11
9	6
10	11
16	10
18	1
21	9
22	12
24	3
29	2
30	6
31	15
34	7
39	8
40	6
43	12
45	1
47	14
50	2
56	8
59	1
60	1
61	7
66	3
72	7
81	14
89	6
90	9
91	5
94	1
95	9
96	6
100	12
101	2
104	5
105	13
106	15
107	1
113	9
114	11
115	12
116	5
117	5
121	7
122	6
123	14
124	12
127	15
128	14
129	13
130	9
132	8
133	4
135	14
141	2
142	2
143	15
144	13
148	4
149	6
150	2
151	14
153	1
156	10
157	11
159	11
161	14
162	13
163	7
164	7
165	4
166	15
167	6
169	3
173	13
177	14
178	7
179	15
181	10
184	10
185	9
186	4
187	3
188	1
191	3
193	13
195	14
196	1
198	15
Market 42
5	7
9	5
10	10
15	8
16	5
18	9
20	13
22	12
24	1
29	12
34	5
39	1
40	1
41	12
42	11
43	15
45	13
47	8
50	7
54	6
55	9
58	10
61	5
72	7
81	14
84	13
85	7
88	12
89	6
90	3
94	13
96	9
99	15
100	10
102	2
105	14
107	14
111	15
112	11
116	14
121	2
123	1
129	2
132	3
135	3
136	14
140	6
141	1
144	4
148	15
150	13
151	8
156	8
159	6
161	14
164	12
166	6
167	2
168	4
169	10
173	7
174	1
175	3
177	14
178	6
179	4
181	7
183	4
184	4
186	10
188	11
192	6
193	1
195	1
197	1
198	14
Market 3
7	10
10	12
13	6
16	11
17	11
20	11
21	1
22	10
27	1
30	15
31	7
32	2
38	2
39	3
40	3
46	4
47	11
49	7
50	5
51	3
54	3
57	6
61	10
66	15
68	1
79	7
81	3
82	7
84	10
89	1
90	2
93	12
95	5
96	15
99	14
101	8
104	9
105	6
106	9
107	14
111	1
114	5
115	6
116	7
120	1
121	3
122	15
125	14
128	15
129	10
132	3
133	15
135	14
142	7
143	5
147	9
148	13
149	10
150	7
153	12
156	13
157	14
158	1
161	3
163	13
164	2
166	12
170	7
173	11
174	1
177	11
178	14
179	5
184	6
185	15
186	13
188	12
192	13
194	2
195	4
197	9
Market 134
2	14
3	5
5	11
9	8
10	2
16	10
18	3
22	13
24	2
30	3
34	6
43	1
46	8
47	9
50	10
52	13
54	6
55	14
56	4
60	4
61	1
62	10
66	9
69	13
71	9
81	10
83	13
85	7
89	12
90	10
91	9
95	9
96	13
97	3
101	11
102	10
106	9
107	15
114	6
115	1
116	15
121	8
123	4
124	11
129	9
130	9
132	3
135	3
136	3
142	6
143	8
144	11
145	4
149	1
150	9
151	2
157	14
158	11
159	3
160	10
163	5
164	1
165	8
167	4
168	2
170	11
173	9
174	3
177	6
179	7
180	13
181	6
182	2
184	5
187	2
191	9
196	6
198	14
Market 76
3	12
6	12
7	1
10	1
13	13
19	14
20	5
22	10
25	1
26	4
32	12
38	12
39	11
40	4
43	5
44	8
46	5
47	4
48	11
50	15
53	12
54	3
56	13
57	2
63	4
70	4
71	10
79	4
83	15
84	4
87	2
88	2
91	6
92	9
94	11
95	10
96	2
97	8
98	14
101	1
102	4
103	8
104	1
106	8
107	11
109	12
116	15
118	9
120	13
121	1
123	14
124	5
125	1
128	1
129	13
130	5
131	14
135	11
138	1
139	6
143	2
145	9
150	6
152	4
153	3
158	2
159	13
160	2
161	5
164	12
165	15
166	12
167	2
168	10
170	15
174	1
177	7
178	6
180	15
181	2
182	14
186	2
187	11
188	14
192	9
194	4
196	9
197	8
198	11
199	11
Market 9
5	1
8	4
10	2
15	10
16	7
18	2
19	14
20	7
22	7
28	7
34	10
40	10
41	6
42	7
45	9
46	2
47	2
54	6
55	13
61	12
64	12
72	13
84	10
85	1
88	6
90	14
91	9
94	9
96	5
97	14
99	3
104	8
107	8
111	10
126	13
129	10
132	9
135	8
136	4
140	14
144	11
150	5
153	7
159	5
160	8
166	5
167	9
168	12
174	14
175	8
178	6
181	13
183	7
187	10
188	9
191	4
192	1
193	5
195	1
197	9
198	8
Market 39
5	14
7	14
10	13
11	13
13	15
15	1
17	12
18	2
19	3
20	9
24	5
27	4
34	4
38	11
39	3
40	7
42	6
43	13
44	13
45	8
47	12
48	4
49	3
54	14
55	6
57	5
58	9
61	6
63	6
64	3
71	7
72	8
74	4
84	5
88	13
90	9
92	14
94	4
96	10
98	15
102	15
104	9
107	15
109	15
111	14
116	15
117	1
120	11
125	11
129	6
130	14
131	11
132	6
135	1
136	15
139	15
140	12
144	14
145	2
146	1
147	10
150	4
151	7
153	4
159	14
160	12
161	5
164	11
165	6
166	14
167	5
168	10
169	2
170	5
171	10
173	13
174	14
175	15
177	10
178	9
181	14
182	1
183	3
187	1
188	9
191	13
193	4
194	6
195	7
197	6
198	1
199	2
Market 68
2	6
3	3
5	14
6	10
9	11
13	11
15	3
16	2
17	13
18	5
19	9
20	14
22	10
24	12
25	1
32	15
34	4
36	10
39	13
40	12
43	14
45	3
46	14
47	14
48	13
50	13
52	5
53	14
55	5
56	6
58	7
61	14
63	8
69	14
71	6
74	15
76	14
83	3
85	4
87	5
88	3
90	8
94	11
95	5
96	13
97	8
102	9
103	11
104	6
106	12
107	7
108	6
115	5
116	1
117	3
124	15
128	4
129	5
130	7
132	4
135	15
136	14
138	6
140	2
143	3
144	10
145	4
150	13
151	1
152	2
153	10
158	15
159	3
160	3
161	2
164	2
166	4
167	8
168	5
169	3
170	14
174	10
177	1
178	15
179	14
180	9
182	13
186	15
187	11
188	13
192	4
193	13
194	5
195	4
196	14
197	9
198	14
Market 117
2	12
3	10
5	10
8	4
10	10
13	8
16	11
17	2
18	5
19	2
20	1
22	10
24	9
27	13
31	1
32	4
33	2
34	11
38	15
39	12
40	9
46	10
47	13
48	3
49	15
52	12
54	5
55	3
56	2
57	6
60	15
61	9
64	9
69	3
71	1
72	4
79	15
83	2
84	9
87	14
88	12
89	15
90	6
95	3
96	15
97	15
99	2
101	4
102	2
104	5
106	8
107	6
108	5
111	1
115	13
116	9
120	2
122	4
123	10
125	11
128	13
129	12
130	11
132	4
135	5
138	13
140	14
143	11
144	11
145	13
147	7
150	2
153	7
157	14
158	3
159	12
160	4
163	5
164	10
166	2
167	12
168	13
170	3
171	8
173	11
174	11
177	11
178	2
179	9
181	6
182	15
183	1
185	13
186	2
188	11
191	5
192	10
195	15
196	13
197	5
199	13
Market 128
5	4
7	1
9	11
10	10
11	10
15	11
16	3
18	9
21	7
25	6
27	3
29	1
34	4
38	3
39	5
43	12
45	15
47	1
49	3
50	7
55	11
56	2
57	11
58	5
59	9
61	12
62	3
63	2
66	15
74	5
81	3
85	14
88	3
89	9
90	11
92	6
94	6
96	4
97	9
99	1
102	10
104	12
105	13
112	2
114	12
116	6
117	6
120	9
123	13
124	1
125	4
127	14
129	8
130	13
131	15
132	4
135	10
136	1
137	2
141	5
144	15
146	10
148	9
150	13
151	9
153	10
156	9
159	13
160	14
161	3
164	8
165	5
166	12
167	9
168	6
169	2
170	7
172	14
173	3
174	1
177	12
178	8
179	7
183	2
186	11
187	2
188	13
190	11
191	10
192	9
193	11
194	13
197	7
198	4
Market 2
2	11
3	12
5	13
6	12
9	4
10	10
12	5
16	14
17	3
19	15
20	5
22	3
24	10
25	9
32	14
40	8
43	12
46	5
47	9
48	7
50	4
52	2
53	12
56	8
60	5
61	2
62	9
69	9
71	14
76	10
83	10
88	8
89	13
90	12
91	8
96	15
97	11
101	8
103	7
104	15
106	6
107	12
115	4
116	15
117	4
118	10
122	15
123	3
124	5
128	11
129	11
130	8
132	2
135	11
138	6
143	8
145	12
150	5
153	5
159	10
160	11
165	2
166	11
167	1
173	5
174	7
179	2
180	13
181	11
182	6
187	11
188	3
191	6
192	9
195	14
197	14
198	2
Market 74
5	6
6	7
9	7
10	3
11	13
12	15
16	10
18	2
19	5
20	9
21	2
22	5
24	12
25	9
29	3
34	5
39	7
40	11
41	7
43	15
46	4
47	3
48	13
50	4
55	2
56	7
59	5
61	13
62	9
66	15
72	5
75	5
81	7
85	5
86	7
88	15
89	7
90	14
91	1
96	15
97	2
102	2
103	9
105	11
107	9
114	12
116	15
117	12
121	15
123	15
124	7
128	3
129	8
130	12
132	15
133	10
135	7
136	8
138	15
140	1
142	3
143	5
144	1
145	14
149	11
150	11
151	15
152	4
156	5
159	3
161	9
162	2
164	8
167	9
168	1
169	6
170	10
173	7
175	13
177	1
178	3
179	9
181	15
182	3
184	5
186	4
187	13
193	2
194	4
196	9
197	2
198	15
Market 114
5	3
7	3
9	14
10	5
11	12
13	5
16	11
20	10
25	15
26	15
34	11
36	6
38	15
39	5
43	11
44	7
45	12
46	1
47	11
48	12
50	7
56	14
57	6
60	7
61	14
63	14
66	9
75	14
76	2
78	9
79	8
81	15
86	15
87	6
88	5
89	6
90	15
91	11
95	3
96	12
99	7
101	7
102	10
104	11
105	10
107	6
108	2
109	2
111	5
114	11
116	1
118	8
119	1
121	5
123	5
124	2
125	9
128	5
129	11
130	7
131	10
133	2
137	9
138	12
139	7
142	12
144	3
145	4
148	10
149	8
151	1
152	1
153	1
156	11
159	11
160	1
161	10
163	6
164	1
165	14
166	3
168	1
169	8
170	12
173	5
177	5
178	7
179	8
181	10
182	2
183	6
184	1
186	13
187	9
188	4
191	14
193	7
195	9
196	5
197	5
198	9
199	5
Market 40
5	6
6	3
13	12
16	15
18	7
19	13
20	9
24	1
25	8
26	5
29	12
34	2
37	15
39	14
43	8
45	3
46	7
48	9
50	4
56	14
58	5
62	7
63	11
66	8
76	5
81	12
85	14
87	3
88	6
89	7
91	1
94	4
96	4
97	6
100	3
102	7
103	1
105	11
107	9
108	8
112	14
118	9
119	8
121	9
123	8
124	6
125	1
127	1
128	12
130	6
132	10
138	6
140	8
141	10
144	5
145	5
148	3
151	14
152	5
153	10
156	6
159	15
160	6
161	4
165	10
166	5
167	1
170	2
172	13
173	1
177	7
178	2
179	8
181	8
182	6
184	2
187	3
188	12
190	11
191	2
193	14
194	10
196	8
198	6
199	10
Market 34
3	2
4	8
5	3
7	9
9	9
10	9
13	14
16	7
17	3
18	1
19	12
20	6
24	4
26	14
33	12
34	15
36	15
40	10
42	3
43	9
46	11
47	10
48	14
50	13
54	10
55	5
56	1
61	9
63	15
66	3
71	2
72	10
76	5
81	6
84	9
85	9
87	10
88	8
89	3
90	15
91	15
96	7
97	4
102	12
103	8
107	10
108	9
116	5
119	6
121	7
123	9
125	6
128	7
129	1
132	13
135	11
136	10
138	7
140	3
143	8
144	14
145	9
150	4
151	3
159	4
160	1
164	9
166	2
167	7
168	10
170	3
173	1
174	10
175	3
177	6
179	13
181	8
186	13
188	1
192	7
193	5
194	2
195	11
197	12
199	5
Market 66
5	7
10	9
11	10
15	1
18	15
19	15
20	5
24	1
25	7
34	2
39	4
40	6
42	12
43	13
45	12
47	4
55	5
56	2
58	6
61	7
62	5
72	11
74	5
75	8
85	4
86	7
88	5
90	10
91	8
94	9
96	1
97	14
99	8
102	12
107	1
116	6
117	3
121	7
123	11
124	5
129	4
130	15
135	5
136	1
137	3
140	1
144	8
145	9
148	1
150	6
151	3
159	3
160	15
161	9
164	3
165	13
167	14
168	4
169	4
173	12
175	2
177	7
178	5
181	6
182	13
183	2
186	3
187	12
188	8
191	1
193	2
195	2
198	6
Market 142
3	2
7	13
10	4
13	14
16	15
17	9
20	14
22	9
23	12
27	14
32	1
38	5
40	4
43	2
45	3
46	1
47	15
48	14
49	2
53	8
54	12
57	2
61	10
63	13
64	14
70	4
71	4
83	6
84	9
88	13
92	14
93	6
95	15
96	7
98	5
99	14
101	15
102	4
104	12
106	15
110	6
111	4
116	3
120	11
123	6
125	6
128	15
129	5
131	12
132	13
135	14
139	1
140	15
143	15
145	2
146	4
147	6
150	6
153	10
158	12
159	13
160	14
161	3
164	8
166	10
167	4
168	13
170	9
171	14
173	11
174	5
177	6
178	7
179	2
181	1
182	4
183	15
186	11
188	2
191	8
192	5
194	14
195	12
196	10
197	12
198	7
Market 115
3	4
5	11
6	7
7	5
10	9
12	5
13	12
16	3
17	6
19	5
20	9
22	9
25	5
27	4
32	4
34	10
36	10
38	1
39	1
40	4
43	1
44	5
45	10
46	14
47	2
48	1
49	9
50	13
53	5
56	15
57	12
58	4
60	15
61	6
62	12
63	15
71	5
75	10
76	15
79	13
83	1
86	15
87	6
88	13
91	4
92	7
94	15
95	14
96	2
97	8
99	12
101	5
102	11
103	5
104	1
107	10
108	13
111	3
116	10
117	1
118	5
120	13
121	3
123	5
124	6
125	3
128	5
129	10
130	2
131	4
132	15
135	3
137	5
138	11
140	1
143	7
145	7
146	14
148	12
150	9
152	7
153	4
156	10
157	4
158	13
159	6
160	9
161	5
163	4
164	13
165	12
166	3
167	7
168	15
169	9
170	10
173	14
174	15
177	13
178	1
179	5
181	1
182	2
186	1
187	9
188	12
191	3
192	13
193	4
194	3
195	7
197	9
198	14
199	7
Market 25
3	13
5	12
7	3
9	5
10	15
11	12
16	10
17	6
18	7
19	6
20	2
21	4
22	10
26	10
33	15
34	15
38	9
39	1
40	8
42	12
43	10
44	7
46	7
48	5
49	8
50	4
54	13
55	7
56	9
57	10
60	15
61	13
63	1
66	2
71	6
72	1
78	6
79	3
81	11
84	4
85	1
87	3
89	6
90	9
91	13
95	10
96	4
97	7
99	5
101	9
102	14
104	5
106	13
108	15
111	4
115	3
116	5
117	4
119	1
121	15
123	4
128	3
129	6
130	1
135	5
136	14
138	14
140	6
143	11
144	14
145	6
151	14
153	12
156	2
157	6
159	14
160	11
163	11
164	2
165	11
166	11
167	3
168	13
169	10
170	15
173	9
174	3
175	10
177	12
178	14
179	13
181	6
182	3
183	10
184	14
185	5
186	15
187	6
188	6
191	12
192	3
194	1
197	11
198	10
199	3
Market 10
2	11
3	13
8	11
10	7
15	6
16	9
17	13
19	1
20	2
21	7
22	1
24	15
29	7
32	2
34	6
39	8
40	8
43	15
45	2
46	3
47	6
50	14
53	5
54	2
56	13
58	6
61	6
66	10
70	1
71	9
79	9
81	4
83	4
84	1
88	10
90	1
91	11
94	5
95	10
96	15
97	3
99	3
101	12
102	9
104	12
105	12
106	12
107	8
112	7
114	11
115	5
116	2
117	6
121	8
123	6
124	15
127	3
128	9
129	13
130	10
132	3
135	3
140	10
143	11
148	4
149	5
150	15
153	14
156	14
158	11
159	13
161	10
164	15
165	3
166	12
167	11
168	7
169	9
172	5
173	4
177	1
178	14
179	9
180	9
181	11
183	4
186	13
187	15
188	10
191	15
192	10
193	12
195	3
196	10
197	14
198	1
Market 22
2	2
7	13
8	2
9	9
10	7
13	2
15	10
16	11
19	4
22	15
25	14
28	9
31	15
36	15
39	9
40	4
43	3
44	1
46	6
47	3
48	5
49	3
51	7
56	9
57	4
60	15
61	14
62	5
64	6
68	7
76	13
79	13
82	3
87	2
88	5
89	5
90	3
91	8
92	1
94	13
95	1
96	9
97	10
99	2
101	12
102	7
103	2
104	11
106	6
107	5
108	12
111	2
115	1
118	11
120	6
122	11
123	14
124	13
125	8
126	11
128	8
130	2
132	10
134	7
140	10
143	14
145	14
146	13
147	2
150	13
152	1
153	7
159	4
160	4
161	12
163	3
165	15
166	8
167	11
170	15
177	3
178	12
179	12
181	9
182	15
183	6
185	13
187	11
188	14
191	2
194	8
195	4
196	3
198	11
199	4
Market 150
2	14
3	3
4	12
5	3
7	2
9	1
10	5
13	4
15	5
18	8
20	7
21	1
22	15
24	2
31	2
32	13
33	6
34	11
38	7
39	14
40	6
42	5
44	14
45	3
46	12
47	11
49	12
50	14
51	11
54	12
55	2
57	15
59	7
60	11
61	11
66	5
68	7
72	6
79	2
81	4
82	12
83	14
84	3
85	15
88	13
89	6
90	2
94	6
95	4
96	10
99	14
101	2
102	9
104	4
105	3
106	8
107	6
111	14
115	11
116	15
120	4
121	5
122	8
123	15
125	3
128	13
129	13
132	1
134	9
135	6
140	15
143	8
144	5
150	12
151	10
153	9
156	15
157	2
158	10
159	8
160	10
161	15
163	12
166	9
167	13
173	13
175	9
177	13
178	1
179	12
183	12
184	7
185	7
186	2
188	2
191	7
193	5
196	5
197	6
199	6
Market 69
2	8
5	1
6	5
9	15
10	11
11	9
12	14
15	10
16	9
18	2
19	8
20	14
22	2
24	14
25	5
29	5
30	12
31	4
34	5
39	3
40	3
43	6
45	8
46	14
47	9
48	3
50	4
52	11
55	2
58	10
60	2
61	1
62	11
66	9
69	6
75	12
81	6
82	10
85	2
86	14
88	7
89	11
91	6
94	4
95	6
96	2
97	4
100	14
101	10
102	12
103	3
104	2
105	4
106	15
107	2
112	1
114	4
115	4
117	5
121	14
122	15
123	3
124	6
127	11
128	10
130	6
132	5
133	6
136	7
137	13
140	7
142	13
144	15
145	10
148	3
149	8
150	10
151	11
152	9
156	11
157	3
159	1
161	5
163	9
165	5
169	8
173	1
177	13
179	8
181	11
182	5
184	5
185	13
187	5
190	1
191	8
193	15
195	10
196	10
198	1
Market 54
2	4
9	9
10	14
15	12
16	1
19	13
21	15
22	12
28	12
29	6
32	10
39	1
45	9
48	6
52	7
58	11
60	11
61	5
65	9
66	12
69	14
79	15
81	1
83	15
88	4
89	11
90	4
94	13
95	5
97	14
100	1
102	5
104	15
105	5
111	2
112	1
114	12
115	1
121	5
122	12
126	10
127	6
128	4
135	2
138	5
140	5
141	5
143	8
145	6
148	7
150	4
156	5
160	15
163	11
166	2
170	9
173	14
177	15
178	3
179	14
181	14
182	12
186	15
194	2
195	3
196	13
Market 61
2	13
3	4
8	11
9	10
10	15
13	14
15	2
16	5
20	15
21	14
22	5
24	6
27	9
28	7
30	14
32	1
33	15
38	14
39	10
40	8
45	15
46	15
47	1
49	8
50	9
52	7
54	11
58	12
59	10
60	2
61	2
64	8
66	8
67	4
69	4
71	7
79	3
81	13
82	12
83	9
84	12
88	12
89	6
90	8
94	10
95	9
96	13
99	11
101	11
102	6
104	12
105	2
106	1
114	15
115	13
120	10
121	13
122	6
123	9
125	7
126	7
128	7
129	11
132	14
134	10
135	4
140	4
142	6
143	13
144	13
149	15
150	6
153	6
156	14
157	7
159	4
161	15
163	10
164	13
166	5
167	15
168	9
171	14
173	13
174	6
177	14
178	8
184	12
186	14
188	6
191	3
192	2
195	4
196	13
197	13
199	5
Market 13
7	2
9	12
11	9
13	3
15	9
16	2
17	7
20	11
24	6
27	12
28	2
29	11
32	9
38	3
39	5
40	6
44	7
45	8
47	10
50	5
56	12
57	11
58	10
61	10
63	1
64	6
66	5
74	10
79	4
81	12
85	4
88	15
90	11
91	10
92	11
96	4
98	1
99	12
100	9
102	7
104	1
105	6
107	9
110	5
111	3
112	9
117	14
120	7
121	10
123	2
124	10
126	5
127	2
130	9
131	8
132	4
135	6
136	7
139	9
141	5
143	3
144	15
146	4
147	2
148	4
150	8
151	6
153	13
156	6
159	3
161	2
164	11
165	11
166	3
167	12
168	5
169	1
170	12
171	15
172	13
173	15
174	7
177	4
178	14
179	13
181	7
183	6
184	10
186	10
187	14
188	10
189	6
191	9
192	7
193	3
194	5
195	15
198	15
199	8
Market 48
6	15
7	12
9	5
10	10
12	10
13	6
17	1
19	15
20	11
22	8
25	8
32	13
36	8
38	6
39	15
40	4
43	1
44	6
46	11
48	8
49	14
56	6
57	13
60	1
61	13
62	7
63	5
66	15
76	14
78	10
79	13
81	5
83	3
87	13
90	11
91	4
94	6
95	9
97	14
101	13
103	6
104	1
105	2
106	6
107	10
108	1
109	12
115	8
118	9
120	11
121	7
123	1
124	2
125	12
128	14
130	4
131	7
132	7
135	6
138	8
143	6
145	14
150	2
152	9
153	1
158	9
159	13
160	7
164	13
165	9
166	1
167	4
168	13
170	8
173	6
177	2
178	12
182	4
184	3
186	10
187	5
188	13
191	3
194	1
196	6
198	3
199	2
Market 31
2	7
3	8
6	2
7	10
9	10
10	11
12	1
13	4
16	3
17	10
19	3
20	3
21	12
22	14
25	7
26	2
27	1
32	8
36	4
38	14
39	11
40	9
43	3
44	9
46	9
47	9
48	14
49	2
50	1
54	7
56	11
57	11
59	10
62	13
63	4
66	12
76	10
78	3
79	13
81	14
83	10
87	3
88	13
89	2
90	8
91	4
92	9
95	4
96	15
97	2
99	4
101	6
102	13
103	10
104	2
105	8
106	5
107	13
108	2
114	9
115	11
116	14
118	7
119	15
120	2
121	14
123	12
124	2
125	7
129	8
130	12
131	5
132	15
135	3
138	3
139	10
143	3
146	8
152	8
153	11
156	8
158	15
160	10
161	10
165	4
166	10
167	14
168	2
170	8
173	14
174	10
177	12
179	6
181	12
182	8
183	1
184	8
186	2
188	10
191	2
192	10
194	5
196	5
197	5
198	9
199	14
Market 47
7	13
8	1
9	10
10	3
13	2
14	3
16	4
17	15
19	5
21	4
24	14
25	7
27	4
28	9
38	6
40	9
43	1
44	5
46	3
47	8
49	5
50	1
56	14
57	1
62	6
64	6
66	11
79	12
81	8
86	9
88	15
89	4
90	5
91	10
92	7
93	13
94	6
95	7
96	5
97	11
99	6
101	11
102	2
105	8
107	5
110	11
111	6
114	2
116	10
120	3
121	9
123	5
124	14
125	7
128	13
129	7
130	13
131	10
135	4
139	14
140	6
142	13
143	2
144	13
145	13
146	1
147	1
149	6
156	15
159	11
160	8
161	3
163	9
164	6
165	4
166	1
167	14
168	10
170	13
171	14
173	14
174	5
177	11
178	12
179	4
181	2
182	14
183	10
184	13
186	10
187	7
191	6
192	8
194	7
195	9
196	5
199	15
Market 122
5	1
7	4
8	7
10	1
13	6
15	11
16	4
18	12
19	4
20	14
22	6
24	2
27	9
28	4
34	10
37	6
38	14
39	8
40	6
43	12
44	3
45	12
46	5
47	6
48	14
49	1
50	12
55	11
56	1
57	12
58	4
60	9
61	4
63	13
64	10
74	5
77	15
79	5
85	2
87	2
88	7
89	8
90	6
91	2
92	9
94	15
95	12
96	1
97	13
98	10
99	3
101	5
102	3
104	5
106	2
107	12
108	11
110	5
111	3
116	3
119	13
120	13
121	10
123	14
125	12
126	3
128	11
129	7
130	2
131	12
132	7
136	2
138	10
139	3
140	11
144	3
145	10
146	3
148	4
151	4
156	2
157	2
159	4
160	14
161	14
163	5
164	14
166	2
167	10
168	10
169	10
170	6
171	12
173	8
177	2
178	5
179	4
181	4
183	12
186	5
187	1
188	3
193	8
194	4
195	8
196	9
197	12
198	13
199	1
Market 78
3	8
5	1
6	7
8	4
9	6
10	4
13	4
14	2
15	7
16	2
17	8
19	14
20	9
21	8
22	3
25	8
27	7
29	14
32	15
34	12
38	7
39	1
40	13
43	11
45	1
46	14
47	9
48	6
49	4
50	4
56	6
57	9
59	11
61	5
63	3
71	9
76	12
79	6
81	4
87	5
88	8
89	13
90	14
91	8
93	6
94	6
95	3
96	11
97	8
99	5
100	14
101	9
102	4
103	9
104	5
105	11
107	9
108	3
111	2
113	11
114	9
116	4
118	4
120	1
121	2
123	5
124	4
125	10
127	3
128	11
129	11
130	9
132	15
133	7
135	1
138	10
140	7
141	10
142	12
143	9
145	4
149	6
150	4
151	7
152	1
153	15
160	15
161	2
164	7
166	1
167	10
168	1
170	3
171	9
173	15
174	10
177	11
178	15
179	9
181	12
183	2
184	5
186	12
187	8
188	7
191	1
192	15
193	6
194	14
195	5
196	2
198	4
199	5
Market 63
5	9
8	4
10	7
13	14
14	10
15	4
18	14
19	3
20	10
24	1
25	2
27	13
28	4
34	3
38	5
39	2
41	13
43	10
45	2
47	4
49	15
50	10
54	2
55	5
56	2
57	2
58	3
61	5
62	9
63	14
64	11
71	11
75	10
79	8
84	15
86	7
87	13
88	3
90	3
91	4
93	10
94	6
96	15
97	4
99	5
102	15
104	11
107	13
108	10
111	8
116	3
117	9
120	10
121	10
123	7
124	7
125	6
126	8
128	6
129	15
130	5
132	2
135	13
137	9
138	6
140	3
144	4
145	11
147	13
148	9
150	9
153	14
156	10
160	4
161	2
164	13
165	3
166	14
167	1
168	12
169	2
170	3
171	10
173	10
174	10
177	7
178	2
181	11
182	5
183	10
186	8
187	9
188	3
192	11
193	1
194	10
195	7
196	4
197	10
199	14
Market 52
2	4
6	11
9	15
10	1
12	8
13	3
16	14
17	8
19	15
20	10
21	11
22	14
24	1
25	4
31	9
32	5
36	4
38	9
39	15
40	6
43	10
45	3
46	15
47	12
48	11
49	14
50	10
52	1
56	1
57	9
59	2
60	11
61	7
62	4
63	3
66	10
69	5
76	8
79	14
81	13
82	2
87	13
88	4
89	6
90	10
91	10
94	15
95	3
96	5
97	7
101	2
102	14
103	7
104	5
105	3
106	7
108	6
115	7
116	2
118	2
120	8
121	15
122	9
124	1
125	11
128	7
129	4
130	12
132	12
135	2
138	5
143	8
145	8
150	7
152	10
153	7
156	15
157	9
158	11
159	11
160	1
161	11
163	4
164	2
165	11
166	8
167	14
168	8
170	10
173	5
177	14
179	10
180	3
181	5
182	6
183	11
184	9
185	5
186	13
187	15
188	14
191	7
194	2
195	10
196	1
198	13
199	13
Market 130
6	4
7	5
9	5
10	5
12	4
13	11
17	15
19	6
20	3
25	8
26	13
27	9
32	6
34	9
38	10
40	8
43	4
44	10
46	14
48	7
49	8
53	4
56	4
57	8
61	12
62	15
63	15
75	8
78	15
79	10
83	2
86	15
87	11
88	11
90	6
91	14
92	4
95	12
97	9
99	4
101	12
103	9
104	9
106	14
107	2
109	2
111	11
117	6
119	9
120	7
123	6
124	5
125	9
128	4
130	13
131	15
135	14
137	13
145	11
146	9
150	14
152	9
153	9
158	6
159	7
160	3
164	6
165	3
166	13
168	11
169	1
170	8
174	13
177	6
178	7
182	11
183	9
188	5
192	6
193	14
194	9
196	14
198	3
199	11
Market 139
2	13
6	7
7	2
10	8
13	14
16	14
19	9
22	15
25	14
26	11
36	5
37	4
40	3
43	7
44	6
46	10
48	7
52	3
56	15
60	10
61	13
63	6
69	15
76	1
77	6
83	1
87	4
91	10
97	8
101	15
103	8
104	7
106	5
107	13
108	9
119	3
122	14
124	8
125	12
128	6
135	15
138	1
143	5
145	6
150	10
152	10
153	9
157	7
160	2
163	8
165	3
166	10
167	9
170	1
173	1
177	5
179	14
185	11
187	15
188	6
191	10
194	7
196	2
199	2
Market 90
6	13
8	11
10	9
13	4
15	8
16	7
19	14
20	9
25	8
27	9
34	6
36	13
38	3
39	4
43	13
45	3
47	13
48	9
49	9
50	15
56	3
64	13
66	11
75	7
76	5
79	11
86	15
87	9
88	14
89	14
91	6
94	1
97	9
101	7
102	5
103	15
104	11
105	7
107	7
108	3
111	8
118	9
120	10
124	11
125	12
128	10
130	3
132	10
135	1
138	10
140	7
145	13
147	4
150	13
152	1
153	2
156	9
159	10
160	15
161	15
165	1
166	5
170	2
173	15
177	5
178	4
182	11
183	2
187	8
188	6
191	13
194	13
195	9
196	1
200	8
Market 28
7	14
9	15
10	12
13	8
16	11
19	3
20	2
22	14
25	12
27	12
36	13
39	6
40	11
43	1
44	4
46	11
47	9
48	15
49	5
50	6
56	12
57	9
59	2
60	1
61	14
63	7
66	6
67	7
76	12
79	10
81	3
82	12
87	1
88	14
89	6
90	1
91	3
92	1
95	10
97	9
98	8
101	6
102	9
103	10
104	14
105	14
106	15
107	14
108	1
110	11
114	2
115	6
118	6
120	2
122	1
125	5
130	13
131	5
133	1
138	5
139	15
142	14
143	11
145	2
146	4
153	12
156	8
157	3
159	6
160	3
162	15
163	2
165	13
166	9
167	13
170	1
173	2
177	1
178	3
179	13
182	5
183	8
184	4
185	8
188	7
191	5
194	4
196	9
198	1
199	7
Market 19
9	12
10	1
12	13
16	10
18	15
19	6
20	2
21	12
22	15
24	9
25	7
30	3
31	15
34	1
39	14
43	14
46	9
47	3
48	5
50	12
51	2
59	1
60	13
61	2
62	15
66	3
69	10
81	15
82	10
83	9
86	10
88	8
89	4
94	7
95	8
101	2
102	5
104	10
105	14
106	15
107	3
114	1
115	12
122	3
124	6
128	11
130	13
133	11
134	7
135	10
138	6
142	1
143	14
144	5
145	7
150	13
152	6
156	15
157	15
158	14
159	5
161	14
163	7
165	5
166	9
167	3
173	15
179	9
180	9
181	12
182	6
184	13
185	13
186	9
187	13
188	6
191	8
196	9
Market 106
6	14
7	15
9	14
13	1
16	1
22	9
25	7
26	5
30	4
36	15
40	5
43	3
44	3
46	4
48	12
49	15
50	3
60	15
61	7
62	14
63	7
66	6
76	14
77	10
79	9
81	6
87	7
88	4
89	15
90	15
94	14
95	6
96	12
97	7
101	3
102	14
103	12
104	11
106	14
108	5
115	7
116	12
118	4
119	7
121	1
124	6
125	13
129	4
130	15
132	4
133	13
135	15
138	1
142	5
145	7
149	11
152	7
157	1
161	1
163	11
164	10
165	12
166	14
167	10
168	9
177	2
178	10
179	2
181	13
182	10
186	9
188	12
191	14
194	6
Market 4
3	8
6	12
7	11
8	9
9	5
10	10
12	9
13	14
17	5
19	5
20	6
21	9
24	9
25	4
27	14
29	8
33	14
34	13
38	9
39	1
40	1
43	2
44	4
45	7
46	4
47	3
48	15
49	9
50	2
54	1
56	14
57	12
58	6
59	6
61	4
62	7
63	3
66	3
71	13
75	3
79	10
84	4
86	14
88	6
89	15
90	3
92	6
94	14
97	2
99	15
100	9
102	14
103	7
104	8
105	13
107	15
110	4
112	7
114	8
116	6
117	10
120	14
121	14
123	3
124	10
125	12
128	2
129	8
130	9
131	2
132	15
135	3
137	2
140	9
143	8
145	14
146	5
148	6
150	12
152	9
156	2
159	8
160	10
161	10
164	10
165	9
166	1
168	11
169	3
170	11
172	12
173	6
174	3
177	9
178	4
179	11
181	6
182	6
183	3
184	11
186	8
187	5
188	4
191	2
192	9
194	7
195	4
196	15
197	2
198	1
199	3
Market 35
2	5
3	15
7	4
8	6
10	4
13	10
15	6
16	15
17	4
20	7
22	3
24	7
28	15
32	6
39	8
40	1
43	14
44	15
45	12
46	4
47	15
49	7
52	15
53	8
54	4
58	2
60	14
61	10
63	10
64	12
71	7
79	14
83	3
84	1
88	4
90	4
94	7
96	15
99	8
101	13
102	3
104	9
106	13
111	1
115	1
116	10
120	4
123	14
125	4
126	9
128	1
129	1
130	7
132	12
135	13
140	14
143	8
147	7
150	13
153	3
158	12
159	13
160	11
161	12
163	10
164	5
166	2
167	10
168	4
170	13
171	7
173	15
174	11
177	10
178	3
179	9
180	10
181	1
183	12
186	3
188	2
192	1
194	5
195	12
196	13
197	1
199	8
Market 73
6	8
7	5
9	9
10	9
12	4
13	3
16	13
19	10
20	2
21	12
25	3
26	11
29	15
34	6
36	11
37	2
38	14
39	4
45	8
46	9
49	1
50	15
56	7
57	13
59	8
61	3
62	10
63	8
64	2
75	3
76	1
81	3
86	4
87	13
88	15
89	3
90	14
91	4
94	8
95	14
97	11
99	1
100	1
101	9
103	6
104	10
105	10
107	4
108	14
111	13
114	10
118	14
119	12
120	9
121	10
124	10
128	14
130	14
132	5
133	8
135	1
137	1
138	5
140	9
142	10
145	4
149	12
150	3
153	1
156	11
159	12
160	10
163	4
165	8
166	13
167	6
169	1
170	11
173	6
177	12
178	3
179	10
182	7
184	2
187	1
188	2
191	11
193	2
194	3
195	8
196	13
198	7
199	7
Market 105
5	12
6	15
7	5
8	1
9	14
10	14
12	1
13	10
15	10
16	7
19	5
20	2
21	9
25	11
27	2
28	12
29	13
34	2
36	14
38	10
39	3
43	9
44	1
45	4
46	2
47	8
48	2
50	2
56	5
57	3
59	9
61	14
62	13
64	1
75	13
76	6
79	7
81	12
86	3
87	14
88	6
89	13
90	14
91	14
92	6
93	8
94	2
96	12
97	6
98	6
99	3
100	1
101	5
102	8
103	13
104	9
107	13
108	7
110	11
111	4
112	14
114	2
116	14
117	5
118	15
120	7
121	13
123	7
124	5
125	9
127	6
128	2
129	12
130	5
131	4
137	5
138	3
139	5
140	7
141	9
144	15
145	1
146	5
147	2
148	10
149	10
151	4
152	9
153	8
156	13
159	2
160	8
161	1
164	6
165	3
166	9
168	8
169	5
170	1
171	3
173	3
177	8
178	13
179	15
181	2
182	1
183	14
184	8
187	14
188	5
191	4
193	9
194	5
195	5
196	4
198	11
199	10
Market 5
3	3
7	11
8	4
9	7
10	12
13	14
15	5
16	12
17	13
19	9
20	12
22	8
28	14
31	5
38	10
39	4
40	15
45	3
46	4
47	6
48	12
49	10
50	9
57	6
58	7
60	4
61	9
63	5
68	6
71	10
79	12
82	1
87	9
89	14
90	5
91	7
95	5
97	10
99	15
101	1
102	15
104	13
106	1
107	9
111	2
115	4
116	9
120	10
121	4
122	1
123	10
125	3
128	5
129	10
132	8
134	9
135	4
140	1
143	3
145	14
148	15
150	2
153	4
156	7
157	6
161	4
163	14
164	1
166	9
168	8
170	9
171	1
174	5
177	14
178	3
179	6
181	8
183	5
185	10
186	6
188	1
191	15
192	13
194	2
195	6
196	14
197	11
200	10
Market 70
9	12
10	11
15	8
19	15
20	12
21	1
29	6
39	2
40	3
43	11
45	15
46	15
47	12
50	3
56	10
58	13
59	10
61	3
81	1
88	8
89	6
91	1
94	7
97	4
100	14
103	1
105	2
112	7
114	6
116	1
121	12
123	3
125	1
128	14
129	3
130	8
138	13
140	6
148	11
149	2
153	12
160	7
161	2
166	10
173	5
179	14
181	12
182	6
184	15
186	3
188	10
195	4
196	5
199	9
Market 86
3	13
7	10
9	10
10	8
13	8
16	8
20	9
21	11
22	14
29	7
30	15
32	8
38	15
39	2
40	4
46	8
50	11
53	11
57	3
59	14
60	10
61	14
63	8
66	11
71	13
79	12
81	13
83	3
89	13
90	14
91	6
94	15
95	3
96	8
100	1
101	10
102	8
104	14
105	10
106	1
107	3
120	14
121	1
123	2
125	3
128	7
129	15
133	5
135	11
141	9
143	1
149	13
150	6
153	7
157	7
158	1
160	10
163	12
164	11
166	6
167	14
168	10
170	5
173	6
174	9
178	8
179	13
181	13
184	8
186	1
188	4
191	12
192	14
194	1
196	14
198	9
199	9
Market 60
3	1
8	11
9	15
10	5
13	5
16	8
17	13
20	15
27	9
29	3
31	7
32	1
38	14
39	11
40	7
43	10
45	4
46	11
47	6
49	11
50	14
52	15
53	15
54	8
57	3
60	10
61	3
64	14
69	5
70	5
71	11
79	4
81	12
83	6
88	1
90	5
91	3
93	10
95	14
96	9
99	3
100	9
101	11
102	6
104	15
106	15
107	15
111	15
115	14
116	12
120	9
121	5
122	15
123	5
125	10
128	13
129	2
130	2
132	15
135	10
140	8
147	6
148	8
150	3
153	4
156	12
157	9
159	9
161	1
163	5
164	12
166	11
167	5
168	8
171	1
173	9
174	1
177	8
178	6
179	12
181	7
183	6
184	5
185	14
186	13
187	9
188	5
191	11
192	6
195	2
196	15
197	15
198	10
199	10
Market 79
2	1
5	1
6	8
8	4
9	4
10	4
15	8
16	2
19	6
20	14
22	1
24	4
25	6
28	10
29	4
34	4
39	2
40	7
43	4
45	11
46	8
47	11
48	15
49	15
50	15
51	2
56	5
58	8
60	10
61	14
64	11
68	11
79	14
81	4
82	6
88	11
89	1
90	5
91	9
94	9
95	6
96	6
97	15
100	5
101	10
102	10
103	5
104	7
105	10
106	14
108	4
111	7
112	1
115	15
118	8
120	2
121	4
122	1
123	12
124	12
126	13
127	13
128	2
130	2
132	6
134	4
138	12
140	7
143	10
144	6
145	7
148	4
151	5
152	9
153	13
156	10
157	1
159	11
160	5
161	14
163	11
165	11
166	6
167	6
170	13
171	10
172	13
173	14
177	9
178	6
179	1
182	8
183	2
184	14
185	2
187	13
189	1
191	6
193	4
194	15
195	10
196	1
Market 15
5	5
6	5
7	9
9	9
10	3
11	12
13	15
16	5
18	3
19	7
20	12
24	7
25	7
26	15
29	1
34	3
36	9
39	5
40	9
43	15
47	10
48	11
55	14
56	14
57	9
59	11
61	13
63	7
66	1
74	4
76	3
78	5
81	5
85	8
87	12
88	14
90	4
91	2
94	6
96	12
97	3
102	3
103	8
105	13
107	10
114	7
116	2
117	12
118	9
119	8
121	5
124	15
125	2
130	6
131	1
132	8
135	13
136	11
138	14
141	6
143	2
144	10
148	5
152	9
153	14
156	8
159	5
160	1
161	4
164	7
165	3
166	3
167	8
168	11
169	14
170	7
173	5
177	6
179	2
181	8
184	5
188	8
191	13
193	12
194	13
196	14
198	15
199	1
Market 56
2	5
7	9
10	14
13	13
17	2
19	2
20	1
24	9
27	5
32	12
37	8
38	1
40	15
43	15
44	13
45	5
46	6
47	14
48	11
49	9
53	7
56	8
57	10
61	9
63	8
70	8
77	3
79	8
83	2
88	7
90	1
91	10
92	2
95	9
96	5
97	8
98	8
101	5
102	11
103	6
104	6
106	2
108	9
109	5
115	14
119	10
125	2
128	5
130	6
131	1
132	11
135	9
138	7
139	11
140	10
143	9
145	13
150	8
153	5
158	6
159	10
160	2
161	7
164	8
165	1
166	13
167	12
168	8
170	6
174	8
177	3
178	5
180	12
181	11
182	8
186	11
187	4
188	7
192	2
194	5
195	10
196	5
198	7
199	3
Market 72
5	4
7	11
9	14
10	7
13	6
15	9
16	2
19	7
20	14
21	15
24	14
26	2
27	5
34	12
37	4
38	4
39	9
44	6
45	6
46	14
47	14
48	8
49	6
50	1
56	11
57	7
58	3
59	11
61	11
63	11
64	9
66	8
78	5
79	13
81	12
87	11
88	10
89	11
90	11
91	15
92	8
93	8
94	2
95	15
96	2
97	5
98	13
99	14
100	13
101	4
102	2
104	15
105	6
107	6
110	9
111	1
114	14
116	15
119	3
120	13
121	11
123	6
125	9
127	1
128	6
129	2
130	4
131	12
132	2
138	10
139	6
140	6
141	9
145	4
146	7
147	10
148	6
151	11
153	14
156	4
159	7
160	12
161	9
166	1
167	15
170	3
171	5
173	11
178	7
179	4
181	2
182	14
183	7
184	15
188	3
191	15
193	2
194	5
195	7
196	6
198	13
199	6
Market 109
2	12
3	10
9	1
10	13
13	9
16	13
17	12
19	7
21	3
22	11
31	9
32	13
34	9
39	1
40	3
43	10
45	2
46	8
47	13
48	11
50	9
52	7
53	1
54	8
56	10
60	13
61	10
66	13
69	6
70	9
71	8
76	2
81	11
83	8
84	14
87	5
89	12
90	8
91	15
94	4
95	1
96	1
97	10
101	7
102	2
103	7
105	5
106	5
107	2
108	6
114	2
115	1
116	9
121	7
122	6
123	8
128	11
129	6
130	15
132	6
135	13
138	10
143	4
145	14
150	10
156	14
157	3
158	6
159	7
160	4
161	8
163	14
164	13
166	1
167	8
168	4
170	12
173	6
174	10
177	4
179	2
181	9
182	2
184	12
185	5
186	3
188	1
191	11
192	2
194	8
195	2
196	10
197	11
Market 92
3	11
5	10
8	8
10	2
15	9
16	5
17	12
18	9
20	8
22	5
24	1
28	7
32	15
34	9
39	1
40	3
41	8
45	9
46	9
49	2
54	11
55	4
58	6
61	5
64	9
71	2
72	5
79	13
84	11
88	3
90	15
94	14
96	14
99	11
102	10
104	2
106	15
107	4
111	9
116	1
120	1
123	13
126	10
128	13
129	13
132	13
135	12
140	8
143	13
144	14
147	11
150	1
153	6
158	14
159	3
161	9
164	12
166	2
167	2
168	9
171	14
174	10
178	13
179	6
181	1
183	8
186	11
188	12
191	2
192	1
195	10
196	8
197	8
198	12
Market 87
6	9
7	5
8	2
9	3
10	11
12	11
13	9
15	9
17	6
20	3
22	10
25	10
27	1
28	10
29	15
34	8
35	2
38	8
39	6
40	11
43	1
44	6
45	1
47	5
50	6
57	2
58	2
61	13
63	5
64	15
65	4
66	3
76	15
79	4
83	11
86	11
88	3
90	14
91	6
92	2
94	11
96	9
97	12
99	11
100	4
102	2
103	13
104	5
105	4
107	6
111	6
112	4
118	12
121	10
123	9
124	3
125	4
126	5
127	2
130	15
131	10
132	1
135	4
138	5
140	6
141	15
143	9
146	1
148	14
150	12
153	5
156	15
158	8
159	12
160	8
161	9
164	14
165	11
167	6
168	1
170	9
171	5
172	8
174	11
178	4
179	12
181	9
182	7
183	7
184	7
186	7
187	2
188	4
191	10
192	1
194	8
195	8
198	8
199	3
Market 144
7	2
9	5
10	11
13	2
16	13
17	4
19	7
20	15
21	10
22	12
27	4
29	10
30	15
32	4
38	9
39	8
40	7
43	11
44	14
45	13
46	2
47	7
48	1
49	10
50	14
56	13
57	1
59	1
61	10
64	14
66	2
76	5
79	1
81	12
83	8
87	6
88	8
89	15
90	8
91	4
92	5
94	8
95	10
97	1
99	6
100	2
101	13
102	12
103	2
104	9
105	14
106	8
108	5
111	13
114	9
120	12
121	12
123	6
125	4
128	1
130	12
132	12
133	2
135	12
138	11
140	8
141	11
142	9
143	2
145	14
146	2
148	10
149	12
150	7
153	14
156	4
158	7
160	1
161	8
163	1
164	2
166	2
168	8
170	11
173	3
174	14
177	4
178	8
179	4
181	9
182	2
183	1
184	1
186	6
188	3
191	11
192	6
194	12
195	4
196	9
199	15
Market 80
2	3
7	13
8	9
9	10
10	11
13	1
14	9
16	1
19	9
20	13
22	4
24	11
25	7
27	11
31	3
36	15
38	5
43	12
44	4
46	11
47	11
48	12
49	8
50	11
56	2
57	8
60	5
61	11
64	9
76	3
79	15
87	14
88	8
89	1
90	10
91	3
92	6
94	3
95	3
96	6
99	2
101	8
102	9
103	11
104	14
106	7
107	3
108	6
111	3
115	14
116	13
120	9
122	10
123	1
125	6
128	4
129	10
130	3
132	14
138	2
139	1
140	8
143	1
144	6
146	12
150	5
153	13
157	2
159	12
160	8
161	12
167	10
168	4
170	11
171	12
173	6
177	5
179	11
181	2
182	11
183	4
185	9
186	3
188	4
191	2
194	8
195	1
196	9
197	13
Market 147
3	4
7	11
8	9
9	1
10	12
13	8
15	9
16	3
17	10
19	2
20	10
24	5
25	9
26	4
27	13
36	3
38	13
39	4
40	14
43	6
44	6
45	13
46	9
47	4
48	7
49	7
50	6
56	9
61	4
63	11
64	14
66	5
71	2
76	1
78	2
81	3
86	13
87	9
88	1
90	7
91	13
94	2
96	8
97	1
99	6
101	7
102	12
103	3
104	14
107	10
109	11
118	15
119	1
120	2
121	12
123	3
124	15
125	8
129	6
130	2
131	5
132	9
138	3
139	9
140	1
145	6
147	8
150	12
152	6
153	14
156	5
159	11
160	14
161	5
164	4
165	14
166	1
167	13
168	12
170	15
171	11
173	8
174	3
177	15
178	6
181	15
182	2
183	2
184	5
186	14
188	10
191	11
192	6
194	11
196	4
197	12
198	11
199	8
200	8
Market 71
3	8
5	9
7	7
8	8
9	7
10	7
11	2
13	3
15	10
18	14
19	9
20	6
22	2
24	4
25	14
29	12
34	8
38	4
39	9
40	10
43	14
44	7
45	14
49	13
50	2
54	7
57	14
58	15
62	2
64	5
65	8
66	4
71	7
74	9
79	12
83	15
85	14
86	9
88	14
89	7
90	12
91	6
94	13
96	2
97	1
104	12
105	7
107	7
111	9
117	1
120	9
123	14
125	15
129	8
130	7
132	14
135	6
136	7
137	7
143	3
144	11
153	15
156	4
158	1
159	7
160	2
164	1
165	9
166	15
167	11
168	6
171	7
173	11
174	11
177	15
178	11
179	3
181	10
183	4
184	7
186	2
187	6
188	6
192	11
193	6
195	5
197	4
198	10
199	13
Market 65
5	14
6	6
7	3
8	13
9	11
10	5
12	1
13	2
15	9
16	2
18	10
19	4
20	15
21	5
24	10
25	11
28	11
29	6
34	8
35	3
36	5
38	5
39	15
40	4
43	3
44	12
45	4
47	4
49	10
50	13
55	10
56	11
59	14
61	7
62	13
63	9
64	1
66	15
76	7
79	13
81	3
85	13
86	4
87	3
88	5
89	14
90	3
91	14
92	11
94	12
97	1
99	1
101	14
102	1
103	11
104	7
105	11
107	10
108	3
111	12
114	12
116	2
120	14
123	4
124	6
125	15
126	13
128	1
129	14
130	4
132	5
133	7
136	6
138	11
140	9
142	14
144	12
145	14
148	11
150	6
151	5
152	9
153	4
156	12
159	14
160	7
161	4
164	15
165	4
166	12
167	10
168	6
170	8
171	6
173	14
178	11
179	10
181	4
182	3
183	10
184	2
186	10
187	8
188	6
191	7
193	6
194	4
195	1
196	5
197	4
198	3
199	13
Market 53
7	3
9	1
10	7
13	10
16	15
19	12
20	11
21	15
22	13
26	15
27	5
29	4
30	7
34	11
37	12
38	4
39	10
40	7
43	4
44	13
45	14
50	8
56	4
59	9
60	4
61	14
63	1
66	10
78	6
79	13
81	15
86	1
87	2
88	13
89	1
91	5
95	5
97	1
100	13
101	11
104	8
105	6
106	14
107	10
108	3
115	13
119	5
120	10
121	9
122	3
124	9
125	3
128	5
130	2
131	13
132	9
133	4
138	9
139	11
141	8
142	15
145	3
148	7
149	3
150	12
156	10
157	10
159	4
160	5
161	6
163	13
165	9
166	4
167	9
170	14
173	7
177	5
178	6
179	4
182	9
184	13
185	9
187	7
188	6
191	15
193	7
194	1
195	11
196	12
198	7
199	13
Market 43
2	7
5	11
9	2
10	1
11	8
16	15
17	2
19	11
22	14
25	7
29	4
32	1
34	12
39	6
40	11
43	9
46	11
47	3
50	14
53	11
54	5
56	15
62	15
66	11
71	12
81	13
83	4
84	3
89	10
90	8
91	3
94	13
95	7
96	13
97	14
100	6
101	2
102	11
104	1
105	10
106	5
107	10
115	1
116	8
117	6
121	10
123	15
124	8
127	10
128	7
129	4
130	11
132	2
135	11
137	13
143	15
144	12
145	13
148	11
150	5
151	10
156	9
158	7
159	12
161	13
164	11
165	13
166	7
167	9
168	4
173	12
177	2
179	4
180	15
181	9
184	11
188	13
191	2
193	12
196	9
198	13
Market 101
2	9
3	9
5	15
8	8
9	8
17	14
18	8
20	15
22	1
24	1
27	5
28	3
29	12
32	11
34	12
38	8
43	5
45	3
47	1
49	6
50	5
52	11
53	15
55	7
57	12
58	11
61	5
64	4
66	4
71	13
79	6
81	13
83	11
85	5
88	5
90	11
91	9
95	12
96	4
99	5
100	7
101	15
102	15
104	7
105	1
106	15
107	5
111	3
116	15
117	11
120	2
121	2
123	8
124	12
125	2
128	7
129	14
130	7
140	15
143	9
144	2
147	8
150	12
151	11
153	6
156	6
158	14
159	2
160	11
161	6
164	7
165	8
166	3
167	7
168	5
169	8
170	7
171	13
173	4
174	3
177	12
179	2
181	15
183	7
184	13
186	7
187	14
188	15
191	4
193	8
194	14
195	7
197	12
Depot
