CapEuclideo.150.200.1.5
Total Cost:499087
|M*|: 149
Depot
Market 138
1	15
3	13
6	10
7	11
8	3
10	3
13	3
18	8
19	8
21	11
22	8
24	2
28	1
29	14
31	1
34	12
36	7
37	12
40	3
41	15
42	7
44	2
45	13
47	15
48	6
50	14
51	15
52	14
54	12
55	3
57	7
61	2
64	6
67	1
68	2
69	10
70	4
72	13
74	8
76	11
77	4
78	8
79	14
80	8
82	3
84	2
86	4
88	7
93	11
94	4
97	13
98	2
101	1
102	8
104	14
105	12
107	9
108	1
109	14
110	15
112	11
117	8
118	12
122	4
128	3
131	6
132	10
133	14
137	9
138	4
141	6
142	5
143	5
149	10
150	14
153	8
155	11
156	1
157	1
158	5
162	3
164	12
165	3
166	12
167	3
168	3
171	2
172	6
176	5
178	11
179	4
181	8
182	6
183	14
184	11
186	10
187	15
189	9
190	8
191	13
192	3
193	10
194	9
195	5
197	14
198	3
199	9
200	8
Market 32
1	4
6	8
19	4
21	11
24	8
29	8
34	13
37	15
40	4
42	4
44	6
45	3
49	12
52	8
54	11
57	9
61	12
64	13
68	5
69	12
70	8
75	6
78	2
79	11
80	15
85	1
90	9
94	11
97	10
101	4
104	11
108	15
109	14
112	4
118	9
122	11
125	15
129	6
131	10
132	15
133	3
139	7
140	13
141	15
145	11
147	5
149	5
150	11
154	13
155	9
156	7
157	13
158	12
160	13
161	6
162	1
164	13
166	15
167	10
168	2
172	2
173	12
176	4
178	10
179	14
180	8
181	3
182	3
183	12
184	8
185	7
189	13
190	13
191	3
192	3
193	12
195	3
196	4
200	12
Market 68
3	14
6	6
7	13
11	10
13	10
16	11
19	15
21	3
22	8
24	10
26	7
31	14
36	12
39	10
40	3
41	5
44	12
47	4
50	15
53	6
54	7
55	10
57	7
60	12
63	5
67	10
68	15
69	8
70	5
72	4
76	7
79	13
82	2
87	8
88	2
92	11
97	6
98	9
101	14
102	5
104	10
105	2
108	3
109	1
111	9
117	2
120	10
129	15
130	6
138	6
140	13
142	14
145	14
147	13
150	6
151	7
154	4
155	1
158	10
160	15
161	2
162	5
164	3
166	10
169	13
171	10
176	5
178	2
179	4
180	3
182	7
183	6
184	9
189	4
190	12
192	4
193	2
194	6
Market 144
1	8
2	2
6	7
7	2
10	12
13	7
14	11
19	2
21	5
24	10
30	3
34	13
35	14
36	13
37	6
40	5
43	14
44	4
45	15
46	4
50	3
52	4
54	1
57	9
58	10
62	13
66	4
68	6
69	6
72	4
75	9
80	15
81	4
86	15
88	1
91	14
94	6
97	4
98	7
101	6
102	4
104	4
105	11
108	5
109	2
110	5
114	11
119	7
122	7
125	10
126	7
128	15
130	6
137	14
138	10
139	4
141	3
142	5
143	9
145	13
150	15
152	12
153	7
154	14
155	10
158	13
161	5
162	2
164	6
165	2
166	7
168	2
170	15
171	9
172	9
176	15
178	2
179	5
183	14
184	3
189	9
190	4
191	2
193	11
194	9
195	9
200	9
Market 86
2	2
6	4
10	14
13	1
19	6
21	3
24	3
30	5
35	5
37	2
40	7
43	7
44	15
46	5
50	11
52	1
54	12
58	9
62	13
66	11
69	9
72	7
75	14
79	2
81	11
86	2
91	3
94	1
97	6
102	2
105	5
108	15
109	15
110	14
114	4
119	3
123	11
133	4
141	11
142	11
150	2
157	14
162	10
164	4
166	3
168	13
176	3
178	13
179	6
182	8
184	8
187	13
188	15
190	12
192	2
199	6
Market 94
1	12
4	10
6	4
8	12
13	6
18	11
19	10
20	6
21	3
23	7
24	10
28	1
32	13
34	12
37	14
40	12
41	1
44	6
45	14
47	4
48	3
49	8
51	5
52	5
53	15
54	4
57	3
60	9
61	15
62	9
64	13
65	3
70	12
71	8
73	14
74	6
76	2
77	12
78	10
79	11
80	11
83	9
84	15
86	15
88	15
90	11
92	14
93	11
94	5
96	1
97	9
98	8
101	14
104	10
105	14
106	4
109	10
111	1
112	12
114	5
117	2
118	8
120	13
122	4
124	3
125	15
128	5
132	6
133	4
138	7
141	11
142	14
143	13
144	2
149	6
150	12
153	4
155	12
157	12
160	14
162	10
164	6
166	14
167	5
168	6
171	10
176	2
178	3
181	12
182	6
183	5
184	3
186	4
187	3
188	11
189	8
191	3
192	5
193	15
194	1
197	5
198	4
199	1
200	1
Market 104
1	2
6	3
7	2
8	13
13	3
18	5
19	10
21	8
24	12
29	2
34	11
36	4
40	13
41	9
42	12
44	14
45	2
47	2
48	14
51	3
54	3
57	5
61	11
64	12
68	8
70	6
80	8
84	8
86	2
88	9
93	12
97	12
98	15
101	7
104	15
105	1
107	14
108	9
109	5
112	4
118	14
125	9
128	10
129	6
138	12
141	11
143	4
145	15
149	12
153	12
154	12
155	10
158	10
161	11
164	1
166	2
167	12
171	7
173	12
178	15
184	10
186	2
189	10
190	1
191	15
193	12
196	8
200	2
Market 76
1	12
2	4
13	3
17	14
19	6
21	4
23	7
24	11
29	7
34	13
40	15
42	2
46	11
49	7
53	10
54	10
57	4
61	9
62	15
64	11
66	1
68	5
71	4
75	14
79	8
81	7
86	5
88	4
90	7
94	8
97	6
104	6
108	6
110	14
114	15
118	12
128	2
129	7
130	12
133	8
138	2
140	7
141	13
142	1
146	12
150	2
154	13
155	6
157	6
160	7
161	7
162	14
166	10
168	4
171	11
172	4
176	3
179	4
181	5
182	14
184	13
186	14
187	3
190	10
192	8
194	1
195	4
199	1
Market 38
2	14
6	11
7	3
10	13
13	1
14	2
19	15
21	14
24	11
30	14
35	7
37	5
40	12
41	9
47	9
52	1
55	15
57	1
58	14
62	12
67	1
68	10
72	12
76	15
79	3
81	5
86	14
88	6
91	2
94	3
97	1
98	3
102	14
104	11
105	5
108	2
110	2
116	14
119	5
123	10
128	10
132	7
133	2
134	11
137	10
141	11
143	11
149	15
150	1
151	6
152	6
157	9
158	10
162	6
164	7
167	4
168	9
169	4
170	11
171	2
176	10
178	2
179	4
181	10
182	10
183	14
186	11
188	12
189	7
191	3
192	1
193	4
199	4
200	8
Market 21
1	12
2	11
4	13
6	6
7	7
10	11
13	6
14	4
17	9
19	7
20	13
21	6
23	3
24	3
27	11
30	8
32	15
35	14
36	15
37	10
40	12
41	6
43	6
44	9
47	7
48	9
50	8
51	13
52	10
53	12
54	3
57	5
58	8
61	10
64	5
67	3
68	10
69	12
70	11
72	6
73	9
76	4
77	6
79	1
81	14
83	1
86	6
88	9
91	3
92	12
94	8
96	15
97	15
102	10
104	15
106	7
109	8
111	9
116	1
117	12
120	13
123	1
125	6
128	8
129	2
130	1
131	2
134	6
137	7
138	5
139	1
142	1
143	3
145	11
150	5
151	3
153	4
154	13
155	2
157	3
158	9
160	4
161	6
165	7
166	7
169	8
171	10
172	15
176	11
178	3
179	10
181	12
182	5
183	7
184	8
188	11
189	3
190	6
191	9
192	12
193	5
194	11
199	9
200	9
Market 22
1	9
4	11
6	15
7	4
8	15
13	9
17	13
18	3
19	11
20	5
21	14
23	14
24	15
32	7
34	10
36	2
37	1
40	5
41	7
42	14
44	7
45	11
48	10
51	11
53	3
54	2
57	12
61	15
64	4
68	9
70	9
74	3
76	5
77	10
83	2
84	7
88	14
92	2
94	3
96	3
97	10
98	11
101	15
104	5
107	5
108	6
109	10
111	7
112	7
118	7
120	7
125	5
128	3
133	6
135	8
138	13
142	13
143	14
149	6
150	2
152	15
153	8
157	12
158	11
162	2
164	15
165	11
166	14
168	2
169	15
171	7
176	6
177	10
178	13
179	15
181	14
182	5
183	13
188	2
189	13
191	8
192	15
193	1
194	1
199	3
200	6
Market 65
1	3
2	4
6	13
7	12
8	1
10	8
13	6
15	9
18	14
19	8
21	15
22	12
24	8
31	6
34	5
35	3
36	3
38	6
40	2
41	2
42	9
44	7
45	1
47	11
48	9
50	7
51	8
52	9
54	13
55	12
59	9
61	5
63	1
64	15
67	5
68	8
69	5
70	9
72	12
74	2
76	2
77	14
79	5
80	9
82	7
86	9
88	10
91	14
94	5
97	8
98	3
101	6
102	1
104	1
105	15
107	9
108	13
109	5
110	1
112	4
116	5
118	3
119	9
122	7
123	13
125	13
128	6
132	9
137	10
141	6
142	6
149	3
150	9
152	3
153	5
155	7
157	4
158	10
161	10
162	5
164	9
165	1
166	11
167	1
168	6
171	3
173	5
176	10
178	15
179	7
181	10
182	13
183	3
184	5
186	15
189	5
190	9
191	3
193	4
194	12
196	3
200	5
Market 29
1	13
2	4
6	5
7	14
8	15
9	1
13	10
17	8
18	11
19	3
20	13
21	9
23	14
24	3
26	1
28	2
29	3
34	12
35	3
36	10
37	10
40	12
41	5
42	8
43	2
44	6
45	6
46	13
47	12
48	1
49	1
51	12
52	15
53	5
54	9
56	3
57	4
60	7
61	4
62	9
64	13
66	7
68	12
70	12
75	5
76	1
77	2
79	11
80	12
81	5
83	8
84	10
86	1
88	4
92	5
93	1
94	5
96	14
97	10
98	13
104	8
105	10
107	5
108	14
109	9
110	11
112	3
114	11
117	15
118	8
119	15
120	5
122	15
124	1
125	12
128	15
129	2
131	2
133	14
135	8
138	11
139	1
142	3
144	7
145	4
149	10
150	8
151	10
153	8
154	3
155	12
157	3
159	8
161	4
164	13
166	10
168	11
169	8
172	6
176	7
179	6
181	11
182	14
183	4
188	3
189	1
190	4
191	3
192	3
193	4
194	14
195	8
199	8
200	8
Market 71
1	11
3	11
6	4
7	10
8	8
10	3
12	12
13	1
16	6
17	8
19	4
21	12
22	15
23	4
24	5
25	2
26	3
28	4
31	2
33	7
35	7
36	13
39	4
40	3
41	14
42	3
44	5
47	4
48	14
50	1
51	10
52	13
53	9
55	11
56	1
57	1
59	8
60	14
61	7
63	3
64	5
67	4
68	2
69	1
72	6
73	10
74	14
76	7
77	13
79	3
80	9
82	12
83	14
84	11
86	14
88	6
91	3
92	4
93	14
96	14
97	11
98	4
100	10
102	8
104	9
105	4
107	14
108	12
109	8
110	2
111	3
112	13
117	6
118	9
119	10
120	11
122	5
123	15
124	13
125	7
131	6
132	12
133	11
134	4
141	10
142	11
149	2
150	12
151	12
153	5
155	2
156	12
157	8
161	12
162	5
164	3
166	9
167	11
168	15
169	5
171	3
172	9
176	9
178	15
179	5
181	2
182	15
184	2
186	8
190	1
191	12
192	12
195	2
197	11
199	6
Market 13
1	8
3	10
4	10
7	2
8	9
12	7
13	2
18	10
20	9
23	5
26	15
27	6
28	2
31	14
32	5
33	7
34	6
36	2
39	9
40	5
41	7
42	15
44	8
45	13
48	3
51	7
53	4
54	11
56	4
60	6
61	12
67	1
68	2
69	8
70	6
73	7
74	12
76	1
79	1
83	1
84	8
88	10
92	7
93	15
96	5
97	14
98	2
101	11
102	2
104	15
105	8
107	12
108	12
109	6
111	5
112	2
118	7
120	4
121	13
122	2
124	10
125	6
128	9
129	12
130	2
131	15
132	7
133	3
138	14
140	6
141	12
142	15
145	15
146	15
149	8
150	4
153	3
155	14
156	9
157	10
158	8
160	13
161	1
164	5
168	8
171	15
174	11
176	14
178	5
179	4
181	3
182	15
183	10
184	1
185	15
186	15
187	10
189	2
191	11
192	13
193	2
194	13
195	7
196	4
197	2
198	13
199	14
Market 133
3	13
7	15
10	14
16	13
17	7
19	13
21	9
22	2
23	15
24	14
25	8
31	4
36	12
39	2
40	4
41	14
47	4
50	11
52	6
53	2
55	1
60	13
63	15
67	8
69	15
72	3
76	8
79	2
82	2
83	3
86	8
88	9
92	7
94	12
96	2
98	1
102	6
104	9
105	3
108	12
109	3
110	10
111	6
117	8
120	2
123	5
128	11
129	9
133	8
134	1
138	8
142	9
143	10
144	1
150	11
153	4
155	10
157	14
158	5
160	12
161	1
162	13
164	15
166	1
168	11
169	12
171	9
172	8
176	6
178	4
179	11
183	15
184	14
186	1
187	2
188	10
189	12
190	3
191	3
192	12
193	15
194	6
195	12
199	9
200	13
Market 91
1	15
6	10
7	7
8	9
13	4
19	15
20	13
21	11
23	15
24	12
27	10
29	11
32	14
33	12
34	11
36	6
37	6
40	9
44	11
45	2
48	2
49	6
51	6
52	15
53	10
54	5
57	2
61	10
62	6
64	15
65	8
68	10
70	1
71	7
74	15
77	2
78	5
79	3
80	4
84	9
86	10
88	3
90	11
93	7
94	14
97	10
98	7
100	5
102	10
104	15
107	3
108	3
109	1
111	8
112	8
114	6
118	7
119	11
121	13
122	8
125	7
128	2
130	7
131	13
132	8
138	1
140	15
141	2
142	4
144	11
146	8
149	8
150	11
153	5
155	14
160	15
161	10
162	6
164	10
165	13
166	4
167	1
168	15
171	6
172	8
175	14
176	10
179	3
181	6
184	1
185	8
186	8
190	8
191	15
194	2
195	4
196	2
Market 34
1	8
3	11
7	5
10	4
13	9
16	2
19	8
22	13
24	12
25	13
31	12
36	15
39	15
40	13
41	2
44	6
47	5
53	1
55	7
60	10
63	3
67	3
68	10
69	10
72	12
76	15
79	13
80	9
82	5
86	11
92	10
96	13
97	4
98	3
102	13
105	6
108	5
109	12
110	2
117	2
120	2
124	1
128	12
130	1
137	3
138	9
140	11
142	5
143	5
146	9
149	2
150	10
151	13
152	4
153	3
155	8
157	1
158	2
161	5
164	4
166	9
168	6
169	9
171	15
172	15
176	4
178	12
179	3
181	13
182	15
183	1
184	5
186	13
188	12
189	13
190	15
191	7
192	7
193	1
195	9
199	3
200	10
Market 59
1	3
2	4
3	13
6	3
7	8
8	4
10	5
11	15
13	3
15	1
16	1
18	8
19	10
21	10
22	4
24	8
26	1
29	15
31	13
34	15
36	6
37	2
38	15
39	2
40	3
41	1
42	14
43	15
44	12
45	15
47	2
48	6
49	5
50	5
52	11
53	12
54	13
55	4
57	10
59	1
60	2
61	6
62	4
63	1
64	15
65	6
67	3
68	15
69	10
70	14
71	14
72	8
74	4
78	2
79	14
80	13
82	9
84	1
86	12
87	14
88	4
90	7
91	4
96	6
97	14
98	7
101	12
102	14
104	14
105	3
107	7
108	13
109	2
110	7
111	14
114	6
117	7
118	8
119	6
120	9
122	12
123	3
124	8
125	7
129	13
131	5
132	11
133	5
134	12
138	1
141	1
142	14
145	4
149	5
150	4
151	9
154	2
155	10
156	13
157	12
160	4
161	2
162	14
164	13
166	2
167	15
168	4
169	5
171	7
175	9
176	11
178	4
179	15
182	15
184	1
186	4
187	1
188	12
190	4
191	8
192	1
194	5
195	14
196	6
197	12
198	1
199	14
Market 92
1	9
2	14
3	3
6	12
7	7
10	4
13	12
16	9
24	2
25	1
29	10
31	11
34	1
36	6
37	11
39	12
40	2
41	9
43	15
44	9
46	8
47	13
49	13
50	7
52	4
53	9
54	15
55	7
62	4
63	2
65	2
67	4
68	6
69	14
71	7
72	8
75	7
76	10
79	8
82	6
86	13
90	5
92	6
94	7
96	8
97	13
98	8
101	14
102	8
105	3
108	15
110	9
114	1
117	7
119	9
120	10
122	8
124	13
127	14
128	15
129	6
137	13
138	8
139	3
141	11
143	12
144	9
150	1
152	13
154	8
155	9
158	13
159	8
160	12
164	10
165	6
166	15
168	10
170	4
171	1
172	4
176	9
179	1
183	12
184	15
189	7
190	3
193	12
194	12
195	5
200	5
Market 95
1	15
3	5
7	4
12	4
13	9
17	8
19	11
20	11
23	9
31	1
36	3
37	14
39	3
40	10
41	11
47	1
50	14
53	14
56	12
60	8
63	10
67	3
73	11
79	5
83	10
88	15
94	13
96	6
102	3
105	12
108	6
109	10
111	5
117	7
120	14
124	13
131	13
140	5
141	6
142	13
147	9
149	6
150	4
153	12
155	4
161	12
164	6
166	10
167	1
172	7
173	2
178	7
180	10
181	13
182	2
184	10
186	2
190	3
191	2
192	4
195	8
196	13
199	11
Market 66
1	5
6	9
8	3
13	6
19	2
21	10
24	3
29	14
36	14
37	3
40	14
42	11
44	7
45	15
49	5
52	7
54	1
57	10
62	5
65	1
68	11
75	11
78	1
79	6
86	15
88	8
90	15
94	8
97	7
101	10
104	12
108	2
109	5
114	10
119	3
122	13
125	15
130	12
133	15
134	13
139	2
141	11
142	11
145	5
150	12
151	8
154	8
157	14
161	5
162	3
168	15
169	6
172	5
176	8
179	10
181	15
182	2
183	15
184	7
188	9
189	8
190	4
191	3
192	12
193	13
195	12
199	15
Market 130
1	14
6	1
7	15
13	2
15	9
19	4
21	1
22	12
24	4
30	14
35	10
38	2
44	4
47	7
50	5
52	14
55	4
57	4
58	2
63	8
67	12
68	9
69	11
72	14
76	11
79	3
82	5
86	4
91	3
94	7
97	13
98	9
101	2
102	5
105	14
108	14
110	12
116	2
119	1
122	6
123	7
128	13
138	2
141	13
142	1
144	10
149	4
150	9
153	13
155	5
158	8
160	6
161	4
162	12
164	1
165	12
167	7
168	5
171	13
173	14
176	11
179	4
181	10
186	6
187	2
189	8
190	12
194	1
196	3
198	11
Market 79
1	10
2	12
6	2
7	12
8	3
10	14
13	9
14	1
17	7
20	3
21	13
23	4
26	5
28	13
30	15
31	13
34	7
35	12
36	9
37	8
39	8
40	2
42	14
44	11
47	9
48	6
51	13
52	4
53	14
55	1
57	8
58	1
60	7
61	5
62	10
63	14
64	12
67	11
68	12
69	5
70	7
72	2
73	8
74	11
76	2
77	3
80	7
81	11
83	14
84	3
86	10
88	5
91	15
92	11
93	2
94	13
96	2
97	5
98	10
101	13
102	12
104	13
105	11
107	3
108	7
109	14
110	8
111	13
112	14
116	4
117	9
118	3
119	2
120	9
122	12
123	4
124	6
125	6
128	11
130	5
131	2
132	2
137	8
138	5
139	7
141	12
142	5
143	10
145	10
149	15
150	6
152	8
154	3
155	1
156	9
157	12
158	1
161	12
162	13
164	9
166	10
167	7
168	1
171	11
176	3
178	3
179	4
181	13
182	4
183	12
186	15
187	10
189	7
190	8
191	6
192	6
193	5
194	6
195	11
197	4
198	11
200	5
Market 5
1	6
2	6
6	10
7	10
8	12
10	2
13	4
15	14
17	5
18	6
19	15
21	4
24	3
29	4
30	15
34	4
36	3
37	6
40	14
41	10
42	12
43	4
44	6
45	1
47	12
48	14
50	6
51	10
52	9
53	14
54	5
57	15
58	10
61	15
63	10
64	10
67	6
68	4
69	13
70	9
72	14
74	3
76	1
77	13
79	3
80	2
84	7
86	2
88	6
91	2
94	2
97	9
98	10
101	13
102	8
104	1
105	12
107	12
108	3
109	5
110	12
112	13
116	1
118	8
119	5
122	5
123	15
128	4
129	1
130	1
132	11
133	9
138	9
140	15
141	6
142	8
150	7
154	7
155	11
157	13
158	7
161	3
162	3
166	2
171	7
172	5
176	10
179	10
180	5
181	11
182	9
184	2
185	6
188	14
191	6
192	10
194	2
195	14
198	7
199	7
200	14
Market 24
1	4
2	12
10	5
14	1
15	12
19	13
21	11
22	6
24	12
30	15
31	13
37	4
38	4
40	3
41	5
43	7
44	7
47	5
50	10
52	1
55	6
59	3
63	4
67	9
69	2
72	10
76	6
79	5
81	9
82	2
88	9
91	15
94	4
95	11
98	5
102	15
105	14
108	12
109	6
110	6
116	12
117	5
119	10
123	2
125	11
128	2
132	3
138	7
140	15
141	15
142	14
143	4
150	6
153	9
158	11
161	10
162	3
165	12
166	8
167	12
168	6
171	13
172	12
176	10
179	3
181	9
184	9
185	6
186	6
189	9
190	14
191	2
194	4
195	11
196	3
200	14
Market 135
7	13
8	6
13	5
17	13
19	14
21	15
24	9
26	13
28	6
29	12
31	9
33	15
34	11
36	4
37	6
39	2
40	10
41	4
42	15
44	5
45	14
47	13
49	10
50	2
51	7
52	4
53	9
54	14
57	7
60	9
61	4
63	13
64	2
67	14
69	4
70	5
74	5
76	15
77	1
78	10
79	14
80	11
84	15
86	1
88	9
90	12
92	9
94	5
96	14
97	8
98	7
101	1
102	2
104	10
105	15
107	14
111	8
112	2
113	11
117	5
118	8
120	6
122	15
124	15
125	13
128	13
129	2
130	4
131	6
132	13
138	11
141	7
142	11
145	1
146	12
150	3
153	6
155	5
156	6
158	10
159	3
160	11
161	2
162	7
164	8
165	3
166	12
168	15
171	5
172	2
176	13
178	7
179	8
184	4
186	4
187	14
190	11
194	5
195	7
198	12
200	9
Market 67
1	7
3	2
6	15
7	14
8	14
10	12
13	8
17	13
19	10
21	2
22	3
24	5
27	8
29	5
33	13
34	12
35	1
36	3
40	3
41	14
42	15
44	10
48	13
50	8
51	13
52	12
53	4
54	2
55	13
57	11
61	4
63	3
64	2
68	1
69	3
70	8
74	10
76	1
77	11
79	9
80	10
82	14
86	2
88	14
93	12
97	12
98	7
99	6
101	8
102	15
104	5
105	1
107	7
108	3
109	4
110	9
112	9
117	12
118	12
121	8
123	3
125	12
128	4
130	9
131	7
132	11
138	1
140	6
141	1
142	15
143	3
147	3
149	8
155	3
156	5
158	1
161	1
164	1
165	2
166	12
167	3
172	4
179	2
180	9
181	8
182	4
183	5
184	12
185	1
186	9
189	2
190	6
191	8
192	15
194	14
195	9
198	10
200	6
Market 100
1	15
2	4
6	5
7	5
8	7
10	9
13	14
19	5
21	6
24	5
29	12
34	7
35	1
37	9
40	3
41	2
43	13
44	10
45	5
47	1
49	8
50	11
52	6
54	11
55	13
57	8
58	10
62	7
65	3
67	4
68	13
69	5
71	1
72	2
75	4
76	8
79	11
80	5
86	7
90	5
91	4
94	15
97	10
98	10
101	6
102	1
104	8
105	9
108	8
109	6
110	14
114	3
116	9
119	8
123	12
125	14
128	6
129	10
131	4
133	5
138	3
141	3
142	4
143	8
145	8
149	7
150	9
153	11
154	3
155	1
157	3
158	1
160	15
161	15
162	14
164	9
165	10
166	12
167	1
171	5
176	1
177	2
178	15
179	6
181	6
182	10
183	13
184	4
186	2
188	1
189	2
191	2
192	1
193	1
194	8
199	12
200	14
Market 141
1	10
2	12
3	4
6	2
7	8
8	5
11	7
13	14
17	10
19	15
21	3
23	9
24	8
26	1
29	8
31	13
34	15
36	7
37	9
39	8
40	2
41	1
43	4
44	13
45	12
47	13
49	3
50	15
52	7
53	12
54	14
55	2
57	15
60	6
62	7
65	7
67	12
68	14
69	14
71	1
72	2
75	4
76	9
79	9
80	3
86	10
88	14
90	14
92	3
96	12
97	5
98	9
101	13
102	14
104	5
105	11
108	10
109	8
111	13
114	13
117	8
119	11
120	3
122	10
124	10
125	2
130	2
133	13
135	10
140	8
142	10
152	9
155	11
157	4
158	2
161	14
162	11
164	6
166	8
168	14
169	2
172	15
176	3
178	11
179	13
182	9
183	11
184	15
187	7
188	3
189	11
190	8
193	11
198	14
199	15
Market 4
1	9
2	6
3	12
5	1
6	5
7	4
10	11
12	13
13	1
14	3
17	1
19	12
20	7
21	13
23	15
24	2
26	9
27	3
30	6
31	9
32	11
35	1
36	14
37	2
39	10
40	14
41	7
43	2
44	13
47	15
48	1
50	9
51	2
52	15
53	6
54	6
56	10
57	7
58	12
60	10
62	2
63	10
64	4
67	1
68	7
69	9
70	4
72	1
73	5
74	4
76	14
79	15
80	3
83	10
84	10
86	1
88	7
91	8
92	1
93	14
94	10
96	12
97	2
98	9
102	7
104	14
105	13
106	10
108	4
109	4
110	11
114	15
117	15
118	11
119	9
120	1
123	1
124	4
125	3
128	14
130	11
131	6
132	4
137	5
140	9
141	15
142	12
143	10
146	12
149	9
152	8
155	6
156	8
157	4
158	6
161	4
162	13
164	2
166	10
167	8
168	15
169	3
170	12
171	8
172	15
176	9
178	8
179	3
181	2
182	12
183	8
184	13
186	8
187	12
188	2
189	14
190	6
191	9
192	2
195	15
199	11
200	6
Market 53
1	15
6	1
7	15
8	6
13	12
18	8
19	13
21	1
24	10
28	4
29	7
34	9
36	11
37	6
40	12
41	10
42	4
44	1
48	11
49	6
51	4
52	12
53	15
54	2
57	11
61	13
64	1
68	4
70	14
74	4
75	12
76	1
78	1
79	12
80	11
84	10
85	12
88	12
90	12
93	13
94	1
97	3
98	14
101	12
107	10
108	8
109	5
112	4
117	14
125	6
127	1
128	13
129	9
138	15
141	13
142	11
143	7
144	2
149	12
150	5
152	9
153	6
155	12
157	5
158	14
160	5
161	12
162	14
164	2
165	4
166	4
170	8
171	1
172	11
176	10
178	8
179	14
181	9
182	13
183	10
184	5
186	6
189	11
190	14
191	10
192	5
193	11
194	6
195	13
200	15
Market 125
1	4
2	7
6	4
8	4
10	7
14	10
19	8
21	13
23	2
24	15
27	7
29	11
31	1
33	12
34	5
35	10
36	4
37	3
40	8
41	1
42	11
43	6
44	5
45	10
47	12
48	3
50	11
51	1
52	5
53	14
54	6
55	11
58	4
61	15
62	15
63	13
64	11
65	2
67	2
68	12
69	5
70	9
71	4
72	15
74	7
75	14
76	6
77	15
79	2
80	12
81	14
84	5
86	9
88	11
90	13
91	5
93	4
94	4
97	11
98	13
99	13
101	12
102	14
104	7
105	8
108	14
109	7
110	9
111	7
114	7
116	9
118	15
119	2
121	1
122	11
123	2
125	8
131	15
132	3
133	3
135	6
138	8
141	5
149	13
152	12
153	10
155	11
157	6
158	14
162	13
164	2
166	14
167	3
168	14
169	11
171	2
172	11
175	15
176	13
178	13
179	14
181	9
182	14
183	1
186	8
187	14
188	9
189	5
190	12
191	10
192	2
194	4
195	4
196	3
198	5
199	10
Market 35
1	4
2	7
3	8
6	4
7	8
8	15
9	8
10	4
12	15
13	15
17	11
18	6
19	15
20	3
21	2
24	8
26	12
29	12
30	15
31	12
34	7
36	5
37	12
39	2
40	15
41	8
42	11
43	15
44	9
45	1
46	13
47	4
48	1
49	6
52	3
53	8
54	4
56	6
57	2
60	12
61	13
62	6
63	6
64	8
66	13
68	14
69	14
70	3
71	11
73	6
74	9
75	10
76	2
79	11
80	11
81	5
83	12
84	2
86	13
88	1
91	5
92	9
94	2
96	4
101	2
102	4
103	8
105	4
107	9
108	14
109	7
110	14
111	11
112	1
114	11
117	7
119	13
120	3
122	15
123	7
124	12
125	6
128	6
132	15
133	13
138	5
141	6
143	6
144	8
150	8
153	11
156	10
158	7
160	2
162	9
165	6
166	14
167	11
168	6
171	3
172	5
176	13
178	2
179	2
181	3
182	15
183	8
184	5
186	11
187	12
188	5
191	3
192	1
194	11
198	2
199	12
200	14
Market 25
1	2
3	7
4	1
6	13
7	3
8	2
10	5
13	3
16	15
17	13
20	8
21	12
22	12
23	6
24	10
25	2
27	5
29	14
31	10
32	10
34	6
35	8
36	2
37	4
38	15
39	8
40	5
41	12
43	5
45	11
47	11
48	4
49	2
50	12
51	10
52	12
53	12
54	7
55	3
57	1
59	3
60	1
62	2
63	3
64	2
65	9
67	14
68	1
69	2
70	2
71	2
72	8
73	7
75	11
76	15
79	10
80	10
82	12
83	2
86	14
90	13
91	10
92	13
94	15
96	5
97	12
98	1
101	15
102	7
104	5
105	13
106	6
108	14
109	7
110	15
111	7
114	10
117	11
119	5
120	4
122	3
123	9
124	13
125	14
128	10
129	9
133	1
138	3
139	15
142	13
143	13
144	14
145	7
150	15
153	4
154	3
155	9
157	8
158	4
160	3
161	14
162	4
164	12
165	13
166	6
171	7
172	12
176	15
178	2
179	9
181	15
183	7
184	5
189	13
190	9
191	10
192	4
193	14
194	9
195	2
200	15
Market 147
1	2
2	14
6	2
7	12
8	2
10	2
13	2
15	13
18	1
19	8
21	6
22	14
24	14
29	2
30	14
34	4
35	10
37	4
38	4
40	4
41	6
42	13
44	2
45	14
47	15
48	6
50	5
52	3
54	6
55	13
57	4
58	7
61	5
63	13
64	5
68	12
69	12
70	15
72	1
76	7
77	5
79	13
80	9
82	14
84	2
86	7
88	5
94	3
97	5
98	3
101	12
102	3
104	12
105	13
107	14
109	9
110	4
112	12
116	7
118	7
119	8
122	7
123	11
125	9
129	6
130	4
138	7
139	5
142	6
143	2
144	1
153	6
154	9
155	14
158	3
160	2
161	13
162	11
164	13
166	6
171	14
176	10
178	2
183	5
184	12
189	10
190	14
193	10
194	3
195	14
199	2
200	14
Market 127
1	4
2	7
3	15
6	3
7	3
8	3
10	10
12	6
13	9
17	12
19	11
20	9
21	1
23	13
24	13
26	7
28	13
30	6
31	6
33	4
35	14
36	5
37	3
39	8
40	1
41	12
42	6
43	13
44	4
46	5
47	13
48	3
49	5
51	15
52	12
53	9
54	12
56	3
57	10
58	1
60	15
61	12
62	11
63	8
64	11
66	4
67	15
68	11
69	6
70	1
71	5
73	13
74	15
75	15
76	11
77	7
79	2
80	15
81	4
83	8
84	11
86	14
88	13
91	9
92	4
93	12
94	1
97	9
101	11
104	9
105	9
108	8
109	5
110	14
111	9
112	7
114	4
117	9
118	4
119	1
120	14
122	2
123	14
124	1
125	3
126	10
128	15
129	7
131	6
133	3
137	5
138	13
140	10
141	14
142	13
143	12
145	6
148	2
150	7
154	7
155	6
157	5
158	11
160	14
161	11
163	3
164	2
166	6
168	13
171	9
172	12
176	5
178	15
179	10
181	1
183	9
185	2
186	3
188	14
189	3
190	6
191	13
192	8
193	4
195	4
199	11
200	8
Market 47
1	8
3	8
4	10
6	6
7	8
8	11
12	11
13	7
17	9
20	6
21	11
23	14
24	15
26	13
29	13
31	6
32	14
34	2
36	10
37	11
39	7
40	5
41	11
42	9
44	7
45	13
47	9
49	9
50	11
51	1
52	11
53	7
54	15
56	7
57	15
60	9
63	13
67	3
68	3
69	8
70	3
73	2
75	13
78	2
79	10
80	7
83	2
88	8
92	7
94	11
96	7
97	12
98	4
102	8
103	1
104	4
105	3
108	11
109	12
111	3
117	10
118	3
120	15
124	3
125	12
132	14
133	6
138	8
141	6
142	6
143	10
149	3
150	3
155	7
157	3
158	9
161	8
162	10
166	7
167	8
168	11
171	11
176	1
178	12
179	15
181	1
182	14
183	10
184	15
186	11
187	12
189	8
190	6
191	15
192	13
193	12
195	14
197	2
200	14
Market 33
1	14
5	6
6	14
7	8
8	13
10	4
12	13
13	4
17	9
19	12
20	15
21	2
24	3
26	1
27	10
32	9
33	7
35	6
36	15
39	5
40	1
41	8
42	6
47	11
48	7
50	11
51	13
52	2
53	6
56	11
57	9
60	14
61	8
63	9
64	3
67	15
69	1
70	11
72	13
73	13
74	3
77	7
79	13
80	8
83	9
84	11
88	5
91	6
92	6
93	4
96	12
97	4
99	11
102	9
104	13
106	13
107	9
108	4
109	6
110	1
119	15
123	9
124	10
125	7
128	2
129	9
133	5
138	15
142	6
143	13
145	5
149	8
150	1
153	7
154	3
155	5
157	12
158	2
160	3
161	4
164	13
165	3
166	12
168	10
171	15
172	12
176	8
179	13
181	8
182	5
183	11
186	4
189	2
190	14
191	10
192	10
194	4
195	9
200	3
Market 44
1	2
3	10
6	3
7	14
8	4
13	1
17	3
19	13
21	7
23	10
24	10
26	1
28	9
31	12
33	4
36	11
39	10
40	3
41	10
42	6
44	13
47	9
48	11
50	12
53	9
57	15
60	1
61	10
63	12
64	14
67	13
68	15
69	4
70	2
72	15
74	8
76	14
77	7
79	10
80	9
83	15
84	8
88	14
92	6
93	9
96	10
97	7
98	13
100	6
102	13
104	9
105	12
107	3
108	8
109	5
111	9
112	4
117	13
118	8
122	14
124	5
125	5
129	13
130	14
131	3
133	10
138	14
140	9
141	12
142	14
145	11
146	9
149	11
154	15
155	5
157	4
158	12
160	6
161	4
162	1
164	10
166	14
167	13
168	8
171	6
172	11
179	6
181	2
182	8
184	8
186	6
187	3
188	14
189	4
190	8
191	6
192	1
195	8
198	8
199	6
Market 110
2	6
6	5
7	9
8	12
10	11
13	6
17	13
19	13
20	9
23	6
26	2
30	2
35	3
36	13
37	10
39	11
40	15
41	4
43	15
44	2
46	12
47	11
49	11
52	13
53	2
54	14
57	11
60	7
62	12
66	5
68	8
69	12
70	13
71	4
73	11
75	13
76	4
79	13
80	15
81	1
83	1
86	5
88	15
91	10
92	14
96	15
97	9
98	12
101	15
104	14
105	3
108	1
109	9
110	13
111	9
114	14
117	3
119	7
120	8
123	4
124	7
125	8
131	13
132	15
133	9
138	1
141	4
142	12
149	4
150	10
155	11
156	15
157	6
161	7
162	8
164	10
167	6
168	3
171	11
176	1
178	12
179	9
181	11
184	13
186	12
187	15
188	15
189	9
190	14
191	4
192	13
195	7
197	7
198	2
199	6
Market 30
6	3
7	3
8	6
12	6
13	3
17	9
19	12
20	4
21	9
23	8
24	8
26	8
31	1
36	11
39	14
40	11
42	1
44	13
47	4
52	11
53	4
56	14
57	1
60	14
61	3
64	7
67	8
68	9
70	11
73	4
76	8
79	10
80	11
83	2
88	11
94	7
96	2
97	7
98	10
103	14
104	3
108	11
109	6
111	9
117	11
118	12
120	3
122	2
124	14
125	4
128	12
133	11
135	6
137	11
138	14
142	12
143	12
150	7
151	12
152	12
153	9
155	5
157	1
158	5
161	1
162	11
165	11
166	14
169	4
171	6
172	5
176	2
178	10
179	6
182	5
183	5
184	3
187	13
189	3
190	13
193	7
194	5
195	12
198	15
199	9
200	13
Market 81
1	11
4	2
6	2
7	11
8	15
13	7
17	10
19	11
20	4
21	9
23	10
24	5
26	11
28	3
32	11
33	4
36	2
39	15
40	9
41	1
42	15
44	1
47	4
48	4
51	5
53	1
57	7
60	8
61	7
64	7
68	11
70	5
74	11
76	9
77	6
79	12
80	3
83	13
84	10
88	4
92	8
93	12
96	13
97	12
101	13
104	4
106	5
107	1
108	5
109	15
111	8
112	12
117	13
118	9
120	8
122	12
124	13
125	8
126	6
128	12
129	6
136	2
138	4
140	2
142	14
145	1
150	3
152	14
153	12
154	5
155	10
157	6
158	14
160	15
161	6
162	9
165	11
166	7
170	13
171	5
172	11
176	9
178	9
179	1
181	7
182	9
183	15
184	15
189	2
190	15
191	1
192	9
194	12
195	12
200	9
Market 73
1	12
3	6
6	9
7	1
8	2
10	11
13	15
16	6
17	1
19	7
20	4
21	11
22	5
23	13
24	14
29	3
31	2
34	14
35	12
36	15
37	14
38	14
40	11
41	6
42	15
44	7
45	13
47	7
49	15
50	15
51	14
53	3
54	5
57	10
59	13
61	15
63	15
64	3
67	14
68	15
69	7
70	2
72	4
75	9
76	4
78	1
79	4
80	15
82	4
85	5
86	6
88	5
90	5
91	3
94	8
95	9
97	7
98	6
102	11
104	1
105	4
108	10
109	1
110	9
111	15
117	15
118	3
119	9
120	4
122	10
123	14
125	7
127	13
128	5
130	8
133	1
137	5
138	15
140	15
141	12
142	15
143	2
146	12
150	12
152	1
153	10
157	15
161	7
162	3
165	9
166	13
168	7
170	8
171	14
172	1
176	10
178	2
179	11
181	10
182	8
183	6
184	4
185	1
189	8
190	15
191	6
192	2
193	12
194	4
195	7
199	6
200	13
Market 41
1	10
3	15
6	12
7	2
10	10
13	10
15	13
17	3
19	3
21	11
22	1
23	14
24	12
29	5
31	9
34	1
35	15
36	4
38	15
40	6
41	11
43	6
44	9
45	5
47	2
48	9
49	11
50	1
51	7
53	9
54	15
55	5
57	13
59	15
63	8
64	8
65	9
67	8
68	8
69	9
70	14
71	15
72	5
75	8
76	3
79	6
82	15
88	9
90	12
91	2
94	7
98	12
101	15
102	10
104	14
105	1
108	2
109	9
110	9
114	14
117	1
119	13
122	2
123	8
125	1
128	6
129	12
131	7
137	1
138	3
140	8
142	2
143	11
145	10
149	5
152	1
153	5
154	10
155	1
157	2
158	15
160	10
162	7
164	3
165	6
166	10
170	12
171	14
172	3
176	4
178	1
179	6
181	10
182	3
183	5
184	10
186	2
188	10
189	4
190	3
191	7
192	14
193	6
194	11
199	4
200	2
Market 2
1	12
6	5
8	11
13	10
17	9
19	12
21	5
23	2
24	13
28	4
33	1
36	13
40	7
42	8
44	2
51	8
53	12
57	9
61	7
64	7
74	4
77	8
80	14
86	4
88	2
93	10
97	6
100	11
101	13
104	6
107	13
108	15
109	7
118	2
122	10
125	12
128	4
137	1
138	11
141	11
142	3
143	8
149	2
152	9
153	9
155	2
157	3
158	6
161	8
165	6
169	3
170	13
171	2
172	14
176	2
178	12
179	8
182	5
183	8
184	1
186	1
189	5
190	5
191	4
192	15
193	12
194	5
199	11
200	5
Market 10
3	10
7	5
11	15
13	8
16	7
19	11
21	15
22	9
24	2
31	12
36	14
39	3
40	9
41	6
44	5
47	12
50	8
52	13
53	13
55	3
60	1
63	6
67	2
69	10
72	15
76	13
79	13
82	14
86	2
87	3
92	10
96	7
97	4
98	9
105	10
108	4
109	15
111	5
117	4
119	11
120	13
124	9
128	6
129	3
137	3
139	14
141	8
142	6
143	4
145	15
150	8
152	8
153	7
154	10
155	8
157	9
158	2
160	2
161	2
164	7
165	12
166	1
170	3
171	15
172	2
176	14
178	5
179	3
181	10
182	15
183	8
184	15
189	6
190	4
191	14
193	6
194	11
195	10
200	6
Market 74
1	3
5	10
7	9
19	15
20	1
23	15
24	9
27	2
32	9
40	7
41	9
44	1
47	6
48	15
51	1
53	8
57	7
61	2
64	9
68	7
70	3
74	7
76	9
77	12
79	15
80	11
84	1
88	6
93	3
97	15
104	6
105	6
106	8
108	13
109	13
111	13
118	11
120	5
125	1
128	4
130	15
133	13
134	3
138	14
142	6
144	4
146	14
150	12
153	9
155	6
157	12
158	3
160	6
161	2
162	11
164	8
165	11
168	12
169	5
171	9
172	7
176	11
178	11
182	6
183	12
184	14
188	9
189	9
192	10
193	11
195	8
198	14
199	15
Market 37
1	13
3	8
6	1
7	13
8	11
12	14
13	15
17	2
20	2
21	3
23	1
24	14
26	4
28	13
31	9
34	14
36	8
39	14
40	10
41	15
42	6
44	6
45	14
47	11
48	15
50	4
51	10
53	14
56	5
57	7
60	4
61	10
63	11
64	1
67	3
68	11
69	8
70	12
74	14
76	7
77	12
79	15
80	12
83	3
84	14
88	7
92	4
93	8
96	8
97	9
98	5
101	8
102	2
104	8
105	4
107	1
108	15
109	10
111	13
112	8
117	6
118	11
120	2
122	6
124	12
125	10
128	7
129	1
130	14
133	15
139	4
142	12
143	1
145	10
150	1
153	9
154	15
157	9
158	11
160	12
161	3
162	3
164	8
165	7
166	9
168	11
171	5
172	14
176	12
179	1
184	12
187	3
189	4
190	2
192	2
194	1
195	15
199	12
200	11
Market 113
1	9
2	12
6	5
7	14
8	8
10	2
13	10
15	11
17	13
18	8
19	13
21	2
23	11
24	12
28	5
29	11
30	6
34	12
35	3
36	10
37	6
40	14
41	3
42	10
43	4
46	6
47	5
48	4
49	8
50	5
51	13
52	14
53	14
54	3
55	15
57	9
58	1
61	3
62	8
63	2
64	12
66	3
67	1
68	12
69	7
70	5
71	7
72	5
74	13
75	3
76	5
77	10
80	10
81	14
82	10
84	3
86	14
88	9
91	7
93	2
94	2
97	9
98	10
101	7
102	4
105	13
107	6
108	13
109	11
110	9
114	11
116	3
118	9
119	6
122	2
123	11
125	9
126	2
128	13
133	13
135	13
136	6
138	2
141	8
142	10
144	10
150	15
152	14
153	15
155	15
157	11
160	10
161	3
162	8
164	13
165	6
166	9
168	7
169	3
171	11
172	11
176	13
177	11
178	2
179	7
182	14
183	8
188	15
190	12
192	12
193	5
194	13
195	5
199	11
200	11
Market 140
3	13
6	8
7	3
10	6
13	2
15	10
19	9
21	13
24	3
25	6
31	6
35	13
36	3
38	12
39	6
40	15
41	4
44	2
47	1
50	6
52	12
53	5
55	13
57	9
60	11
63	7
67	14
68	4
69	4
72	2
79	1
82	11
86	12
91	15
92	9
95	3
96	1
97	10
98	6
102	7
104	6
105	2
110	9
117	10
119	9
123	11
124	4
127	7
131	11
138	6
141	12
143	8
149	13
150	15
152	5
153	8
155	3
158	7
159	10
161	5
164	6
165	13
166	12
167	6
170	5
171	7
172	7
176	10
178	14
179	6
181	1
183	6
184	12
186	12
189	11
190	7
191	9
193	10
194	15
195	8
196	9
200	5
Market 148
1	6
6	5
7	8
8	8
10	10
13	12
19	4
21	4
24	15
29	8
34	1
35	7
36	6
37	6
40	12
42	2
44	10
45	2
47	2
49	9
52	3
53	2
54	11
57	7
61	4
65	13
68	12
69	3
71	13
75	5
76	1
79	13
80	8
86	14
90	12
91	6
94	8
97	8
98	8
104	11
108	4
109	11
110	14
114	3
118	13
122	12
123	1
125	11
128	3
133	6
135	2
137	9
138	12
142	13
143	10
150	5
152	15
153	9
155	13
156	10
158	11
161	8
162	5
164	13
165	3
166	7
168	2
169	2
170	12
171	4
172	7
176	14
178	11
181	7
182	5
183	4
187	2
189	7
190	3
191	9
192	10
193	14
195	4
198	3
199	1
200	15
Market 39
1	2
2	13
3	13
6	9
7	9
8	7
9	12
10	4
13	12
16	2
19	7
21	2
22	8
24	6
25	7
29	5
31	15
34	15
36	1
37	15
39	9
41	15
42	1
43	9
44	4
45	5
47	11
48	3
49	8
50	8
52	3
54	12
55	12
57	8
60	6
62	9
63	7
64	10
65	4
67	12
68	7
69	14
70	3
71	3
72	15
74	10
75	8
76	1
79	6
80	15
81	6
82	11
84	11
86	5
88	15
90	8
92	7
94	9
96	5
97	3
98	5
101	15
102	2
104	7
105	12
107	15
108	7
109	9
110	15
112	6
114	11
117	3
118	10
119	10
120	13
122	2
123	2
128	13
132	10
133	4
141	5
142	3
143	14
150	13
153	15
155	5
156	13
157	1
158	3
162	15
164	9
166	4
167	2
168	13
171	5
172	11
176	15
179	5
181	13
182	4
183	1
184	6
186	13
187	14
188	1
189	9
190	11
191	4
192	9
195	13
197	2
198	6
199	5
200	2
Market 14
1	8
2	5
6	15
7	15
10	6
13	3
15	11
19	5
21	2
24	12
30	8
35	10
36	8
37	1
40	2
41	5
44	15
47	6
50	8
51	6
52	10
55	14
57	12
58	12
64	11
67	5
68	15
69	10
70	2
76	8
79	6
80	7
82	15
86	13
88	7
91	5
94	3
98	10
102	8
104	1
105	2
108	1
109	15
110	15
116	7
119	14
125	5
126	2
128	10
133	10
137	15
138	10
141	9
142	13
143	3
150	11
152	5
153	9
157	1
158	11
162	11
165	8
166	3
170	7
171	11
176	3
178	9
179	1
181	9
182	2
183	3
189	1
191	6
192	4
193	4
200	5
Market 57
1	12
3	5
4	6
6	8
7	5
8	4
10	7
13	12
16	11
17	3
18	11
19	8
20	11
21	2
22	12
23	13
25	13
27	4
29	6
31	15
32	1
34	7
36	11
37	2
38	2
40	4
41	7
44	15
45	5
47	2
48	1
50	12
52	12
53	2
54	12
55	7
57	8
59	8
61	6
63	14
64	14
67	1
68	3
70	7
72	6
73	14
75	9
76	8
77	10
78	8
79	14
80	10
82	14
83	6
85	9
86	9
88	4
92	14
94	8
96	8
97	10
98	6
101	1
102	9
104	1
105	3
106	8
108	6
109	3
110	10
111	1
112	12
117	4
118	9
120	9
123	4
125	12
131	1
138	8
141	10
143	1
144	9
149	10
150	4
153	10
154	8
155	15
158	15
159	13
160	5
161	8
164	13
165	7
171	5
172	14
178	5
179	13
181	11
183	11
186	14
189	13
190	3
191	15
194	11
195	15
200	11
Market 42
1	8
2	11
6	8
8	11
13	1
19	11
21	6
29	9
34	8
43	11
45	2
49	6
52	10
54	1
57	9
64	6
65	15
71	11
80	8
86	8
90	7
94	12
97	9
101	5
104	12
108	12
109	10
114	14
119	3
125	3
127	9
129	15
134	8
138	11
141	12
142	10
143	10
150	2
152	3
158	1
160	13
162	5
164	4
166	10
169	14
170	11
176	1
178	15
181	2
182	12
183	11
184	8
188	7
189	3
190	4
191	13
192	3
193	5
194	12
195	4
199	10
200	6
Market 99
2	4
3	14
6	11
7	15
8	2
10	14
13	8
14	12
19	5
21	8
24	4
30	5
31	13
35	12
37	8
38	13
40	9
41	12
43	14
44	3
47	8
50	4
52	15
54	3
55	14
57	10
58	10
59	10
62	15
67	8
68	5
69	5
72	9
79	15
80	7
81	1
82	11
86	11
88	5
91	2
94	2
96	2
97	13
98	6
102	1
104	5
105	7
109	13
110	4
116	11
117	9
119	12
123	15
125	15
128	1
130	7
131	13
137	7
138	13
141	2
142	1
143	11
147	6
149	2
153	5
155	11
157	2
158	13
161	14
164	9
166	12
167	1
171	2
172	8
176	12
178	5
179	3
180	1
181	1
182	5
183	2
184	5
186	11
191	5
192	5
193	5
196	14
200	13
Market 85
1	11
2	3
6	8
7	11
8	12
10	3
11	9
13	13
15	4
19	12
21	11
22	5
23	2
24	3
26	14
30	2
31	6
33	15
35	6
36	8
38	1
39	3
40	7
41	4
42	12
43	11
44	4
46	8
47	6
48	7
49	14
50	9
52	8
53	14
54	4
55	9
57	3
58	9
60	8
61	15
62	6
63	6
64	10
66	12
67	14
68	10
69	8
70	7
71	3
72	1
74	1
75	5
76	13
77	3
79	11
80	13
81	4
82	10
83	10
86	5
88	3
91	11
92	14
93	5
94	10
96	12
97	13
98	14
102	12
104	3
105	1
107	5
108	11
109	8
110	12
112	2
114	4
116	4
117	14
118	3
119	5
120	6
123	1
124	7
125	4
128	11
129	7
135	1
138	11
142	4
143	14
145	14
152	11
153	13
154	15
155	8
158	3
160	12
161	4
164	3
165	10
169	13
171	9
172	9
178	1
179	14
181	14
183	12
184	7
186	5
189	11
190	2
191	5
193	3
195	6
199	15
200	10
Market 139
2	10
3	11
4	7
6	14
7	6
10	7
11	10
13	11
19	14
20	5
21	2
23	11
24	10
26	11
27	3
29	2
30	11
31	8
32	4
36	1
37	12
39	1
40	10
41	10
44	2
47	1
48	8
49	11
50	15
51	13
52	14
53	4
54	13
57	3
58	15
60	13
63	1
64	8
67	6
68	1
69	5
70	11
73	5
75	7
76	15
79	5
80	14
83	15
86	4
88	13
91	9
92	15
94	10
96	15
97	4
101	8
102	6
104	10
105	13
106	3
108	2
109	3
110	7
111	4
117	1
119	5
120	15
122	15
123	12
124	4
129	7
130	5
133	9
138	14
140	1
142	7
145	9
146	5
150	7
155	1
157	12
158	3
160	13
161	3
162	5
168	10
171	10
172	4
176	3
179	14
181	10
182	13
184	8
188	3
189	10
190	11
191	13
192	5
194	5
195	11
198	10
199	7
200	13
Market 19
1	3
2	8
4	1
6	15
7	2
8	15
10	10
13	14
17	13
19	10
20	14
23	12
24	15
28	15
30	7
32	3
33	10
35	14
36	14
37	6
40	9
41	14
42	7
43	3
44	9
46	10
48	6
50	1
51	11
52	2
53	8
54	6
57	12
58	6
61	11
62	12
66	1
68	10
69	7
70	14
72	8
74	10
75	6
79	7
80	10
81	7
83	9
84	10
86	15
91	8
92	4
93	9
94	5
97	10
98	8
102	14
104	13
105	5
107	7
108	5
109	14
110	4
111	10
112	10
114	5
118	1
119	14
120	5
122	6
123	11
125	7
133	9
135	9
141	14
142	4
145	5
149	7
152	15
154	1
157	11
158	12
161	15
162	15
164	13
166	12
168	9
169	11
171	8
172	15
176	6
178	6
179	1
181	13
182	15
183	12
184	12
186	1
187	4
188	6
189	15
190	1
191	13
192	8
193	8
195	9
198	3
199	8
200	3
Market 119
1	3
3	1
6	2
7	2
12	3
13	13
17	10
19	8
20	10
21	9
23	1
24	9
26	8
31	13
32	14
36	7
37	14
39	10
40	14
41	10
44	10
47	7
50	12
52	15
53	12
54	5
56	1
57	1
60	8
63	2
67	5
68	6
69	12
70	2
76	12
79	2
80	9
88	5
92	7
94	2
96	6
97	10
98	14
102	1
103	6
104	7
105	1
108	3
109	5
111	5
117	6
120	15
124	5
125	2
130	14
132	12
133	9
139	3
140	7
141	5
142	8
145	1
149	8
150	5
154	3
155	12
157	7
158	4
161	14
162	12
164	2
166	2
168	5
169	11
171	2
172	5
176	14
178	6
179	9
181	12
182	10
184	10
186	15
189	14
190	11
191	5
192	12
195	12
199	3
Market 150
1	4
3	13
6	11
7	14
10	10
13	12
16	1
19	10
21	4
22	6
24	14
26	13
31	1
36	11
40	12
41	4
44	5
47	8
50	13
53	3
55	11
57	2
60	11
63	9
67	7
69	9
72	4
79	10
82	13
86	14
92	15
96	12
97	12
98	1
102	2
105	6
109	1
111	15
117	11
120	11
124	11
128	6
131	14
132	4
138	5
140	3
141	6
142	10
143	3
149	12
153	13
155	2
157	10
158	14
162	6
165	2
167	10
171	15
172	14
176	1
178	7
179	8
181	9
182	1
183	12
186	11
189	4
190	1
191	7
192	14
193	14
195	2
197	4
200	5
Market 118
1	1
2	15
6	3
7	10
10	6
13	3
15	3
17	13
19	11
21	8
22	8
23	2
24	6
28	3
31	8
33	6
35	3
36	6
38	7
40	2
41	14
42	13
44	2
47	11
48	13
50	4
51	12
52	6
53	9
55	12
57	3
58	13
61	13
63	10
64	4
67	15
68	8
69	1
70	5
72	4
74	13
76	12
77	15
79	12
80	6
82	5
84	15
86	9
88	8
91	5
93	14
94	13
98	7
101	10
102	14
104	15
105	8
107	14
108	5
109	3
112	9
116	15
118	4
122	11
123	3
125	14
132	3
133	1
141	3
142	6
149	10
150	7
155	13
156	5
157	5
158	1
162	4
164	4
166	4
167	14
169	3
171	9
176	14
178	15
179	14
181	9
184	5
186	5
187	12
189	6
190	15
191	11
192	1
197	12
198	15
199	7
Market 93
1	9
2	5
3	4
6	2
7	1
8	12
10	7
12	4
13	7
17	4
19	15
20	15
23	13
24	11
26	5
27	15
29	4
30	15
35	5
36	7
37	9
39	3
40	15
41	9
42	9
43	8
44	2
46	7
47	6
48	7
49	4
50	15
51	2
52	10
53	4
54	11
55	7
56	11
57	10
58	3
60	6
61	8
62	5
63	13
64	14
66	6
67	12
68	2
69	12
70	3
71	14
72	14
73	8
74	5
75	4
76	14
77	6
79	9
81	5
83	12
84	15
86	1
88	8
91	2
92	12
93	1
94	7
96	8
97	5
98	14
99	8
101	14
102	11
104	12
105	8
107	4
108	7
109	7
111	15
114	10
116	5
117	15
118	10
119	7
121	14
122	6
123	1
124	3
125	11
128	6
131	12
133	3
135	15
137	5
138	2
140	7
142	14
143	11
149	10
150	15
152	3
155	3
157	14
158	4
161	8
162	6
164	7
166	9
168	11
169	9
171	5
172	9
176	12
178	9
179	1
181	3
183	15
184	11
186	15
188	9
189	7
190	2
191	3
192	2
193	9
195	5
199	2
200	13
Market 146
1	4
2	4
4	2
6	15
7	3
8	10
12	13
13	2
17	6
19	4
20	6
23	8
24	10
26	12
29	6
32	6
34	2
36	13
37	13
39	8
40	4
41	12
43	8
44	9
45	4
47	8
49	12
50	2
51	12
53	7
54	6
56	5
57	14
60	13
62	2
63	14
65	2
67	14
68	7
70	10
71	6
73	3
75	15
76	5
79	15
80	6
83	2
86	3
88	12
90	9
92	10
94	4
96	14
97	9
101	2
102	4
103	12
104	1
105	7
108	12
109	3
111	7
114	15
117	1
119	14
120	3
124	5
125	5
131	9
132	9
133	11
140	8
142	5
147	4
148	14
150	11
155	7
157	2
162	11
164	12
166	4
167	4
168	9
171	7
172	10
176	1
179	11
180	10
181	3
182	2
186	12
190	12
191	4
192	15
195	7
197	12
Market 78
1	2
3	5
6	14
7	14
8	9
12	9
13	5
17	1
18	6
19	7
20	1
21	13
23	8
24	4
29	7
31	3
34	3
36	15
37	1
39	1
40	7
44	4
45	15
47	7
48	4
50	10
53	15
54	14
56	14
57	13
60	5
61	10
63	3
64	9
67	14
69	11
70	10
73	9
74	13
76	6
77	9
79	8
80	4
83	11
84	8
88	10
92	10
94	8
96	6
97	8
98	1
101	14
102	12
104	4
105	3
108	9
109	1
111	10
112	11
117	14
118	8
120	11
122	9
124	12
125	7
131	6
133	1
134	3
141	3
142	3
149	3
150	1
155	9
157	15
158	14
161	14
162	15
164	4
166	9
168	5
169	1
172	12
176	8
178	3
179	11
181	10
182	13
183	2
184	8
186	2
187	9
188	9
190	7
191	4
192	6
193	1
195	10
198	14
199	5
Market 102
3	6
7	11
13	5
17	3
19	12
23	1
26	15
36	3
39	6
40	8
41	4
47	15
50	1
51	14
53	5
56	6
57	13
60	14
63	14
67	9
68	3
70	4
73	1
76	12
80	13
83	10
88	3
92	12
96	5
98	11
102	13
104	7
105	12
108	3
109	15
111	3
120	15
124	9
125	6
128	6
131	10
132	5
133	13
135	1
138	14
140	15
141	4
143	8
149	10
150	15
153	12
155	7
156	5
157	6
158	7
161	4
162	12
166	14
169	13
176	6
179	7
181	13
183	13
184	13
185	4
186	2
187	7
189	6
190	11
191	11
192	15
193	7
194	14
195	10
197	6
199	5
200	13
Market 122
1	5
2	7
4	14
7	10
13	11
17	9
19	11
20	14
21	2
23	9
24	15
26	14
32	3
35	10
36	13
39	10
40	5
41	4
44	15
47	8
51	4
52	3
53	2
57	5
60	6
64	3
68	13
70	12
73	5
76	5
79	3
80	8
83	6
86	2
88	6
91	2
92	6
94	9
96	9
97	11
104	7
105	14
108	2
109	7
110	11
111	4
117	6
119	8
120	10
124	11
129	15
130	8
133	11
138	14
139	4
141	14
142	11
145	1
149	12
150	6
154	13
155	14
156	10
157	5
158	11
160	7
162	1
166	12
167	11
168	4
171	12
172	6
175	1
179	5
181	11
182	13
183	3
184	3
189	6
190	9
191	6
192	13
196	15
198	8
199	1
Market 124
7	7
8	11
13	7
19	3
21	3
29	14
34	7
36	4
37	6
40	10
42	7
43	11
44	9
45	4
49	12
52	2
54	8
57	7
62	6
65	14
68	15
71	15
75	13
78	12
79	9
80	7
86	11
88	13
90	7
94	13
97	15
98	8
101	7
104	12
108	5
109	9
114	13
119	7
122	13
125	11
128	2
135	15
137	13
138	13
140	4
141	15
142	15
144	1
150	8
152	8
153	3
155	10
157	11
158	13
160	14
161	3
162	6
164	15
165	6
166	9
169	4
171	4
172	13
179	6
182	2
183	10
184	12
189	15
190	8
193	10
194	12
195	1
199	8
200	6
Market 55
1	9
6	9
7	12
8	8
10	15
13	9
14	15
19	11
21	10
29	3
34	3
35	8
36	8
37	11
40	6
41	11
45	15
47	4
50	3
51	15
52	2
53	13
54	12
55	7
57	7
58	3
61	12
63	12
64	7
67	2
68	6
69	14
70	5
72	6
74	14
75	5
77	3
78	6
79	5
82	15
84	15
85	13
86	10
88	12
90	4
91	1
94	12
97	15
98	10
101	9
102	11
104	3
105	6
107	3
108	1
109	11
110	13
112	8
116	13
118	9
119	12
122	9
123	6
132	2
133	3
142	11
143	10
149	6
150	4
155	9
157	6
158	3
161	4
162	3
164	12
166	14
167	7
168	3
171	12
175	1
176	1
178	6
181	14
182	9
183	11
186	10
187	5
189	15
192	13
193	15
196	9
197	7
198	9
199	8
200	13
Market 84
1	15
6	1
8	12
13	13
17	8
21	10
23	4
24	12
27	9
33	15
40	7
44	12
48	4
51	6
53	5
57	13
61	9
68	8
70	3
74	15
77	7
79	7
80	15
84	7
86	13
88	14
97	2
100	7
107	4
108	10
109	1
112	5
118	6
119	8
121	7
125	6
128	4
129	15
130	5
138	3
139	12
141	6
142	10
144	14
145	4
149	4
153	2
154	12
155	6
158	9
160	10
161	2
165	2
166	15
167	9
171	7
172	11
179	14
186	2
189	11
190	8
191	11
194	8
195	8
199	1
200	3
Market 123
1	5
2	8
3	10
6	13
8	6
10	1
13	11
15	2
17	1
19	3
20	1
21	5
22	6
24	15
27	8
29	14
31	3
32	13
35	5
37	4
38	10
40	1
41	2
43	11
44	13
47	14
48	6
49	2
50	10
51	6
52	4
53	1
55	8
57	11
61	1
62	15
63	12
64	2
65	5
67	6
68	3
69	11
71	15
72	8
74	4
75	15
79	1
80	5
86	7
91	4
95	8
96	9
97	7
98	10
101	2
102	8
104	1
105	13
108	8
109	2
110	1
111	3
114	8
117	12
119	14
122	7
125	12
129	12
131	5
138	6
139	7
141	15
142	2
143	14
145	1
149	4
150	8
153	4
154	10
155	8
158	13
160	7
161	9
162	6
165	6
166	1
168	1
171	4
172	2
176	11
179	8
181	12
184	7
185	10
186	5
190	5
191	10
194	15
195	11
199	10
200	13
Market 83
2	2
6	4
7	3
8	15
13	15
17	8
21	6
23	5
24	4
26	4
29	15
34	13
36	3
39	13
40	7
41	10
43	12
44	8
47	1
51	10
52	9
53	7
54	10
56	8
57	12
62	6
64	3
65	1
67	2
68	13
70	5
71	12
73	2
75	1
76	15
79	3
80	4
83	9
90	8
92	6
94	1
96	11
97	2
98	8
101	12
104	15
105	6
108	3
109	10
111	13
114	13
119	6
120	5
122	13
124	9
125	1
128	8
131	8
132	9
133	5
140	5
143	14
149	5
150	15
153	8
155	15
157	15
158	15
161	6
162	9
164	15
167	5
168	11
172	5
176	1
179	11
181	3
184	3
186	7
187	1
188	5
189	13
190	10
191	13
193	12
195	15
197	14
198	5
199	2
Market 31
1	13
2	11
6	7
7	7
9	9
10	8
13	5
15	6
17	14
19	5
21	11
22	5
23	14
24	12
29	4
30	7
35	2
36	13
37	13
38	1
40	14
41	4
43	5
44	12
46	11
47	5
49	11
50	12
52	2
53	6
54	11
55	8
57	15
58	1
62	8
63	14
66	6
67	12
68	4
69	15
71	13
72	3
75	1
76	15
79	14
81	5
82	2
86	12
88	14
90	4
91	13
94	15
97	9
98	14
101	11
102	14
104	2
105	13
109	13
110	14
114	2
116	5
119	6
122	4
123	4
128	2
131	7
132	13
133	13
138	8
141	12
142	9
143	10
150	10
153	5
155	5
156	1
157	1
158	2
161	6
162	11
164	11
165	2
166	5
167	10
168	3
171	11
172	1
176	3
178	10
179	3
181	10
183	6
184	4
186	11
187	2
188	6
189	3
190	4
191	8
192	8
194	7
195	9
198	2
199	11
200	8
Market 26
1	3
6	7
7	9
8	7
13	13
17	14
21	15
23	3
24	15
27	14
28	3
33	8
36	5
37	3
40	1
42	11
44	5
48	14
51	13
52	2
53	5
57	8
64	4
68	12
70	14
74	4
77	12
80	1
84	9
93	11
94	14
97	13
99	9
101	15
107	12
108	10
109	8
112	1
118	14
121	9
122	12
125	11
131	7
132	8
135	3
138	4
140	14
141	2
142	8
143	8
150	1
153	6
155	9
157	3
158	6
161	1
164	4
166	11
169	1
171	7
172	7
175	10
176	8
178	5
181	14
183	2
184	12
185	10
186	3
189	4
191	10
193	7
195	6
196	14
200	8
Market 64
1	12
2	6
3	7
4	6
6	3
7	14
12	1
13	7
17	10
21	7
23	6
24	6
26	1
31	1
32	12
36	13
40	15
41	10
44	3
47	11
50	2
51	13
52	5
53	12
56	15
60	14
63	10
64	13
67	12
68	6
69	8
70	14
73	4
76	2
79	4
80	9
83	12
86	1
88	4
92	2
96	15
97	9
98	1
102	15
104	5
105	2
108	8
109	10
111	9
117	2
119	6
120	8
124	6
128	12
129	10
131	11
132	13
138	1
140	11
141	12
145	9
147	9
150	6
153	13
155	9
156	4
160	3
162	13
164	14
166	11
168	10
171	4
172	1
176	11
179	15
180	9
182	12
184	3
185	14
187	12
190	13
191	12
195	1
198	13
Market 36
1	13
7	2
8	6
13	7
17	15
21	14
24	15
28	3
31	5
33	3
36	9
40	3
41	12
42	3
44	10
48	15
50	6
51	15
52	13
53	15
57	11
61	12
63	14
64	15
67	15
68	5
70	11
74	5
76	10
77	4
79	4
80	8
84	4
93	7
97	2
98	6
101	13
102	5
104	5
105	11
107	12
108	5
117	5
118	2
122	11
125	11
126	2
128	10
130	2
131	11
137	12
140	6
141	9
147	6
149	1
152	14
155	6
161	12
162	3
164	8
166	4
167	2
170	8
171	4
172	1
176	1
178	5
179	8
180	1
181	8
184	5
185	13
189	7
190	8
191	3
193	12
195	8
200	6
Market 52
1	2
2	11
6	14
8	11
10	8
19	1
21	7
24	13
29	6
34	10
35	5
36	6
37	9
40	13
42	3
45	6
46	6
47	7
49	9
50	6
52	13
53	14
54	2
57	2
61	14
62	13
65	14
67	4
68	8
69	8
70	15
71	14
76	11
78	12
79	3
80	10
81	7
86	4
88	2
91	12
94	2
97	1
101	12
102	3
104	3
105	1
108	4
110	15
114	11
118	3
119	4
125	4
128	8
130	4
131	11
133	12
135	9
139	15
140	15
141	15
142	14
144	10
145	9
149	1
150	6
152	5
154	3
155	6
157	10
161	8
162	15
164	12
165	11
166	14
168	10
171	11
172	2
176	15
178	12
179	4
181	3
182	2
183	7
184	8
186	7
187	1
189	3
190	12
191	1
192	14
193	9
194	5
195	11
198	9
199	9
Market 80
1	3
6	6
7	6
8	11
13	3
17	7
18	12
19	5
23	4
24	10
29	15
34	4
36	11
37	15
40	9
41	13
42	2
44	2
45	15
47	9
48	5
52	12
53	5
54	11
57	4
61	1
64	5
68	15
70	14
74	6
76	15
77	10
80	11
84	10
88	14
94	11
97	4
98	5
101	9
104	4
107	9
108	3
109	3
112	8
118	12
122	6
125	13
129	4
130	15
131	12
132	11
135	8
138	3
139	3
140	8
141	15
142	9
144	13
146	8
149	11
150	15
152	6
153	5
154	12
155	8
158	14
160	5
161	10
162	6
164	10
166	4
167	4
168	3
169	11
171	14
172	10
176	12
178	8
179	6
181	5
183	4
184	4
189	5
190	12
191	5
193	9
195	15
197	15
199	13
Market 129
1	11
3	1
7	3
12	3
17	14
19	15
20	13
21	2
23	5
24	10
31	1
36	11
39	7
40	6
41	6
44	2
47	9
50	15
52	2
53	5
56	7
60	5
63	9
67	14
69	12
70	4
73	4
76	15
83	1
88	9
92	8
96	2
98	2
105	13
108	14
109	7
111	11
117	2
119	11
120	12
124	9
128	1
129	13
133	10
134	1
137	15
138	2
140	10
142	6
143	14
144	12
147	15
150	10
152	5
157	4
158	9
160	15
161	7
162	14
164	7
166	12
168	15
169	11
171	14
172	3
176	11
178	4
179	15
180	11
183	6
184	5
185	4
188	13
189	1
190	4
193	4
194	12
195	3
199	12
200	5
Market 17
2	2
3	4
7	5
10	11
14	4
16	4
19	5
21	12
22	14
24	13
25	9
31	10
35	7
36	6
37	13
38	2
41	13
43	7
44	11
46	7
47	8
50	8
52	8
54	11
55	9
57	1
58	2
59	12
62	4
63	14
66	2
67	11
68	9
69	5
72	5
75	9
76	6
80	3
81	3
82	13
86	2
88	13
91	13
92	10
94	2
96	7
97	9
102	8
104	8
105	5
108	5
109	10
110	5
114	4
116	14
117	8
119	3
120	1
123	9
129	10
130	7
138	2
139	9
141	1
142	7
144	14
146	5
150	15
153	11
154	4
155	6
157	3
160	6
161	6
164	9
165	1
166	9
167	15
171	10
172	5
178	3
181	2
182	10
184	1
186	10
190	3
191	6
192	3
194	12
195	4
Market 132
1	4
5	8
7	2
8	14
17	8
20	10
21	12
23	11
24	10
27	3
32	7
34	15
36	7
40	3
45	3
48	3
53	15
57	7
61	13
64	3
68	3
74	8
77	13
80	6
84	12
88	10
93	11
98	11
101	9
104	4
106	15
108	6
112	14
120	8
122	9
125	3
133	8
137	15
138	3
142	2
143	4
150	12
152	13
153	15
155	3
157	13
158	9
161	7
162	10
164	8
165	4
166	12
168	13
170	7
171	11
172	9
176	8
178	1
179	10
182	12
183	7
184	12
188	11
189	8
190	15
192	8
193	13
195	3
199	13
200	14
Market 145
1	13
6	2
8	6
13	2
18	15
19	13
21	14
24	12
28	11
34	7
36	3
40	7
42	3
44	14
48	6
51	10
52	15
54	12
61	13
64	2
68	3
70	11
77	4
80	4
84	10
88	13
93	4
97	15
101	7
104	4
107	4
108	1
109	10
112	2
118	4
122	11
125	12
130	10
133	14
139	8
141	9
142	1
143	5
145	2
150	11
154	15
155	2
157	4
158	9
161	4
162	2
166	12
167	15
172	10
176	6
177	14
178	14
179	15
181	6
182	7
184	13
186	10
187	9
188	9
189	13
190	15
191	15
192	12
195	11
198	12
200	1
Market 143
1	1
2	4
3	10
7	9
10	2
11	12
13	15
16	13
17	7
19	7
21	2
22	15
23	4
24	11
26	5
31	15
35	10
36	6
37	5
39	14
41	14
43	6
44	7
47	3
50	10
52	14
53	6
55	14
56	5
57	5
60	9
62	9
63	1
67	7
68	14
69	6
70	3
72	7
76	14
79	10
80	6
81	13
82	5
86	6
87	10
88	13
91	1
92	12
94	9
96	11
98	14
102	12
104	11
105	15
108	14
109	15
110	3
111	4
117	13
120	9
124	12
129	12
130	14
131	6
133	6
138	10
139	12
141	4
142	15
144	8
146	13
149	8
150	10
153	4
155	15
157	12
160	4
161	10
162	6
164	9
166	14
167	6
171	5
173	9
176	3
178	11
179	3
181	2
182	10
183	6
184	5
186	6
189	6
190	14
191	2
192	1
193	12
194	6
195	12
196	5
199	8
Market 60
1	11
6	6
8	11
13	10
17	6
21	5
23	9
24	8
28	13
33	3
36	14
40	1
42	1
44	3
48	5
51	11
53	3
57	6
61	7
64	2
68	11
70	10
74	11
76	13
77	2
80	13
84	4
88	2
93	3
96	14
101	4
104	12
107	13
109	10
112	10
118	1
122	14
125	11
131	10
132	10
137	15
138	3
139	3
140	8
143	10
145	8
149	8
150	14
153	8
154	7
155	3
158	9
160	8
161	1
164	1
166	3
167	13
171	9
172	1
176	3
178	8
179	2
181	14
183	14
184	12
185	2
186	11
189	7
190	1
191	3
193	10
195	3
197	14
200	3
Market 112
1	13
2	7
3	13
7	9
10	4
12	8
13	5
15	13
17	4
19	4
20	1
22	5
23	8
24	8
26	11
31	1
35	14
36	12
38	11
39	15
41	9
44	3
47	14
50	6
52	10
53	10
55	14
56	15
58	8
60	15
63	7
67	10
69	15
70	5
72	9
73	15
76	4
79	7
82	14
83	4
86	11
88	5
91	2
92	1
94	6
96	13
98	10
102	14
108	12
109	4
110	5
111	7
117	5
119	11
120	10
123	6
124	13
128	14
129	3
130	13
131	13
137	10
138	11
140	1
141	11
142	8
143	15
144	6
146	7
149	1
152	4
153	13
155	4
157	3
158	9
160	15
161	10
162	10
164	12
165	6
166	4
170	6
171	11
172	7
176	3
178	6
179	12
180	2
181	5
182	14
183	12
184	14
185	3
186	10
189	15
190	5
191	14
192	9
193	15
194	8
195	12
200	2
Market 134
1	12
2	12
6	11
8	3
9	2
13	6
19	6
21	12
24	3
35	9
37	5
40	2
42	5
43	2
44	4
46	3
49	1
52	10
54	10
57	8
61	4
62	8
64	8
66	8
68	9
70	8
71	9
75	5
79	4
80	12
81	1
90	8
94	8
97	10
101	10
104	1
108	14
109	5
110	15
112	7
114	12
118	7
119	6
122	12
125	8
131	8
132	1
134	6
138	3
141	15
142	11
149	10
150	4
151	7
153	6
155	14
156	2
157	11
161	5
162	12
164	7
166	12
167	12
168	15
169	3
171	7
172	3
176	11
178	6
179	1
181	10
182	1
184	2
186	13
187	9
188	5
191	5
192	9
195	1
198	13
199	9
Market 8
7	5
8	15
13	4
17	1
19	13
21	15
24	3
29	5
34	3
36	12
37	7
40	3
41	15
42	7
44	1
45	3
49	15
50	5
52	6
53	12
54	7
57	14
62	15
65	14
67	2
69	3
70	12
71	13
75	12
76	3
78	8
79	3
80	12
86	7
88	11
90	12
94	12
97	12
98	13
101	4
102	10
105	7
108	1
109	12
114	12
119	4
122	8
125	13
129	6
131	7
132	10
133	4
138	3
141	5
142	4
144	5
149	13
150	8
155	11
156	15
157	13
158	9
160	11
161	13
164	14
166	13
168	13
169	13
171	14
172	13
176	10
178	14
179	4
181	1
182	6
184	6
186	5
187	6
190	9
191	7
192	6
194	7
195	4
198	4
199	15
Market 75
1	7
2	6
3	12
7	11
13	10
16	3
22	2
24	5
25	1
35	6
38	6
39	13
40	5
44	13
47	15
50	10
51	8
52	15
55	12
57	5
59	11
60	7
63	10
67	10
69	2
70	12
76	10
79	10
80	13
86	14
88	10
91	15
92	14
94	7
95	14
97	12
98	2
102	2
104	14
105	14
108	15
109	4
110	6
117	6
119	3
120	4
123	5
131	6
132	7
137	3
138	9
141	11
143	2
149	13
150	9
152	11
153	6
155	10
156	14
158	12
162	4
164	10
166	15
167	9
170	2
171	10
172	4
179	13
181	13
183	9
184	2
186	12
189	3
191	10
193	9
195	14
Market 111
1	10
2	15
3	6
6	15
7	6
8	5
10	6
13	13
16	7
18	10
19	14
21	12
22	9
24	4
28	14
29	11
31	9
34	7
35	1
36	13
37	1
40	9
41	6
42	13
43	4
44	4
45	7
46	8
47	15
48	5
49	4
50	10
51	8
52	3
53	6
54	8
57	9
59	6
61	15
62	13
63	15
64	12
66	15
67	9
68	9
69	13
70	13
71	6
72	14
74	1
75	2
76	10
77	10
79	7
80	9
81	8
82	10
84	3
86	14
88	9
91	14
93	12
94	2
96	8
97	9
98	4
101	12
102	8
104	14
105	13
107	1
109	9
110	7
112	8
114	4
117	13
119	11
122	6
123	14
125	3
130	1
131	6
132	7
138	9
139	12
141	12
142	10
146	5
149	8
150	14
156	3
158	3
161	8
162	3
166	9
167	6
168	10
171	15
172	7
176	2
178	10
179	3
181	8
183	2
184	8
186	13
187	3
189	5
190	8
191	5
195	13
197	9
198	12
200	14
Market 51
1	8
3	6
6	9
7	4
10	6
13	9
16	2
22	13
24	9
26	10
31	14
36	1
39	4
41	7
42	15
44	5
47	1
50	14
52	5
53	15
55	6
57	15
60	1
61	7
63	11
64	15
67	2
68	14
69	15
70	6
72	11
76	10
80	6
82	4
86	12
96	14
97	7
98	15
102	11
104	10
105	15
108	5
109	1
111	7
117	3
118	12
120	10
124	1
125	7
132	4
133	5
138	1
141	8
142	13
149	11
150	3
153	13
157	4
158	9
161	14
162	6
164	15
166	8
167	11
168	11
171	13
176	10
179	8
181	2
182	9
186	5
187	4
188	4
189	1
190	13
191	2
192	10
194	1
197	1
198	9
200	4
Market 90
1	12
6	7
8	15
13	14
19	15
21	10
24	4
29	4
34	9
37	7
40	12
42	14
44	12
45	14
49	10
52	7
54	11
57	1
61	13
64	6
68	7
69	11
70	15
75	2
78	10
79	9
80	10
86	12
90	2
94	15
97	8
101	7
102	10
104	6
105	8
108	2
109	2
114	12
118	12
122	14
125	3
130	9
133	5
140	15
141	11
142	6
147	4
150	7
155	1
156	3
157	15
162	14
163	3
164	1
166	4
168	14
172	9
176	12
179	13
180	5
182	5
183	2
184	6
185	15
187	3
188	13
189	5
190	4
191	12
192	15
195	12
198	7
199	5
Market 20
6	7
7	4
12	1
13	15
17	12
20	12
21	11
26	5
31	6
36	7
39	11
40	13
41	13
44	7
50	4
53	9
56	8
57	4
63	10
67	12
69	15
73	14
76	3
83	1
88	9
92	4
96	3
97	13
98	6
102	14
104	4
105	12
108	2
109	15
111	5
117	10
120	9
124	10
131	4
132	15
138	7
140	15
141	13
146	14
150	3
155	4
167	2
168	12
172	12
176	3
179	1
181	13
184	4
190	14
191	14
194	6
195	10
197	10
200	14
Market 136
1	12
3	15
7	1
12	13
13	6
17	1
20	7
21	1
23	1
24	6
31	5
36	14
39	7
40	15
44	3
47	5
50	9
52	6
53	11
54	13
56	14
57	2
60	4
63	12
67	10
68	12
69	13
73	7
76	3
79	15
83	1
92	7
94	7
96	14
97	14
98	6
102	9
104	9
105	5
108	6
109	7
111	15
117	5
120	8
124	14
128	3
131	12
133	10
137	14
138	10
141	8
142	2
143	3
149	1
150	6
153	11
155	10
157	4
158	2
161	8
162	9
163	3
164	2
166	8
167	8
168	13
170	3
171	7
172	9
176	14
178	14
179	6
181	9
182	2
183	1
184	4
186	12
188	7
189	5
190	3
191	8
192	2
193	11
194	9
195	15
199	5
Market 23
1	14
4	3
6	11
7	4
13	9
17	13
19	5
20	15
21	13
23	14
26	1
27	1
32	2
36	10
39	4
40	12
41	9
44	5
47	10
48	10
50	2
51	3
54	7
57	14
64	5
67	2
68	9
69	1
70	12
73	4
76	11
80	5
83	10
88	13
92	10
96	8
98	8
102	14
104	9
105	5
106	5
108	9
109	13
111	11
117	4
124	4
128	5
131	14
132	6
133	14
138	11
141	13
142	5
143	3
150	1
153	10
155	8
156	13
157	1
158	9
162	3
164	5
166	12
168	12
171	7
172	2
176	11
179	5
181	9
182	10
184	2
187	7
188	9
189	9
191	2
192	13
195	14
198	15
199	10
200	4
Market 142
1	11
2	11
6	6
7	6
13	8
17	6
19	3
21	13
23	3
24	11
27	10
33	11
36	4
40	11
42	14
44	8
48	9
51	13
52	4
53	9
57	14
61	4
64	9
68	14
70	5
74	6
77	9
79	13
80	1
84	10
86	10
88	6
93	9
94	3
97	6
98	7
100	11
101	3
104	2
107	11
108	13
109	12
112	14
118	14
121	8
122	10
125	7
128	10
131	13
132	8
133	11
138	11
140	9
141	5
142	12
143	4
149	10
150	14
153	8
155	9
156	11
157	15
158	10
161	1
162	4
166	3
167	3
168	13
171	5
172	14
176	4
178	8
179	15
181	7
182	7
183	9
184	3
185	5
186	5
187	2
189	6
190	8
191	7
192	14
195	10
197	7
198	8
200	1
Market 11
1	11
2	5
4	11
6	8
7	6
8	15
10	8
13	12
17	2
20	4
21	4
23	11
24	1
26	13
27	3
30	12
32	15
33	13
35	12
36	14
37	2
39	2
40	7
42	3
43	11
44	2
46	15
47	8
48	15
49	13
50	1
51	1
52	12
53	14
54	2
57	3
60	6
61	2
62	5
63	3
64	1
66	7
67	10
68	11
69	2
70	11
71	3
73	13
74	12
75	10
76	14
77	8
79	6
80	9
81	12
83	3
84	9
86	1
88	7
91	8
92	1
93	3
94	15
96	10
97	6
98	5
99	6
102	9
104	6
105	4
106	2
107	15
108	11
109	10
110	1
111	9
114	9
117	4
119	3
121	9
123	2
124	13
125	10
133	13
134	2
135	8
138	1
142	13
143	14
149	5
150	2
152	4
153	12
155	13
157	5
158	10
162	13
164	9
165	3
166	10
168	15
169	8
171	7
176	4
178	13
179	6
181	11
182	14
183	9
184	12
186	13
187	1
188	14
189	6
190	7
191	13
192	12
193	7
194	9
195	12
198	1
200	4
Market 116
3	8
6	3
7	12
13	10
16	13
17	13
19	15
21	15
22	9
23	14
24	4
25	4
31	6
35	9
36	1
37	4
38	15
40	10
41	4
44	5
47	8
48	15
50	13
52	6
55	6
57	3
59	6
61	4
63	7
64	8
67	3
68	14
69	2
70	10
72	10
74	6
76	10
77	6
79	14
80	15
82	12
84	11
86	1
88	4
92	1
93	1
94	6
96	10
97	10
98	3
102	5
104	2
105	6
107	12
108	4
110	3
117	10
118	6
119	1
121	1
123	11
125	7
128	4
141	12
142	2
143	15
144	10
149	12
150	12
153	11
155	13
158	4
161	10
164	4
165	7
166	4
167	14
169	2
172	6
176	7
179	3
181	15
183	3
184	4
186	7
189	6
191	5
193	8
194	6
195	15
196	6
200	10
Market 105
1	15
5	10
6	9
7	15
8	4
13	10
17	13
19	12
20	5
21	8
23	7
26	5
32	10
36	10
39	14
40	6
41	14
42	12
44	6
47	7
48	9
51	4
52	11
57	6
60	4
61	8
63	10
64	2
68	4
70	5
73	9
74	8
76	11
77	3
79	8
80	8
83	12
84	15
86	10
88	9
92	12
93	6
97	14
98	14
104	3
105	9
106	8
107	10
108	4
109	11
111	3
117	12
118	12
120	4
121	1
122	1
124	10
125	15
128	3
131	11
133	13
134	15
137	12
139	6
143	8
145	13
148	11
150	12
154	9
155	13
157	6
158	2
161	12
164	10
166	8
168	15
169	7
170	2
171	10
172	6
176	14
178	10
179	11
181	5
182	11
183	2
184	7
185	10
188	1
189	8
190	5
191	15
192	3
195	1
200	7
Market 88
1	5
3	10
7	7
12	5
17	7
19	1
20	12
21	1
23	7
26	15
32	13
36	5
39	6
41	9
47	15
50	15
53	10
56	9
60	13
63	13
67	13
70	4
73	14
76	13
79	10
83	10
86	8
88	10
92	8
96	4
98	2
103	13
105	4
108	3
109	12
111	4
117	9
120	10
124	8
128	1
130	14
133	9
135	9
138	9
139	13
142	7
143	4
144	5
145	2
150	3
152	3
153	5
154	2
157	8
158	10
160	3
161	10
162	8
164	8
165	12
166	7
168	8
169	15
171	5
172	2
176	3
178	8
179	7
182	10
183	9
187	15
189	13
190	10
191	9
192	2
193	13
194	14
195	12
198	2
200	13
Market 54
1	11
3	2
6	14
7	15
8	14
12	2
13	6
17	11
19	10
20	4
21	6
23	1
24	15
26	1
31	15
36	8
39	15
40	9
41	15
42	2
44	10
47	5
50	9
53	2
55	10
56	4
57	15
60	1
63	2
67	10
68	5
69	2
72	1
73	10
76	4
79	3
80	9
83	3
88	9
92	14
96	8
97	13
98	3
102	5
104	7
105	4
108	5
111	9
117	10
120	14
124	4
125	7
128	10
129	12
135	9
138	7
142	6
143	13
144	8
145	7
150	6
152	2
153	14
154	14
157	14
158	9
160	1
162	4
164	13
166	6
168	13
169	11
171	3
176	15
178	2
179	10
181	14
182	12
183	12
184	14
188	5
189	4
190	14
191	13
192	10
193	12
194	11
195	10
199	2
200	8
Market 18
1	6
2	6
3	4
6	6
7	4
9	8
12	7
17	4
19	6
20	3
21	12
23	14
24	9
26	13
29	6
31	6
34	9
36	11
37	4
39	5
40	14
43	15
44	5
46	15
47	7
49	12
50	3
52	6
54	11
56	10
62	5
67	11
68	7
71	4
73	14
75	9
76	4
79	2
80	5
81	3
88	9
90	3
92	1
94	10
96	15
97	5
98	12
101	9
104	11
105	13
108	14
109	6
111	11
114	14
117	2
119	5
120	6
122	11
124	7
128	11
129	8
132	14
136	2
138	6
141	7
142	12
150	15
152	11
153	7
158	7
164	14
165	9
166	5
169	14
176	4
178	7
179	13
183	15
184	9
189	7
190	11
191	15
193	11
194	8
199	12
200	7
Market 70
1	12
6	6
8	12
13	3
17	6
18	2
19	4
23	14
24	10
28	15
34	12
41	6
42	5
44	4
45	5
51	9
57	1
61	4
64	9
68	11
74	10
76	4
77	1
79	4
80	15
84	6
88	11
97	15
98	11
101	13
104	5
107	12
108	2
109	11
112	8
118	5
122	12
125	2
133	2
134	11
142	12
150	8
151	12
155	12
157	4
162	15
164	9
166	1
168	3
169	6
171	13
176	10
178	14
179	14
181	7
182	8
184	4
187	5
188	2
190	6
191	8
192	2
195	5
199	4
Market 96
2	7
7	1
10	11
14	5
19	11
21	12
24	11
30	10
35	4
36	5
37	9
40	5
41	9
43	8
44	11
47	2
50	7
52	5
53	8
55	11
57	2
58	1
62	13
67	3
69	5
72	13
76	10
79	5
86	4
91	6
94	1
97	3
98	6
102	9
104	6
105	8
108	5
109	11
119	12
123	4
128	11
129	5
132	10
133	12
135	14
138	9
142	5
143	14
145	11
150	14
151	14
153	4
154	12
156	3
157	3
158	12
160	4
162	10
164	13
165	2
166	7
168	10
169	8
171	13
176	11
178	14
179	4
181	11
182	2
183	10
184	10
187	4
190	1
191	1
192	9
193	15
194	2
195	13
198	11
199	6
Market 49
1	11
3	8
6	5
7	10
8	5
13	7
17	6
18	13
19	11
20	7
21	15
23	12
26	12
29	15
31	7
36	14
37	11
39	4
40	1
41	4
45	9
50	2
52	8
53	4
54	6
56	3
57	15
60	8
61	7
62	5
64	8
65	13
67	4
68	7
69	1
70	10
71	6
73	15
75	3
76	11
78	4
79	8
83	13
85	7
86	13
88	1
89	4
90	8
92	10
94	7
96	12
97	1
98	10
101	10
102	9
105	13
107	11
108	12
109	4
111	6
112	12
114	12
117	13
118	7
120	6
122	6
124	5
125	10
128	13
129	8
130	4
133	7
138	6
142	1
144	2
145	15
150	5
153	1
154	2
157	9
158	5
160	15
162	15
165	9
166	4
171	15
172	9
176	1
178	10
179	13
181	4
182	10
183	4
184	7
189	3
190	11
191	1
192	5
194	11
195	9
199	6
200	9
Market 43
1	7
6	1
8	13
13	13
17	4
19	5
21	2
23	7
27	11
28	4
29	7
33	7
34	6
36	8
40	15
42	12
43	4
44	8
45	11
49	12
51	12
52	10
53	5
54	9
57	1
61	3
62	2
64	3
65	5
68	14
70	7
71	2
74	11
75	4
77	15
78	6
79	2
80	11
84	7
90	1
93	6
94	8
97	13
100	10
104	13
107	4
108	2
109	8
111	14
112	6
114	11
118	7
119	7
121	4
122	15
125	8
128	4
131	7
132	10
133	2
137	14
142	9
143	15
150	9
152	5
155	12
156	13
157	10
161	11
162	13
164	10
166	7
167	4
171	4
172	9
176	1
178	8
181	3
182	3
183	12
186	2
187	2
189	12
190	11
192	3
193	15
195	8
197	6
198	5
200	3
Market 15
1	4
2	8
6	7
7	2
8	6
10	2
13	15
14	15
17	4
19	8
20	11
21	5
24	3
29	5
30	1
35	7
36	2
37	8
40	10
42	13
44	3
45	6
47	14
49	11
50	8
52	7
53	15
54	5
58	4
62	14
64	12
67	11
68	7
69	5
70	7
72	2
75	8
78	9
79	10
80	5
81	12
86	6
88	2
90	7
91	15
94	6
97	1
101	14
102	11
105	6
108	7
109	3
110	1
112	14
118	15
119	10
122	6
123	3
125	14
128	11
133	6
138	10
141	3
143	14
149	8
150	7
155	9
157	6
158	2
162	1
164	14
166	9
168	9
169	11
171	5
176	2
177	10
179	6
181	3
184	6
186	11
187	14
188	7
189	13
190	8
191	15
198	12
199	11
200	13
Market 62
1	8
2	2
6	12
10	13
13	8
14	12
19	14
21	14
24	8
30	3
35	4
36	11
37	8
43	1
44	8
47	11
50	7
52	15
54	15
57	8
58	3
62	12
67	1
68	7
69	14
76	10
79	7
81	2
86	12
91	1
94	5
97	4
102	3
104	10
105	15
108	1
109	4
110	12
115	5
119	15
123	13
128	5
132	13
133	1
138	13
141	13
142	15
143	13
152	2
153	9
156	8
157	6
158	12
161	4
162	8
164	4
165	10
166	9
167	8
168	10
169	3
171	5
176	15
178	11
179	12
181	6
182	7
183	10
187	10
188	3
189	6
191	13
192	12
193	6
198	2
199	7
200	15
Market 89
2	4
6	3
10	10
13	12
15	2
21	8
22	6
24	5
30	3
37	7
38	1
41	2
44	14
47	14
50	13
52	1
55	15
57	9
58	6
63	3
67	15
72	9
76	3
79	8
86	10
91	2
94	3
97	6
98	7
102	9
105	14
108	6
109	11
110	14
116	15
119	6
123	7
128	11
133	12
135	11
138	2
141	9
142	12
143	13
149	13
150	15
152	13
153	14
155	8
158	3
161	10
162	11
165	7
166	4
167	4
168	7
169	8
171	14
176	5
178	5
179	11
181	1
182	4
183	7
186	2
187	13
189	1
190	14
192	7
193	12
Market 9
1	14
6	1
8	5
13	3
17	13
19	13
21	5
23	9
24	7
27	1
33	12
34	3
36	2
40	8
42	4
44	3
45	10
48	12
50	10
51	15
53	3
54	12
57	13
61	5
68	2
69	10
70	4
72	8
74	12
77	9
79	7
84	2
88	13
94	10
101	11
102	6
104	7
105	10
107	2
108	13
109	11
111	4
118	13
121	2
122	13
128	2
129	8
130	5
131	14
138	1
140	12
141	12
142	9
145	8
146	8
149	12
153	13
154	5
155	14
160	6
161	2
164	13
165	4
166	6
167	15
171	13
172	9
178	13
179	6
184	3
186	8
190	9
191	5
194	2
195	4
199	6
Market 101
1	15
6	8
8	3
10	4
13	8
17	12
19	6
21	14
22	1
24	14
33	11
35	5
36	11
38	2
40	8
42	9
47	11
48	5
50	8
51	10
52	2
53	1
55	3
57	15
61	2
63	13
64	6
67	2
68	15
69	8
70	9
72	10
74	7
76	11
79	15
82	9
84	5
86	15
88	11
93	9
97	10
98	6
100	1
102	9
104	8
107	7
108	8
109	8
110	7
112	14
118	2
122	8
123	4
128	5
133	15
134	8
137	2
140	14
141	1
142	15
143	3
150	12
151	6
152	3
155	5
157	3
158	6
161	13
164	15
166	2
169	13
170	15
172	13
178	3
179	3
181	13
182	10
183	11
184	8
185	13
188	11
189	15
190	11
191	1
192	5
193	3
195	6
199	1
200	3
Market 72
1	6
2	5
3	13
7	5
10	5
12	13
13	9
15	6
17	9
19	5
20	9
21	7
22	9
23	14
24	2
26	11
30	11
31	8
35	12
36	6
38	2
39	10
40	2
41	5
44	4
47	14
50	6
52	5
53	13
55	2
56	8
57	13
58	6
60	1
68	5
69	9
70	15
72	6
76	1
79	4
80	3
82	3
83	4
86	10
88	14
91	3
92	14
94	1
96	3
98	3
102	1
104	4
105	5
109	15
110	14
111	4
116	8
117	5
119	9
120	9
123	13
124	11
125	4
129	2
130	5
132	8
138	15
140	8
141	7
142	4
143	5
144	14
145	13
146	12
149	3
153	15
154	13
155	14
160	3
161	8
162	12
164	9
165	8
166	13
167	13
171	8
172	2
178	7
179	11
181	5
183	14
184	9
186	10
189	5
191	13
193	1
194	3
195	6
197	13
199	4
Market 6
1	11
2	6
4	6
7	2
10	7
13	14
17	15
19	14
20	10
21	6
26	2
32	15
35	14
36	15
37	4
39	7
40	2
43	9
44	10
47	6
48	5
51	10
52	5
53	9
56	12
57	14
60	13
64	12
68	7
69	5
73	2
76	11
79	8
80	7
83	9
86	15
88	10
91	5
92	5
96	3
97	11
104	13
108	2
109	14
110	3
111	15
117	12
119	9
120	12
124	7
128	10
129	12
132	8
138	3
140	15
141	7
142	8
145	9
150	4
152	4
153	11
154	7
155	6
156	4
158	8
160	3
161	10
162	1
164	5
165	12
168	3
170	3
171	6
172	10
176	1
178	10
179	10
182	3
183	5
186	14
189	14
190	6
191	3
193	5
194	11
197	1
Market 107
1	7
2	3
4	14
6	6
7	11
8	2
13	9
17	11
19	14
20	3
21	14
23	6
27	10
29	7
32	6
34	9
36	5
37	15
40	12
41	13
42	2
44	2
45	15
48	3
49	5
51	2
52	14
53	3
61	8
62	9
64	2
65	8
68	12
70	12
71	8
73	3
75	10
76	1
78	13
79	1
80	6
83	4
86	2
90	7
97	7
98	10
101	11
104	4
106	2
108	11
109	15
111	3
114	1
117	7
119	9
120	6
122	7
125	12
128	15
130	3
131	14
133	13
135	4
140	10
141	11
142	2
143	7
149	13
150	12
151	9
156	11
158	2
161	4
162	5
164	5
166	4
167	10
169	3
171	11
172	1
176	7
178	13
181	14
182	7
184	6
186	10
187	9
189	12
190	9
191	8
192	1
193	15
195	13
198	7
200	10
Market 149
1	6
2	4
6	8
8	9
10	5
13	10
17	2
18	3
19	5
20	12
21	13
23	2
24	1
27	12
29	13
30	1
33	13
34	14
35	5
36	5
37	2
41	4
42	14
43	4
44	11
45	10
46	9
48	13
50	11
51	15
52	15
53	2
54	2
57	3
58	2
61	2
62	13
64	10
66	8
68	15
69	1
71	11
74	2
75	10
77	2
79	4
80	11
81	13
84	11
86	6
88	6
91	5
93	13
94	6
97	6
98	12
102	8
104	9
105	8
107	7
108	8
109	6
110	6
111	8
112	3
114	14
117	13
118	10
119	4
121	2
122	12
123	13
125	5
128	11
129	10
133	15
138	11
141	7
142	13
143	1
145	4
150	9
154	8
157	12
160	15
161	12
162	8
164	13
166	14
168	2
171	11
179	9
181	8
182	5
184	8
187	4
188	14
190	13
191	11
192	9
195	7
198	9
199	10
200	10
Market 98
1	6
4	7
6	11
13	8
17	3
20	15
21	5
23	13
27	4
33	4
36	1
40	15
41	12
44	12
47	4
48	11
50	6
51	13
57	14
60	5
61	12
63	8
64	10
67	15
74	6
76	12
77	12
79	12
80	8
83	5
84	12
88	2
92	13
93	15
96	7
97	10
98	9
100	2
102	7
104	7
105	4
106	10
107	10
109	14
111	15
112	9
117	12
118	10
120	15
121	5
125	6
129	1
131	3
132	5
133	15
138	2
141	9
145	8
149	4
150	9
154	13
155	6
156	3
157	8
158	12
160	3
161	9
168	6
171	6
176	5
178	5
179	13
181	4
182	15
183	9
184	2
187	13
189	11
190	10
191	11
192	11
193	8
194	10
195	1
198	1
199	12
Market 46
1	3
2	1
6	6
7	5
10	6
13	11
15	2
18	5
21	6
22	11
24	5
28	4
31	1
34	7
35	13
38	3
40	15
41	10
42	9
44	5
45	12
47	3
50	6
51	9
52	10
54	3
57	11
59	10
61	12
63	15
64	9
69	5
70	13
72	7
74	6
76	2
77	8
79	14
80	6
82	4
84	9
86	6
91	3
93	11
94	5
95	2
98	14
101	14
102	1
104	8
107	9
109	9
112	2
118	14
119	9
122	7
125	5
127	2
129	8
133	1
135	3
137	4
138	10
142	10
143	5
150	3
152	9
157	2
158	13
161	1
162	10
164	10
166	13
168	9
169	1
170	4
171	10
172	2
176	2
177	14
178	5
179	7
181	1
182	4
183	8
184	14
187	13
188	3
189	13
190	9
191	10
192	10
193	7
195	6
198	13
199	7
200	11
Market 120
1	7
2	12
7	2
8	9
10	3
13	12
14	7
18	4
19	15
21	15
24	7
28	3
30	4
34	7
35	15
36	5
40	1
42	8
43	4
44	5
45	12
47	12
48	2
50	8
51	6
52	8
54	5
61	7
62	5
64	3
67	4
68	12
69	10
72	5
76	1
77	14
79	5
80	14
81	13
84	4
86	14
88	8
91	12
93	14
98	12
102	10
104	12
105	14
107	10
108	3
110	6
112	13
116	11
118	1
119	8
122	3
123	6
125	7
128	2
137	14
142	5
143	3
149	7
150	7
152	13
153	2
155	7
157	3
158	3
160	12
161	15
164	10
165	6
170	5
171	9
172	4
176	15
178	2
179	11
181	9
183	13
184	4
189	13
190	10
191	9
193	13
194	8
199	14
200	12
Market 58
1	10
3	12
6	7
7	11
10	14
13	5
16	3
19	6
21	9
22	12
25	11
31	10
35	9
38	5
40	12
41	10
44	9
47	13
50	7
52	13
57	5
59	13
63	13
67	3
76	14
79	14
82	13
86	6
88	9
91	1
92	12
94	10
96	5
97	4
98	12
102	4
104	7
105	15
108	8
109	10
110	8
119	3
120	5
123	6
128	14
131	3
133	14
135	15
138	13
140	13
141	10
142	7
150	3
153	12
157	6
158	6
161	1
162	9
163	1
164	9
165	1
166	2
168	10
169	12
171	13
172	9
176	5
178	1
179	10
181	5
182	3
183	12
184	11
188	4
189	14
191	3
192	15
193	6
194	7
195	13
199	9
200	13
Market 108
1	13
6	13
7	6
8	9
13	8
17	3
21	12
23	1
24	14
27	2
33	10
36	11
40	8
42	15
44	2
48	14
51	15
53	15
57	7
61	14
64	14
68	6
70	13
74	15
80	4
84	6
88	13
93	5
97	12
98	8
99	1
102	9
104	15
107	13
108	8
109	2
111	15
118	12
121	10
125	10
128	11
129	7
138	5
142	4
143	12
145	10
149	11
153	3
154	14
155	13
158	11
160	11
162	2
164	15
165	2
166	11
171	7
176	12
178	5
179	4
181	4
183	2
186	12
189	10
190	5
191	7
193	15
194	4
200	13
Market 27
1	11
2	14
3	13
6	3
7	8
10	13
11	6
13	12
16	8
19	4
21	2
23	10
24	3
26	11
31	8
35	9
36	4
37	5
39	1
40	14
41	5
43	13
46	11
49	10
50	6
52	11
53	6
54	10
55	2
57	1
60	12
62	13
63	6
66	8
67	13
68	12
69	15
70	8
71	4
72	5
75	3
76	9
79	13
80	8
83	15
86	8
87	12
92	6
94	10
96	2
97	5
98	5
101	13
102	1
104	15
105	11
108	10
109	9
110	9
111	3
114	10
117	6
120	9
122	13
124	15
128	10
130	14
138	12
139	2
141	15
142	15
143	2
145	11
150	8
153	13
154	12
156	15
157	12
158	9
160	1
161	10
162	13
163	11
164	15
166	2
168	13
171	3
172	5
176	2
179	9
182	6
183	14
184	2
187	3
189	9
190	14
191	3
194	7
195	9
198	6
199	6
200	6
Market 137
1	13
2	13
6	15
7	8
8	8
13	7
17	9
19	6
21	4
23	8
24	4
29	13
30	4
36	3
37	7
40	11
41	13
42	8
43	9
44	12
45	8
47	7
49	3
51	9
52	1
54	9
55	9
57	9
61	15
62	10
63	14
64	10
67	2
69	12
70	14
75	6
76	9
78	3
79	5
80	11
81	5
85	7
86	2
88	5
90	4
91	2
94	1
97	3
98	3
101	15
102	12
104	4
105	8
108	7
109	2
110	6
111	13
112	9
116	6
118	7
119	1
122	12
123	14
129	5
134	11
138	5
142	12
145	3
150	8
154	9
158	10
160	1
162	8
164	6
166	5
168	4
169	15
171	12
172	1
179	10
182	11
183	11
184	8
188	10
189	2
190	1
192	13
193	4
194	13
195	6
198	12
199	9
200	14
Market 117
1	8
2	3
3	9
4	3
6	2
7	2
9	4
11	3
13	4
17	10
19	9
20	10
21	10
23	9
24	11
26	13
29	7
31	13
32	8
34	9
36	15
37	10
39	3
41	4
43	11
44	13
46	13
47	12
49	3
50	13
51	15
53	2
54	9
56	2
57	14
60	14
63	13
65	12
67	4
68	7
69	12
70	3
71	2
73	5
75	9
76	11
79	5
80	14
83	8
86	9
88	15
90	2
92	4
94	9
96	10
97	8
98	8
101	1
102	10
103	6
104	5
105	13
108	11
111	6
114	7
119	15
120	7
122	2
124	9
132	2
133	3
134	11
135	6
141	15
142	2
143	7
150	5
152	5
156	8
157	2
158	8
162	3
164	8
166	11
167	5
168	3
169	1
172	4
176	1
178	1
179	7
181	9
182	10
183	11
184	10
186	12
187	3
188	1
189	8
190	1
191	15
192	8
193	13
195	2
197	8
198	6
199	2
200	7
Market 61
1	5
3	14
7	8
12	10
16	1
17	15
19	4
22	6
23	7
24	10
26	13
31	9
36	11
39	9
40	3
41	8
44	1
53	11
55	11
56	5
60	2
63	9
67	7
68	11
69	11
70	4
73	14
76	3
82	15
83	11
88	3
92	9
96	7
97	5
98	9
102	15
104	10
108	7
109	6
111	15
120	8
124	11
128	11
133	7
137	3
138	14
139	13
142	4
143	12
144	10
145	2
150	1
154	4
157	7
159	10
160	6
161	6
164	2
165	9
166	4
168	11
169	8
171	1
172	2
177	7
178	1
181	15
182	8
183	6
184	10
188	12
189	2
190	1
191	8
192	11
194	14
195	14
199	6
200	7
Market 109
1	10
3	1
6	13
7	1
10	5
11	3
13	8
16	7
17	5
19	8
21	3
22	2
26	10
30	11
31	8
35	9
36	5
37	13
39	7
40	4
43	4
44	13
47	13
49	1
50	13
51	13
52	3
53	5
55	1
57	4
60	13
63	10
64	10
66	6
67	6
68	15
69	1
70	2
75	11
79	2
80	7
81	9
86	5
87	10
88	3
96	14
98	10
102	15
104	14
105	6
108	5
109	3
111	2
117	9
119	14
120	2
123	15
124	3
127	1
128	2
133	15
137	3
138	7
141	8
142	11
143	1
150	8
152	10
153	2
155	7
157	14
158	10
160	1
161	15
164	2
165	4
169	9
170	7
171	4
172	8
176	6
178	15
179	8
182	12
183	4
188	1
189	9
190	1
191	6
192	7
193	2
195	2
200	8
Market 114
1	4
6	5
7	2
8	10
13	6
19	8
21	9
24	1
29	12
34	8
36	9
37	4
40	8
41	14
42	11
44	2
45	6
47	10
49	7
50	5
52	15
54	2
55	8
57	6
61	1
63	3
64	2
67	13
68	10
70	2
72	5
75	9
76	5
78	6
79	9
80	13
85	5
88	9
94	9
97	8
98	10
101	1
102	1
104	7
105	2
108	10
109	12
112	5
118	8
122	10
129	10
131	7
132	1
133	10
138	1
141	3
142	1
145	13
149	10
150	10
153	13
155	13
157	6
160	13
162	8
166	6
167	4
171	2
172	13
176	11
178	14
179	5
181	9
182	2
184	10
186	15
187	14
190	9
191	7
192	15
194	5
195	13
197	5
198	11
199	2
Market 69
1	1
2	2
6	1
7	12
8	2
10	1
18	7
21	1
24	11
28	7
30	12
34	10
35	12
36	14
37	11
40	14
42	15
43	7
44	13
45	14
46	15
48	9
49	15
51	2
52	11
53	10
54	13
57	10
61	14
62	12
64	7
66	15
68	2
69	6
70	7
71	15
74	8
75	11
77	13
79	2
80	7
81	1
84	1
86	7
88	9
91	15
93	11
94	14
97	4
98	1
101	13
102	5
105	2
107	13
108	15
109	11
110	10
111	13
112	7
114	9
118	9
119	14
122	13
125	4
128	15
131	4
137	4
138	3
141	6
142	13
143	6
149	5
150	13
152	2
153	8
155	15
157	8
161	13
162	7
164	10
165	7
166	5
168	13
170	13
171	5
176	11
178	11
179	8
181	15
182	3
183	7
184	10
186	15
188	5
189	14
190	11
191	11
192	2
193	7
194	12
198	6
199	7
Market 63
1	2
3	8
6	7
7	11
8	9
10	1
13	5
16	14
18	11
19	8
21	15
24	14
25	12
31	3
34	9
36	2
40	4
41	7
42	10
44	7
45	4
47	12
48	6
50	1
51	3
52	10
53	10
54	11
55	1
57	1
60	3
63	6
64	7
67	10
68	3
70	5
72	1
74	2
76	8
77	7
79	7
82	15
84	6
86	11
88	8
92	2
94	14
96	6
97	7
98	1
101	1
102	3
104	15
105	15
107	5
108	2
109	3
111	4
112	8
117	7
118	14
119	13
120	11
122	5
124	2
125	11
131	8
132	6
138	5
140	7
141	8
142	4
149	1
150	13
155	7
156	11
161	4
162	15
164	3
166	7
167	14
168	13
171	5
173	4
176	2
178	1
179	1
181	3
184	13
185	13
186	7
187	10
190	5
191	5
194	4
195	10
196	10
199	3
Market 16
1	10
4	2
7	15
13	12
17	12
20	12
21	2
23	10
24	4
27	7
32	1
40	7
41	11
44	14
48	4
51	11
57	14
61	9
68	2
70	2
74	12
77	10
79	15
80	4
84	5
88	8
93	4
97	4
98	7
104	5
105	4
106	3
109	12
111	3
118	3
120	3
125	13
131	15
132	5
135	12
141	1
142	7
143	11
149	9
150	9
152	10
155	3
158	12
162	2
164	12
166	15
167	11
168	12
169	7
172	15
176	1
178	8
179	12
181	7
183	4
184	15
186	3
189	1
191	14
195	10
197	4
199	12
200	7
Market 97
1	13
2	12
3	10
6	13
7	10
8	13
12	4
13	13
14	15
17	1
18	2
19	11
20	7
21	4
23	11
24	12
26	5
30	12
31	13
34	14
35	5
36	14
37	10
39	2
40	2
41	12
42	3
43	6
44	3
45	4
47	2
48	6
53	1
55	3
56	6
58	13
60	9
63	2
64	4
67	15
68	7
69	5
70	13
72	11
73	10
75	14
76	4
79	7
80	6
81	14
83	6
85	5
86	11
88	4
91	10
92	6
94	4
96	8
97	9
98	1
101	15
102	1
104	12
105	12
107	10
108	6
109	2
110	12
111	7
112	12
116	8
117	13
118	12
119	15
120	1
122	5
123	5
125	4
128	8
131	12
134	14
137	15
138	15
141	4
142	9
143	7
149	10
150	9
151	8
152	14
153	11
155	7
157	15
158	5
161	1
162	1
166	10
168	10
171	7
172	3
176	8
178	13
181	11
183	10
186	13
189	4
190	15
191	1
193	7
195	6
199	4
200	9
Market 7
2	6
6	11
7	13
10	3
13	3
15	1
19	8
21	8
22	5
24	12
30	7
31	10
35	3
36	3
37	5
38	6
40	15
41	2
43	10
44	6
47	2
50	9
55	6
57	11
58	3
62	6
63	8
67	2
69	2
72	9
76	5
79	4
81	15
82	9
86	11
91	8
97	1
98	10
101	11
102	5
104	9
108	14
110	10
116	5
119	3
123	13
128	3
131	7
133	12
134	14
138	4
140	6
141	10
142	9
143	6
151	10
153	4
155	4
157	13
158	2
161	12
162	4
166	15
168	6
169	4
171	12
172	4
176	11
178	14
179	6
181	8
182	11
184	4
185	15
187	14
189	4
191	6
192	3
194	7
195	9
199	14
200	11
Market 103
1	1
2	15
5	6
6	9
7	15
10	11
13	9
14	10
17	3
19	5
20	15
21	9
23	9
24	14
27	4
30	11
32	10
35	6
36	12
37	9
40	6
41	11
43	10
44	15
46	5
48	12
50	6
51	13
52	5
53	15
54	2
57	11
58	11
61	15
62	9
64	12
66	4
68	8
69	1
70	2
72	15
74	7
76	2
77	1
79	8
80	2
81	13
84	1
86	2
91	3
93	2
94	8
97	2
98	11
102	9
104	2
105	9
106	11
108	10
109	6
110	5
111	12
114	1
118	13
119	15
120	8
123	4
125	4
130	2
131	5
133	10
134	6
137	5
140	5
141	4
142	15
143	9
146	5
149	3
150	11
151	13
152	9
153	12
155	5
157	9
158	5
162	14
164	6
166	13
167	2
168	14
169	2
170	12
171	2
172	1
176	7
178	5
179	9
181	1
182	11
183	15
184	11
186	13
187	13
188	9
189	5
191	3
192	12
193	14
194	9
195	4
198	5
199	6
200	10
Market 45
1	15
2	7
6	2
10	3
13	5
14	14
19	5
21	11
24	13
30	10
35	13
37	14
43	2
44	14
50	4
52	6
54	2
57	10
62	10
66	7
68	9
69	15
72	7
79	15
81	10
91	13
94	14
104	2
105	1
108	1
109	8
110	2
114	6
119	5
123	5
128	1
130	1
132	6
138	5
141	9
143	15
145	3
150	12
153	2
155	13
158	3
161	7
162	15
165	15
166	7
167	8
171	14
172	12
178	6
179	9
181	13
183	7
184	8
186	12
189	9
190	5
193	3
194	15
195	11
197	14
Market 77
1	14
2	12
6	3
7	8
8	15
10	4
13	1
18	9
19	13
21	12
24	4
28	4
33	10
34	5
35	10
36	1
41	5
42	13
44	10
45	3
47	11
50	10
51	8
52	1
53	13
54	14
55	11
57	10
61	15
64	4
67	14
68	4
69	7
70	4
72	1
74	6
76	3
77	7
79	15
80	14
84	8
86	10
88	6
91	4
93	12
97	15
98	4
101	9
102	3
104	5
107	13
108	15
109	15
110	14
112	12
118	13
119	2
122	15
123	10
125	2
127	14
128	3
133	2
137	13
138	3
142	11
143	13
149	5
150	9
152	14
153	11
155	6
158	1
161	11
164	9
165	7
166	5
168	6
171	12
172	6
176	3
178	8
179	2
181	1
182	12
184	3
189	8
193	5
194	12
195	1
200	13
Market 128
1	4
6	7
8	13
13	3
18	7
19	8
21	12
24	11
28	10
34	9
40	11
42	4
44	14
45	4
48	6
54	13
57	1
61	14
64	3
68	13
70	1
74	1
77	9
80	10
84	1
86	3
88	5
93	9
97	6
101	15
104	4
108	13
109	14
110	2
112	15
118	12
122	14
125	8
131	6
132	8
133	13
137	4
138	15
141	8
142	15
143	4
149	8
150	13
152	9
155	12
156	4
157	9
159	10
162	14
164	12
165	13
166	15
167	12
168	9
171	4
172	9
173	4
176	9
178	12
181	7
182	5
183	6
184	14
186	3
190	14
193	9
194	6
195	3
196	11
197	9
Market 48
1	1
2	12
6	13
7	11
10	11
13	11
15	1
21	2
22	6
24	7
31	9
35	8
36	14
38	6
40	1
41	15
42	7
44	4
47	2
48	14
50	12
51	2
52	10
55	13
57	12
58	2
61	8
63	6
64	6
67	7
68	13
69	15
70	2
72	13
74	5
76	3
77	2
79	9
80	3
82	10
84	9
86	8
88	6
91	1
93	1
94	15
97	2
98	8
102	6
104	2
105	3
107	3
108	4
109	3
110	9
116	2
118	9
119	8
123	14
125	6
131	6
139	6
141	1
142	1
146	5
149	8
150	11
152	10
154	13
155	1
157	2
158	11
161	15
164	14
166	2
167	8
172	10
178	5
179	3
181	3
183	2
184	5
186	14
189	3
190	4
191	12
192	9
193	14
195	2
200	4
Market 131
1	13
3	1
6	14
7	3
8	14
12	6
13	4
17	10
19	11
20	5
21	1
23	2
24	13
26	1
29	7
31	12
34	8
36	4
37	9
39	7
40	14
41	2
42	1
44	4
45	8
47	1
48	7
51	12
52	9
53	10
54	8
56	1
57	11
60	4
61	5
63	8
64	4
67	6
69	4
70	11
73	10
74	5
75	15
76	13
77	2
78	14
79	11
80	2
83	7
84	1
85	7
88	4
92	4
94	10
96	6
97	5
98	13
101	12
104	1
105	10
107	9
108	3
109	6
111	1
112	6
117	15
118	4
120	11
122	7
124	8
125	8
127	7
129	1
130	6
133	15
137	14
138	1
140	6
141	14
142	8
143	14
145	7
147	7
150	9
152	9
154	2
155	4
157	6
158	7
160	4
161	8
162	6
164	6
166	5
168	5
170	3
171	14
176	10
178	15
179	8
180	1
182	12
183	14
184	6
185	13
187	12
189	1
190	15
191	6
192	2
193	11
194	2
195	14
200	10
Market 12
1	7
6	7
8	7
13	12
18	10
19	1
21	15
24	15
28	5
34	6
36	8
42	3
44	10
45	1
48	1
51	4
54	10
57	15
61	5
64	6
70	1
74	8
77	3
80	5
84	12
88	2
93	1
97	2
101	15
104	12
107	13
108	5
112	4
118	8
122	14
125	10
128	11
131	5
134	9
138	13
141	7
142	13
149	13
150	5
151	7
155	15
156	11
157	9
158	2
161	3
162	1
164	6
166	3
167	9
169	5
171	4
172	8
176	10
178	11
179	5
181	2
182	2
184	10
186	12
188	8
189	9
190	14
191	7
192	12
195	7
197	8
199	4
Market 87
1	2
2	2
6	6
7	13
8	11
10	12
13	12
15	13
17	6
18	4
19	5
20	1
21	4
22	10
23	7
24	8
28	14
30	12
34	11
35	8
36	13
38	6
40	6
41	3
42	4
44	14
45	10
47	14
48	1
50	13
52	5
55	2
57	5
58	1
63	15
64	5
67	14
68	4
69	7
70	2
72	7
74	8
76	3
77	4
79	11
82	10
84	15
86	8
88	14
91	11
94	3
97	4
98	7
101	2
104	13
105	1
107	6
108	6
109	12
110	3
111	4
112	8
116	15
118	2
119	7
128	15
131	9
132	13
138	4
140	15
141	9
142	14
143	4
149	12
150	6
155	12
156	13
158	14
161	1
162	7
164	6
166	6
167	14
171	12
172	8
174	13
176	7
178	8
181	2
186	10
189	11
191	15
196	10
197	3
200	4
Market 28
1	15
6	14
7	12
10	10
13	4
19	1
21	2
24	1
29	13
30	7
34	7
35	5
37	7
40	8
43	7
44	8
46	11
48	10
52	11
58	3
62	14
64	7
70	9
71	10
75	5
79	7
80	3
81	11
86	2
88	1
91	11
94	13
97	12
101	11
102	7
104	15
105	7
108	2
109	4
110	4
114	11
119	11
122	6
123	11
128	14
129	8
131	15
133	2
140	8
141	10
142	14
143	15
145	1
149	3
150	13
153	14
155	1
157	4
158	14
160	4
161	1
164	14
165	12
166	10
167	11
168	6
171	13
172	13
175	8
176	8
178	4
179	9
181	9
183	7
184	15
185	8
186	11
188	6
189	12
190	6
191	8
192	12
194	10
199	15
200	11
Market 121
1	12
2	14
6	10
7	13
8	3
13	3
18	11
19	1
21	6
24	7
29	13
31	11
34	10
36	13
40	15
41	5
42	7
43	7
44	5
45	1
47	14
48	10
49	15
50	13
51	6
52	13
54	5
57	9
61	11
62	10
63	2
65	2
67	14
68	2
70	13
71	6
74	10
75	1
76	10
77	12
79	4
80	4
86	12
88	12
90	6
94	15
97	15
98	14
101	14
102	5
104	10
105	8
107	15
108	10
109	13
114	5
118	10
119	15
122	9
125	7
128	12
133	2
135	11
138	7
141	11
142	3
143	14
149	1
150	9
152	7
153	11
155	15
157	2
158	2
161	15
162	4
163	8
164	11
166	12
167	14
168	5
171	6
174	8
176	1
178	14
179	11
181	5
182	1
183	4
184	12
186	6
188	15
189	13
190	4
191	9
192	10
193	7
194	2
196	11
199	10
200	10
Market 40
4	10
6	7
17	4
23	2
27	14
32	3
39	15
40	4
41	13
42	5
44	6
48	14
53	2
57	9
60	10
61	5
64	2
68	4
70	3
73	14
74	4
76	6
77	15
79	3
80	11
83	1
84	4
88	6
92	14
93	5
96	6
98	7
104	5
107	8
108	10
109	2
111	13
117	9
118	5
124	2
125	10
128	1
130	5
131	8
132	11
133	8
140	5
141	1
142	8
143	2
146	10
149	3
150	3
155	1
156	8
157	3
158	12
161	1
166	12
167	12
168	13
172	9
179	12
181	15
182	5
186	13
187	11
191	5
192	11
195	9
198	5
200	14
Market 126
2	12
3	11
7	14
11	15
13	13
16	1
19	14
21	6
22	3
24	14
26	12
31	5
35	5
36	14
37	2
39	11
40	8
41	2
47	7
50	11
52	5
53	3
54	4
55	11
60	7
63	9
67	6
69	3
72	2
76	4
79	2
82	13
86	4
87	3
92	12
94	15
96	7
97	11
98	6
102	8
104	12
105	10
108	10
109	15
110	14
111	1
117	15
119	10
120	5
124	4
131	3
132	3
133	10
138	11
141	13
142	12
149	7
150	2
155	11
156	12
157	14
158	3
161	6
162	7
164	2
166	13
167	8
168	5
171	1
172	8
173	9
176	10
178	9
179	2
181	7
182	4
183	12
184	1
187	2
188	5
189	3
191	8
192	4
193	13
194	6
195	4
196	1
198	10
199	13
200	8
Market 106
1	4
2	8
3	11
7	7
15	14
19	8
21	12
22	8
24	4
35	14
36	13
38	15
39	15
40	8
41	14
47	9
50	1
52	2
53	9
55	14
57	1
58	5
63	7
64	15
67	11
68	6
70	7
72	11
76	10
79	6
80	12
82	5
86	3
91	12
92	1
94	10
96	11
98	15
102	2
104	9
105	12
108	4
109	2
116	15
117	2
119	15
120	5
123	7
128	12
132	2
133	12
141	8
143	10
145	3
150	11
154	3
156	11
157	3
162	10
165	9
166	11
168	11
171	4
176	5
178	10
179	15
181	12
182	15
183	11
184	15
186	1
187	8
189	10
190	6
191	6
192	14
194	14
197	10
198	15
200	13
Market 82
1	5
7	12
10	9
13	2
15	4
19	1
22	13
31	4
35	12
36	13
38	12
40	1
41	9
44	14
50	3
52	6
53	4
55	9
63	15
67	15
69	7
72	7
76	4
79	6
82	13
86	15
88	14
91	11
94	13
95	6
98	8
102	7
108	12
110	4
117	1
119	3
123	6
128	4
137	7
138	8
142	5
149	6
150	6
152	7
153	6
155	4
158	12
161	10
162	14
164	13
165	9
167	6
168	7
171	9
176	4
177	5
178	8
179	13
181	1
182	13
183	3
187	13
189	13
191	15
192	4
193	8
195	15
198	15
199	13
200	6
Market 3
1	12
2	8
3	11
7	15
10	3
12	15
13	3
15	8
17	5
19	12
23	10
24	9
26	15
30	2
31	9
35	15
36	4
37	15
39	11
40	4
41	12
42	15
43	15
44	7
48	4
50	15
52	1
53	12
55	12
56	12
57	8
58	13
60	5
61	13
63	14
64	11
68	14
69	15
70	8
72	9
73	14
74	4
76	14
77	13
79	3
80	6
82	10
83	14
86	14
88	2
91	5
92	14
93	6
94	12
97	15
102	6
105	5
108	14
109	1
111	2
116	3
117	7
118	15
119	9
120	2
123	10
125	4
133	15
134	8
138	15
141	9
145	15
149	8
150	6
151	2
154	11
155	13
157	3
158	4
161	11
162	4
164	12
166	12
168	15
169	3
171	8
176	14
178	15
179	9
181	1
182	12
183	9
184	1
186	15
188	3
189	1
190	12
191	9
192	4
193	3
199	7
Market 56
1	8
6	2
8	14
13	12
17	12
21	13
23	14
24	3
29	12
34	14
36	13
37	6
40	5
42	7
44	7
45	15
49	13
52	9
53	10
54	12
57	12
61	6
64	15
70	5
75	9
78	12
85	13
88	1
89	15
94	7
97	9
101	10
104	12
108	9
109	5
111	1
112	11
122	1
130	6
131	9
134	4
138	6
139	11
140	7
142	5
145	3
146	15
149	10
150	6
154	9
155	11
157	2
161	13
162	6
166	4
168	7
171	4
172	14
176	1
178	4
179	13
181	9
182	14
184	12
185	2
188	15
190	3
192	8
199	1
Market 115
1	13
4	1
6	3
7	5
13	15
17	5
19	1
21	2
23	4
24	6
26	4
29	14
36	14
37	6
40	9
41	7
44	15
47	8
48	4
50	5
51	6
52	6
53	4
54	13
56	13
57	11
60	11
61	15
64	11
67	4
68	5
70	15
73	15
76	15
77	12
79	12
80	13
83	9
88	9
92	10
94	5
96	9
97	1
98	12
104	9
105	5
106	14
108	4
118	10
120	5
122	9
124	15
125	12
129	14
130	6
131	8
138	4
139	3
140	15
141	11
142	2
145	5
149	15
150	11
154	6
158	6
160	10
161	15
162	1
164	10
166	12
168	11
171	1
172	4
179	12
181	9
183	8
186	6
190	1
193	3
194	14
195	10
Market 50
1	10
6	6
7	15
13	12
17	1
19	13
21	4
22	11
23	14
24	12
27	10
31	5
33	4
34	11
36	14
39	6
40	11
41	10
42	10
47	14
48	2
50	15
51	11
53	7
55	8
60	8
61	13
63	15
64	3
67	6
68	9
69	15
72	5
74	7
76	12
77	2
79	14
80	4
82	14
84	7
88	7
92	8
93	3
96	15
97	2
98	9
99	9
101	5
102	4
104	8
105	7
108	12
109	5
111	1
117	13
118	12
120	9
121	7
122	3
124	14
125	11
128	3
136	4
138	15
141	5
149	4
150	6
152	8
153	6
157	10
158	13
161	3
164	5
165	9
168	13
170	1
176	14
178	6
179	15
181	10
182	4
184	2
186	7
190	10
191	3
192	12
194	10
199	7
200	9
Depot
