CapEuclideo.300.200.7.5
Total Cost:105059
|M*|: 299
Depot
Market 50
1	2
8	1
19	4
23	2
26	6
51	9
52	10
55	2
58	10
62	14
65	12
76	7
83	11
106	14
111	9
120	15
133	15
138	14
139	9
141	15
143	2
156	12
161	11
183	11
187	2
200	13
Market 197
2	12
48	8
53	1
58	13
63	7
91	8
98	7
113	7
114	8
123	7
128	4
131	11
137	15
138	7
139	9
174	2
180	9
185	7
200	11
Market 201
70	1
72	15
76	6
90	10
96	11
97	7
99	3
112	8
113	4
114	7
125	12
127	6
133	12
136	9
139	11
141	6
145	1
153	15
157	7
167	4
169	14
173	12
188	13
200	2
Market 115
2	2
6	11
7	3
13	6
15	4
18	13
19	15
21	9
22	4
25	9
32	1
33	9
34	10
36	12
37	2
38	4
40	11
42	1
48	13
49	11
51	5
52	9
57	12
73	11
78	13
80	2
86	7
100	10
103	4
117	4
120	8
126	14
127	4
131	11
139	7
141	15
155	4
158	9
161	6
164	2
166	3
169	6
171	5
174	5
182	5
186	14
195	11
200	8
Market 153
2	8
15	2
44	10
72	5
73	4
77	4
88	11
97	15
107	2
114	1
115	7
126	6
143	6
159	6
171	8
173	5
175	7
190	11
191	6
198	5
Market 244
2	8
44	15
65	15
78	15
81	2
106	2
112	8
131	6
135	6
137	10
139	2
150	4
152	12
156	1
159	12
162	15
163	11
164	14
167	12
170	4
174	7
192	10
195	9
199	12
200	1
Market 162
1	2
3	13
7	15
12	13
14	12
22	3
24	5
26	5
32	1
34	13
38	12
39	6
40	11
41	12
43	12
47	6
50	9
53	13
58	2
59	9
62	12
65	11
66	12
67	4
68	10
71	14
72	9
81	12
83	4
88	4
95	8
99	15
101	8
109	6
112	2
137	4
142	15
143	15
155	7
159	2
175	4
185	14
187	3
192	1
194	9
195	14
199	14
Market 56
1	8
2	3
17	1
20	15
24	4
28	11
38	9
39	14
44	10
50	1
70	10
71	6
72	11
74	2
82	2
90	2
91	11
95	13
119	9
132	8
135	9
136	7
139	8
141	14
156	8
185	8
192	5
Market 3
1	14
8	9
15	12
24	14
34	13
38	1
39	5
48	3
51	12
68	10
71	4
75	8
81	11
93	5
98	10
99	4
103	10
110	7
116	13
136	15
155	7
156	14
161	13
162	14
169	11
170	4
183	15
200	8
Market 221
1	11
3	15
10	11
15	10
18	6
20	15
24	10
25	6
28	2
32	2
35	13
37	14
38	14
46	12
49	3
51	2
59	15
64	15
66	15
72	10
73	8
80	2
83	12
87	10
97	14
101	7
102	2
106	4
114	12
120	4
124	4
126	6
130	6
133	5
136	3
137	6
143	9
155	12
156	14
157	14
159	7
164	3
171	3
177	15
187	1
195	8
200	14
Market 82
8	4
12	14
20	5
22	1
25	2
29	4
33	10
38	2
40	10
41	12
48	5
50	9
51	7
52	2
61	11
62	10
66	15
68	11
71	6
73	5
89	13
92	15
103	4
114	8
124	1
126	8
155	13
169	14
191	6
192	3
194	6
195	15
198	15
Market 106
4	11
16	1
22	12
23	14
32	1
39	1
45	12
55	9
60	15
63	11
78	8
103	3
113	11
115	2
123	2
126	10
136	12
139	3
141	14
155	11
157	14
158	6
159	2
160	15
166	10
168	1
200	6
Market 126
20	8
22	15
28	4
33	11
39	14
48	3
61	2
67	4
72	11
78	8
81	3
85	8
95	12
99	15
113	4
126	10
129	13
136	13
139	8
143	4
154	3
159	8
178	11
180	7
181	13
Market 278
5	10
6	15
10	14
11	11
13	15
14	6
15	6
16	7
21	11
22	6
23	10
24	9
28	1
29	11
34	15
38	9
40	5
45	3
52	14
53	1
61	11
63	10
64	12
71	11
76	10
80	7
81	11
89	14
91	6
98	14
99	3
103	8
105	6
107	3
109	10
112	7
129	2
131	12
135	5
136	6
137	13
138	12
141	9
155	3
161	3
174	10
182	1
183	9
187	14
190	1
200	7
Market 40
4	4
17	11
23	14
24	8
38	11
44	11
63	10
71	13
72	6
96	15
106	12
123	1
130	15
136	11
139	1
154	4
172	1
174	7
187	7
Market 277
1	5
4	7
12	1
20	13
23	11
38	10
58	7
64	8
66	9
73	2
80	2
131	7
133	9
142	13
155	2
156	3
157	4
158	15
166	13
173	11
175	1
186	2
190	12
194	12
197	8
Market 28
2	4
72	5
77	5
100	8
103	1
123	10
128	12
132	7
138	4
139	10
145	4
152	5
174	11
195	2
Market 160
15	4
18	4
20	6
23	6
38	7
44	12
50	4
58	14
65	1
71	2
72	3
86	2
120	3
136	9
139	6
145	12
148	10
153	9
161	4
162	15
171	3
177	10
Market 87
4	1
8	3
10	1
12	8
16	8
18	9
31	11
32	11
36	5
39	10
41	15
43	14
52	5
58	5
64	11
66	4
76	6
86	7
95	11
100	5
103	2
107	11
109	7
113	7
114	6
124	1
128	12
132	9
133	6
135	13
139	7
140	11
145	7
151	15
159	1
162	13
166	9
169	1
178	6
190	12
195	11
196	11
Market 266
4	7
7	12
12	14
16	7
22	13
24	6
29	12
39	2
46	12
48	6
53	14
65	2
73	4
80	3
93	14
99	12
102	12
111	13
114	11
115	9
127	8
132	6
134	4
138	11
149	10
155	12
159	2
166	10
173	14
190	3
196	10
198	14
200	14
Market 121
2	14
38	10
65	13
74	15
91	14
109	4
113	11
126	13
138	1
156	2
161	4
169	1
173	4
183	13
192	3
Market 124
23	7
38	7
58	6
68	13
78	8
106	12
111	11
114	15
130	13
157	13
159	9
174	15
180	2
183	10
190	12
195	11
Market 122
2	9
7	11
8	6
12	11
15	3
16	12
19	2
22	9
24	14
41	3
53	13
59	3
63	8
64	7
72	7
73	13
80	12
92	13
99	2
103	6
104	15
105	1
112	3
120	4
122	9
124	9
125	2
129	2
131	15
140	11
166	10
191	11
192	9
Market 102
1	1
3	4
4	14
5	6
6	13
11	12
14	5
15	3
17	7
25	9
29	15
31	4
32	12
34	1
39	15
41	11
45	9
51	6
52	5
55	5
58	1
60	9
61	4
62	5
68	4
70	9
78	14
80	12
81	9
83	6
85	15
88	4
95	7
97	1
106	1
113	10
123	15
128	12
129	8
135	10
141	14
142	8
157	1
158	10
164	11
165	11
166	1
185	12
192	9
Market 78
2	10
7	15
11	15
14	7
16	1
24	2
26	3
36	3
40	12
41	5
47	12
55	12
57	7
60	9
66	10
91	5
97	5
99	13
106	2
121	15
123	3
153	4
158	6
159	5
162	11
170	10
174	14
176	1
177	5
199	3
Market 146
1	11
3	10
15	1
22	3
29	12
38	1
53	2
59	9
60	4
61	1
64	1
65	8
71	10
72	13
75	4
85	8
97	1
98	7
103	1
110	7
112	8
118	10
121	15
127	4
135	14
141	6
169	8
170	9
198	13
Market 150
3	7
5	8
14	15
20	2
26	4
31	3
33	3
37	9
38	2
48	8
49	14
51	6
58	11
61	3
65	12
80	14
83	15
88	12
102	10
103	7
108	15
126	12
130	14
137	3
141	3
142	10
169	12
Market 93
11	12
18	12
19	7
34	3
35	8
39	9
41	9
42	7
48	10
49	9
54	11
55	4
56	4
57	2
61	7
65	12
66	1
68	10
72	5
77	6
78	14
79	9
82	2
83	1
86	11
103	5
106	3
113	14
120	14
133	10
134	15
141	15
156	13
158	9
162	6
176	12
186	3
199	15
Market 118
3	12
5	3
8	14
15	4
19	4
33	9
34	8
38	10
41	2
43	8
48	5
51	3
58	4
60	3
65	11
72	13
73	13
100	8
102	7
103	12
107	5
111	14
113	14
114	4
115	7
138	9
157	14
159	13
173	6
174	9
187	11
192	3
195	8
Market 206
3	2
6	13
8	1
12	14
16	1
19	1
21	10
24	14
28	6
31	15
33	1
41	3
43	15
47	4
50	14
73	7
89	15
91	9
106	8
113	2
119	8
129	15
130	1
135	9
136	8
139	5
145	4
154	14
159	10
171	14
183	3
Market 104
16	13
20	12
38	10
44	7
50	9
71	14
78	4
80	9
85	12
87	5
91	10
98	9
103	8
106	8
111	2
114	14
120	12
129	7
134	13
135	9
136	13
141	12
152	8
157	6
170	3
174	8
180	6
183	8
187	7
190	1
191	6
Market 76
2	4
50	3
71	13
87	2
89	7
99	5
100	15
106	7
122	10
129	12
130	4
135	8
139	11
158	8
159	5
162	7
166	7
173	13
180	10
192	14
Market 38
1	3
8	6
16	4
17	12
19	5
28	1
32	6
42	2
43	4
48	1
53	5
58	2
75	9
93	15
94	12
97	7
98	1
106	11
116	5
123	10
132	1
139	7
162	15
168	15
169	14
171	10
175	12
183	8
191	8
192	9
Market 283
4	9
5	15
7	13
8	5
10	10
12	14
13	14
18	4
24	5
25	13
26	11
28	14
31	14
33	6
34	15
36	15
38	1
45	6
46	4
55	13
57	5
60	11
61	13
72	5
73	15
83	4
88	11
100	4
103	9
107	6
114	15
120	5
125	3
128	13
132	7
137	12
138	1
143	12
154	10
158	12
165	4
166	14
168	3
174	7
183	13
187	7
190	12
195	5
Market 298
1	11
4	9
6	12
7	14
15	13
18	4
20	5
21	8
25	15
33	3
36	11
43	4
45	15
47	7
50	13
51	10
59	9
71	6
73	2
80	12
88	10
89	1
97	4
100	9
103	7
115	14
125	5
137	1
139	8
141	12
142	14
143	8
167	3
171	15
181	10
182	14
192	11
Market 168
15	11
17	14
23	12
28	9
50	13
66	8
68	12
71	13
80	7
88	11
99	8
101	4
115	9
132	8
139	3
156	9
157	8
159	7
171	4
182	12
190	6
Market 158
5	13
18	1
19	9
25	3
28	5
32	5
39	7
40	5
44	9
46	8
50	5
52	9
61	4
62	2
63	12
67	15
77	10
80	12
84	9
86	7
87	12
91	4
101	1
105	6
106	3
112	13
114	15
123	8
129	4
130	5
140	6
151	10
166	2
169	3
170	14
171	12
174	1
176	9
177	15
180	15
185	11
Market 119
2	11
3	10
17	11
18	3
33	8
34	1
38	1
51	13
59	2
61	6
65	1
66	2
71	12
77	10
83	8
103	1
104	7
105	4
128	10
137	15
145	9
150	6
156	5
157	2
175	9
176	11
185	9
187	2
190	10
191	7
192	11
200	8
Market 19
2	13
3	3
8	4
10	8
11	5
15	2
17	13
19	5
25	2
26	13
29	14
41	7
44	10
47	4
62	12
66	14
68	3
79	5
80	3
86	11
95	8
100	6
114	5
129	6
136	14
155	8
157	15
165	2
176	14
187	6
192	5
199	4
200	5
Market 262
2	7
3	6
12	2
24	5
25	5
28	9
33	8
41	10
43	5
45	9
46	14
47	15
48	8
60	13
69	2
78	10
92	6
96	15
97	2
99	4
100	4
107	12
113	1
123	13
132	11
138	2
155	4
157	2
162	10
164	15
180	13
184	9
191	12
192	13
193	5
Market 139
6	12
7	15
11	11
20	9
21	2
22	13
23	13
28	2
33	7
36	14
43	4
47	8
48	10
50	14
52	14
58	2
60	14
62	13
63	4
65	4
66	14
72	4
81	12
89	9
90	10
91	8
95	13
98	14
101	2
111	8
115	12
132	10
133	10
138	9
145	12
148	11
155	4
159	10
161	10
166	9
171	2
180	9
181	1
182	14
183	13
192	10
193	6
200	2
Market 295
8	13
11	10
12	10
17	1
22	15
34	9
42	12
43	12
45	6
47	6
52	8
57	13
59	2
60	3
62	11
65	7
67	10
73	6
78	4
87	8
97	5
100	9
102	6
106	9
107	1
108	1
114	1
115	3
130	8
131	13
159	5
162	13
172	1
173	3
187	1
192	5
200	14
Market 85
1	5
12	15
17	4
20	14
24	7
44	8
53	5
65	13
67	10
89	3
99	10
101	2
109	1
120	2
124	13
125	3
130	12
143	14
162	5
171	4
172	8
173	6
174	5
175	10
180	15
188	14
Market 99
1	4
15	2
17	1
18	12
28	11
34	12
38	1
40	9
41	8
58	5
60	3
62	3
65	6
78	15
80	12
81	3
83	13
100	4
103	9
120	11
123	13
128	6
139	9
141	6
149	14
150	15
152	1
154	8
162	9
163	5
169	8
171	9
174	12
184	13
187	10
191	8
198	3
Market 239
38	12
50	12
63	9
65	15
66	9
71	13
72	3
76	14
81	5
98	14
109	9
114	14
123	12
128	13
137	9
145	11
148	8
155	10
156	5
157	11
159	9
164	13
169	5
174	7
177	11
183	6
185	7
192	13
194	1
195	1
200	5
Market 248
4	11
5	8
12	8
17	13
18	5
23	10
44	15
53	6
61	3
63	10
64	3
66	13
71	10
81	1
86	14
89	7
114	14
123	14
125	1
130	9
136	9
137	9
141	1
158	14
159	12
164	11
173	11
179	7
192	10
Market 264
18	1
24	4
25	8
38	2
40	12
43	10
58	10
62	11
66	11
70	4
71	12
91	14
97	3
111	5
133	4
135	10
141	15
150	2
156	2
157	10
170	14
176	13
199	2
200	15
Market 213
5	13
16	12
17	4
18	8
28	4
32	3
34	5
38	2
48	15
53	13
58	11
60	11
62	5
75	3
77	10
78	14
83	12
90	7
94	2
111	3
122	7
135	1
139	3
145	12
155	5
159	1
182	3
187	12
190	13
192	10
Market 300
2	6
15	15
23	3
44	10
62	15
78	12
81	10
84	14
94	2
113	4
120	10
136	1
139	4
150	14
174	7
175	15
181	1
184	9
185	6
Market 163
4	2
5	2
6	14
18	8
19	1
51	13
53	14
58	11
60	3
63	1
64	2
65	2
68	5
70	13
88	10
98	2
99	12
105	10
107	15
110	9
123	6
128	15
129	10
138	3
139	7
141	14
142	14
164	14
171	5
200	9
Market 26
1	13
6	12
12	12
18	8
20	7
21	12
22	9
24	11
25	15
29	7
32	2
38	15
40	3
44	1
45	10
48	4
62	9
66	6
68	1
72	7
83	6
90	9
109	3
115	14
126	15
139	9
188	13
194	7
Market 31
2	13
4	11
15	11
16	4
18	15
23	1
24	9
48	12
50	15
53	2
61	9
62	6
66	7
68	2
75	9
77	1
78	2
87	3
95	6
105	3
106	14
107	3
113	13
130	6
136	7
138	6
139	1
153	3
157	2
159	11
161	7
162	3
164	10
168	6
177	1
180	5
190	2
192	5
196	1
200	14
Market 83
1	3
3	14
11	10
12	6
19	9
20	8
22	3
24	1
26	8
29	5
31	11
33	4
36	7
38	13
39	15
46	8
48	13
55	4
58	13
60	11
64	11
69	6
77	12
81	15
85	1
95	9
103	12
106	6
120	15
127	8
128	11
129	1
141	3
145	3
156	1
159	1
161	1
162	3
172	4
176	14
196	11
199	1
200	11
Market 123
1	1
9	4
12	7
17	10
21	15
25	10
29	13
33	14
39	10
41	13
44	4
46	1
47	13
49	2
53	12
57	2
59	15
60	6
62	6
64	6
67	15
80	4
83	11
85	2
97	15
99	4
101	3
103	8
106	9
107	13
109	14
124	11
131	15
137	13
141	9
142	9
159	9
161	7
169	1
170	11
171	5
174	5
175	7
177	8
187	15
200	4
Market 255
2	2
12	1
15	6
38	1
58	6
62	3
66	14
70	9
72	2
77	3
91	13
101	6
103	15
121	2
124	6
133	3
135	15
159	1
166	12
170	1
171	2
175	5
180	2
194	15
195	5
196	13
Market 186
5	13
8	11
17	7
19	1
20	6
22	3
24	2
29	10
33	3
34	11
36	10
41	2
44	10
52	14
55	14
64	15
71	4
75	14
86	5
87	15
91	10
95	9
101	3
108	1
113	10
131	4
136	4
138	1
166	10
183	1
190	13
195	12
200	8
Market 265
15	1
66	2
67	13
71	5
88	3
101	10
106	6
113	4
124	13
130	5
138	2
153	10
156	7
159	3
171	11
172	12
186	4
190	4
192	8
Market 188
1	7
12	11
15	6
23	7
24	13
44	10
53	2
63	8
65	5
85	10
95	1
122	1
123	15
129	9
141	7
153	6
159	8
166	6
177	2
185	11
193	8
195	14
Market 55
3	5
7	8
21	7
22	6
28	10
33	12
34	10
41	12
43	12
51	3
59	13
68	9
80	12
85	10
88	14
90	14
107	10
109	12
130	15
137	2
138	2
139	13
157	2
161	12
164	4
166	1
182	6
200	9
Market 84
62	14
71	12
77	1
78	5
81	1
82	1
86	15
94	9
95	2
98	13
99	11
111	3
112	11
113	4
131	6
132	5
138	10
146	4
155	10
156	3
159	12
161	10
162	5
173	4
174	3
176	2
185	12
188	10
192	1
Market 226
4	10
8	13
10	14
11	7
16	7
18	15
19	13
22	13
24	1
25	12
31	1
33	8
34	7
38	5
39	8
40	3
43	3
55	6
58	10
63	1
64	10
77	7
83	9
94	15
97	13
103	1
107	13
122	3
128	14
135	4
156	8
171	9
174	9
191	1
199	14
Market 166
1	4
8	11
15	6
16	1
21	4
26	3
29	6
32	2
36	8
41	14
43	14
47	13
49	3
58	3
59	4
65	15
77	8
78	6
79	9
89	7
94	14
111	10
115	8
123	1
129	9
130	1
135	3
139	14
145	15
149	5
152	1
155	11
156	7
159	8
161	6
174	2
179	5
183	13
185	1
Market 253
1	12
11	13
12	13
29	12
31	3
39	8
40	7
43	7
45	12
50	14
55	10
59	9
60	8
75	7
81	12
87	9
113	14
127	1
132	14
143	12
153	2
156	4
159	15
167	13
172	4
195	6
196	15
Market 131
25	3
32	2
33	6
36	7
45	7
46	15
48	5
50	4
51	15
59	2
63	8
71	7
77	10
80	2
83	3
91	15
113	2
137	14
139	14
141	9
145	14
155	9
161	11
163	14
169	11
173	8
181	10
182	2
195	1
200	3
Market 271
2	14
50	14
65	15
68	8
72	2
78	15
81	12
85	13
89	13
94	10
99	9
100	9
102	4
106	10
113	11
128	7
131	12
152	3
158	14
159	9
164	9
166	6
169	9
176	14
178	5
180	12
185	3
192	4
194	14
199	2
Market 182
1	11
2	14
6	5
7	5
9	8
11	14
14	8
17	8
19	14
24	1
25	5
26	6
28	2
34	11
37	13
40	7
42	6
50	7
57	4
59	3
62	15
63	5
64	8
71	4
74	9
87	14
95	3
97	4
100	5
101	4
103	11
105	4
106	9
107	14
109	13
112	15
113	1
114	2
115	2
120	5
129	2
132	3
145	12
150	14
153	12
154	12
155	7
157	8
167	7
173	2
174	3
187	4
193	6
Market 12
50	11
65	13
69	3
81	9
104	14
105	8
111	13
113	6
118	6
128	9
132	14
133	10
138	9
139	8
159	6
175	15
185	14
191	9
197	15
Market 48
1	12
16	15
22	14
28	2
44	11
47	12
53	2
60	13
63	4
66	10
76	4
83	14
94	4
95	6
159	3
161	8
169	5
174	9
190	9
192	4
196	5
200	5
Market 282
2	5
4	7
7	15
12	13
17	11
21	6
24	9
33	7
46	8
53	12
55	3
58	2
62	14
64	9
65	8
78	8
80	8
85	13
97	15
101	9
107	3
114	8
120	9
136	15
142	6
154	8
166	11
191	9
192	9
Market 227
1	13
3	2
17	4
18	9
20	15
33	13
59	10
63	12
68	4
72	9
77	11
80	4
87	12
88	8
90	11
101	4
106	14
107	11
124	6
129	9
131	1
143	11
154	12
155	7
174	2
182	5
185	14
188	10
192	12
193	1
195	5
Market 63
2	11
12	3
50	12
58	11
63	4
71	3
93	4
99	10
105	9
106	1
122	4
140	4
157	1
164	4
171	12
175	8
176	9
177	14
190	3
Market 69
5	14
16	15
17	13
24	12
25	3
32	15
38	3
39	13
41	11
45	7
47	4
50	8
51	12
52	11
62	15
63	2
65	3
70	15
71	9
72	4
77	8
78	11
81	12
83	2
85	5
91	13
95	3
98	7
99	14
103	2
105	5
109	12
120	1
126	3
128	1
129	4
134	15
139	5
141	13
158	7
164	1
167	7
169	8
174	13
184	7
185	3
187	10
188	2
191	11
198	8
Market 292
68	1
77	9
89	15
101	8
103	5
124	6
126	5
130	13
135	3
154	8
158	7
159	10
170	2
173	6
187	3
193	12
Market 97
4	6
12	6
16	5
18	15
20	12
24	15
32	11
63	10
66	6
68	8
71	4
83	14
85	10
98	14
99	1
109	9
114	7
115	13
120	13
122	6
129	2
133	15
145	10
148	9
151	1
155	9
156	10
157	14
166	14
171	4
176	7
182	11
185	14
187	1
195	12
Market 16
12	14
16	7
22	12
23	4
24	9
25	8
38	7
48	13
63	13
64	12
65	6
71	3
78	10
85	15
91	1
93	3
95	3
97	15
98	14
99	9
101	3
106	9
112	10
120	4
128	15
134	5
135	7
154	4
155	7
159	2
161	13
162	15
164	13
170	3
171	9
174	4
175	6
179	15
185	8
191	7
199	11
200	6
Market 299
4	4
5	14
11	15
18	12
20	4
26	4
31	7
32	11
39	11
40	9
42	4
44	13
46	6
47	10
51	12
55	14
59	4
60	8
61	1
65	11
69	2
70	12
72	2
81	15
83	12
92	9
99	6
112	11
118	15
120	4
127	7
128	14
136	14
145	5
170	11
174	12
176	10
185	7
190	9
196	3
199	6
Market 7
1	8
6	10
14	11
16	7
18	3
21	1
27	7
28	12
35	14
38	6
39	2
44	5
52	8
55	14
66	3
97	10
132	8
157	12
158	15
164	1
183	5
190	15
199	6
Market 171
8	8
12	11
15	13
16	3
22	14
24	3
32	2
38	5
47	8
53	3
59	3
61	13
62	6
64	8
68	4
72	6
77	13
78	10
80	2
86	11
88	2
90	8
107	11
109	5
114	3
124	9
125	8
126	8
129	15
131	6
132	13
137	4
138	6
156	10
157	2
166	2
171	11
181	1
182	10
187	3
188	9
192	3
194	4
195	8
200	2
Market 276
62	5
65	1
67	10
68	9
71	2
73	7
77	8
85	2
88	8
94	4
106	6
107	10
113	1
125	12
129	10
138	2
139	2
141	13
159	2
166	12
167	2
169	2
176	4
181	11
182	10
184	10
188	1
191	7
198	2
Market 128
1	15
4	13
6	12
8	7
12	10
16	2
24	4
25	12
33	10
34	1
38	9
43	1
47	1
50	3
51	3
52	10
53	11
60	3
61	5
62	2
63	3
64	15
68	8
71	14
73	11
80	12
81	7
83	6
85	3
103	3
111	13
138	13
141	8
152	2
162	12
171	14
174	2
184	8
199	15
Market 77
4	11
8	2
11	6
21	4
23	5
24	15
30	15
33	1
36	7
39	5
42	5
45	8
47	12
50	4
53	10
59	7
62	6
66	3
68	4
83	14
91	3
102	13
104	11
105	12
108	6
111	13
115	1
132	15
137	6
143	6
145	12
155	4
156	4
166	6
168	12
169	14
171	8
174	11
182	10
187	12
191	13
192	10
200	3
Market 103
1	4
10	7
15	5
17	10
18	4
19	5
22	6
25	9
26	10
27	12
28	11
32	4
37	15
38	9
43	8
45	5
46	8
48	3
52	9
53	9
54	11
57	12
59	4
62	13
64	9
72	1
73	10
75	3
97	11
139	9
157	7
160	5
181	5
182	5
187	9
188	10
195	9
Market 45
6	13
13	3
14	7
16	3
22	12
27	8
29	7
31	12
34	14
35	6
36	5
42	10
46	5
47	3
51	5
52	4
58	3
60	4
61	10
63	12
64	12
65	13
67	12
68	13
70	12
80	1
83	12
94	10
97	10
101	15
103	1
105	4
112	7
114	9
120	10
122	6
129	10
130	7
135	14
136	1
140	3
155	1
185	9
190	9
Market 243
1	3
3	7
4	7
7	8
12	12
18	15
19	15
23	5
25	10
32	8
47	6
48	8
50	9
61	8
62	15
63	11
64	7
66	2
68	15
72	13
80	1
83	10
111	3
112	15
113	7
128	11
129	14
131	2
166	11
171	3
172	8
174	3
184	5
187	1
191	7
192	14
196	5
197	2
198	6
Market 129
2	8
4	3
5	14
12	8
16	10
24	12
25	7
28	2
32	5
44	1
51	4
58	5
64	11
65	1
71	7
81	15
83	7
95	8
98	5
109	2
110	8
113	1
120	2
125	6
127	10
139	5
145	8
153	5
157	6
164	6
167	10
200	7
Market 205
5	3
12	9
14	7
16	5
26	14
28	7
31	11
36	3
41	12
45	1
46	14
53	5
54	3
59	6
60	6
62	13
63	7
77	6
111	13
112	5
134	3
135	3
136	1
138	12
163	11
164	4
170	3
171	1
177	8
Market 80
4	12
5	13
22	9
24	5
38	9
39	7
58	5
62	7
68	1
71	5
72	10
75	15
78	3
81	14
91	12
95	13
100	6
106	12
109	11
111	2
112	6
120	10
123	14
126	8
127	3
131	11
136	8
138	3
139	5
140	5
151	8
155	3
156	14
157	12
159	14
162	11
169	8
174	12
175	12
184	9
188	4
192	3
195	8
199	12
Market 52
50	7
58	3
66	14
97	5
100	7
101	14
106	10
107	2
113	6
129	10
133	6
136	15
137	15
139	5
148	2
155	5
158	12
164	8
166	3
171	1
180	8
195	4
Market 272
4	15
15	2
64	5
71	15
73	10
74	9
76	12
81	15
87	3
98	7
101	13
106	9
107	10
111	6
128	11
141	9
155	13
172	13
173	13
198	11
Market 36
15	9
71	12
76	1
77	3
82	9
83	2
93	10
95	10
99	10
106	5
113	6
119	4
120	1
121	10
129	12
145	1
148	11
161	4
162	12
169	1
174	12
179	1
183	6
187	3
196	8
Market 64
16	3
22	8
32	8
38	10
39	11
62	14
63	10
72	10
73	7
81	1
87	12
95	15
100	10
103	4
125	5
130	4
136	8
143	13
145	11
165	8
171	4
181	13
195	6
200	5
Market 192
5	14
15	12
18	3
53	15
69	15
71	15
75	14
78	1
80	9
86	4
91	9
94	13
97	4
98	2
100	9
101	12
102	6
105	2
110	5
112	11
115	5
123	8
128	10
138	7
139	9
143	14
155	1
156	5
157	9
158	9
159	8
161	8
162	1
164	11
166	15
167	9
170	14
172	5
174	13
180	7
182	3
190	7
191	5
192	11
196	8
198	11
Market 269
1	4
5	12
11	13
13	4
18	12
21	3
24	14
25	4
26	12
31	2
33	5
38	8
39	4
43	5
44	8
47	4
49	15
50	15
51	4
52	11
54	6
55	7
57	14
58	8
59	1
62	11
66	10
68	11
72	7
76	11
77	14
80	13
81	12
99	15
103	13
107	10
109	4
110	1
112	11
114	4
118	8
120	12
123	9
136	1
137	7
138	7
139	11
143	5
156	1
161	13
167	7
170	6
171	6
174	10
177	5
183	5
184	6
185	10
187	8
188	2
191	15
192	7
200	2
Market 235
4	4
7	13
11	4
19	7
21	4
22	11
23	14
29	2
44	15
48	15
50	15
58	11
62	6
64	15
73	9
81	13
95	2
129	10
130	4
136	5
156	12
162	2
166	11
173	14
174	10
186	6
Market 231
1	14
9	9
10	4
13	7
20	15
21	3
25	12
26	2
27	7
28	9
32	9
34	9
39	2
41	1
42	6
43	7
44	10
45	7
48	2
50	13
54	2
59	5
63	12
67	2
72	11
78	13
86	9
91	15
96	5
99	1
100	8
111	15
114	3
120	5
125	4
132	14
137	3
141	12
142	4
145	3
154	6
155	7
158	6
162	6
169	3
171	3
173	9
174	5
179	15
183	1
186	4
194	6
196	11
Market 39
5	6
8	6
9	6
15	8
19	7
21	4
22	2
23	11
25	1
26	10
31	4
32	3
38	3
40	13
42	10
47	3
50	7
52	5
57	4
61	12
66	2
71	3
74	1
76	5
83	13
88	5
91	9
92	12
96	15
97	1
98	12
99	12
101	2
105	15
112	11
115	14
131	4
132	6
135	14
137	8
147	13
148	4
158	11
159	6
166	4
171	1
185	2
197	3
198	12
Market 113
15	1
18	15
50	7
62	5
72	11
95	8
103	2
112	11
114	7
132	5
135	7
138	1
148	2
150	1
155	8
156	2
159	4
162	13
166	5
169	9
172	15
174	4
180	14
185	3
199	3
Market 203
12	14
14	2
16	14
18	13
19	2
20	3
21	11
22	4
25	13
29	6
31	2
36	3
37	12
42	13
47	2
57	8
59	6
60	6
61	6
64	6
65	13
67	6
87	8
88	14
97	13
101	4
103	11
107	2
114	15
125	2
131	15
137	2
141	4
154	9
158	5
171	3
181	6
186	4
194	1
195	15
Market 90
3	12
6	7
10	4
15	14
16	1
17	6
18	2
21	10
23	7
31	7
34	9
36	12
37	13
38	4
39	10
40	7
47	7
52	4
55	11
59	4
62	5
64	15
66	14
72	15
80	5
85	4
100	13
113	14
122	5
123	10
124	11
129	1
136	3
154	11
157	3
163	11
165	12
169	14
174	4
176	2
185	14
187	7
199	14
Market 181
12	1
20	12
24	8
32	12
38	15
50	10
58	5
62	8
63	5
76	2
77	5
92	7
98	6
103	15
106	14
112	14
113	6
120	13
134	2
135	12
139	6
148	8
154	8
158	6
159	15
171	3
174	4
179	1
180	10
184	11
186	7
190	7
Market 20
1	6
15	2
24	7
38	2
50	8
63	8
81	5
88	4
95	2
96	9
98	12
99	12
101	2
120	14
125	3
126	13
128	14
132	8
134	2
136	12
137	13
138	3
155	15
161	8
170	4
174	4
182	4
183	4
187	14
188	4
191	4
195	6
Market 51
1	4
3	13
4	6
5	5
6	9
7	12
14	5
20	5
22	5
24	2
26	2
34	11
37	12
41	4
42	5
48	5
50	5
51	7
52	5
57	2
58	13
59	8
60	1
61	11
64	7
67	15
68	6
71	9
77	13
81	6
83	5
91	3
92	12
97	5
128	5
135	13
137	1
138	5
148	10
151	2
162	8
169	12
171	8
176	1
184	14
187	10
190	15
192	12
195	14
196	13
Market 267
3	9
4	13
6	11
8	13
10	3
12	7
14	10
17	9
20	11
22	12
31	5
43	1
50	3
52	15
53	1
60	14
61	12
64	1
70	7
72	8
77	5
78	12
81	14
85	12
94	3
97	6
99	15
103	12
111	1
120	11
122	7
136	1
148	9
150	3
152	10
154	2
157	7
158	11
171	10
175	2
177	2
185	9
190	3
198	8
200	11
Market 273
44	12
48	5
58	11
68	3
71	14
85	2
94	12
95	7
105	7
112	4
130	7
153	13
156	2
195	8
Market 9
15	14
68	4
71	1
74	1
75	11
78	4
80	2
95	12
98	12
99	10
101	4
104	7
107	7
111	9
113	7
120	9
127	3
128	1
133	14
137	14
139	15
143	7
145	15
148	7
155	6
156	10
158	10
161	2
169	3
171	12
173	5
182	13
185	1
197	5
Market 101
12	10
20	4
65	7
70	14
73	3
76	2
77	12
99	6
114	15
130	5
132	3
137	10
146	12
157	12
162	6
166	5
173	14
174	2
175	6
179	7
192	8
198	7
200	13
Market 111
1	13
12	10
15	4
66	11
68	15
78	5
89	3
95	15
100	13
103	9
107	4
109	14
114	7
136	6
137	4
139	15
141	5
143	6
153	13
158	6
171	9
177	10
187	7
200	5
Market 75
3	3
5	13
8	12
18	2
24	9
26	15
29	1
32	4
33	6
40	14
43	13
48	12
58	1
59	6
61	9
68	7
77	13
87	3
91	6
100	15
105	14
107	1
113	13
126	2
138	7
141	10
145	5
150	3
154	5
164	11
190	4
195	7
200	11
Market 286
4	3
10	11
16	10
22	10
25	3
26	14
38	10
44	6
48	8
52	9
62	9
64	9
68	9
72	7
73	7
77	8
78	6
81	4
89	12
93	7
105	2
112	5
113	5
125	15
129	4
141	8
154	6
157	3
158	13
165	1
174	1
175	13
180	1
184	2
187	11
192	5
Market 8
1	2
5	11
16	14
18	14
20	8
22	2
38	5
47	5
51	12
59	9
63	10
66	2
67	8
71	11
72	14
88	2
91	12
107	10
114	12
126	7
136	2
137	11
141	7
142	4
159	15
166	15
172	9
182	1
187	6
192	11
195	11
Market 134
1	11
3	4
5	1
8	12
9	14
11	1
13	3
18	7
25	12
28	12
31	8
32	3
36	13
37	8
42	15
44	8
48	10
50	1
51	15
55	13
58	7
62	15
63	9
77	3
78	7
80	1
81	2
83	8
85	6
94	13
97	3
99	5
106	8
120	15
122	14
123	9
134	14
152	9
156	10
163	4
169	4
185	9
198	6
200	13
Market 112
5	5
12	15
32	1
50	8
62	11
66	4
89	14
99	15
108	13
110	13
116	13
127	2
129	13
138	14
139	4
159	13
161	11
168	1
169	13
192	10
195	2
196	12
Market 143
5	11
15	5
24	3
50	11
62	7
64	3
71	7
75	10
78	3
80	6
91	1
114	13
128	1
132	3
138	10
161	4
177	8
185	7
192	12
Market 60
23	10
58	13
77	1
93	7
102	3
111	12
112	13
113	6
115	9
120	7
128	12
143	3
187	7
Market 164
68	3
83	15
89	9
95	9
97	14
111	3
113	13
115	2
122	1
126	2
130	12
136	7
141	15
169	10
179	12
182	15
187	7
199	2
Market 287
1	7
16	12
18	6
23	7
24	6
39	9
48	3
50	7
53	14
64	12
68	4
70	2
71	10
72	2
81	13
98	10
101	13
107	10
109	10
128	1
132	15
139	8
148	11
155	9
156	7
161	13
169	13
174	14
183	4
188	8
190	6
196	3
Market 145
2	11
23	15
62	1
68	1
73	8
81	11
91	15
94	13
95	6
99	5
105	5
111	11
112	3
116	14
120	11
126	7
129	12
132	11
133	11
136	2
137	11
139	2
157	2
185	4
189	8
191	7
199	12
200	5
Market 132
2	4
15	5
67	10
71	11
72	14
100	4
107	3
120	12
128	6
129	12
136	10
139	9
154	8
156	7
158	15
165	6
166	3
171	5
175	10
183	12
187	15
192	5
Market 17
2	8
5	6
15	7
38	8
58	3
63	2
96	11
97	11
106	11
113	4
120	6
123	8
128	4
131	13
138	7
144	1
157	12
169	8
171	9
173	10
192	4
195	3
Market 159
2	13
16	3
20	8
28	5
48	9
50	9
58	15
64	5
68	12
71	2
80	1
81	6
91	13
96	2
109	14
124	11
138	8
142	2
162	2
167	15
180	11
195	9
200	15
Market 228
15	9
72	9
78	14
113	13
123	3
145	6
164	11
190	5
Market 137
15	1
90	5
99	14
103	4
106	10
115	9
126	2
129	3
135	2
138	9
145	14
150	10
152	13
162	3
164	7
174	1
188	13
199	13
Market 117
4	3
16	3
18	10
23	8
24	10
44	7
62	9
63	9
72	8
94	15
96	13
101	13
103	7
114	5
135	2
136	7
153	8
154	8
159	3
162	5
166	4
176	11
185	11
187	8
192	15
193	10
200	7
Market 61
3	15
7	12
8	5
12	6
14	6
19	14
20	14
21	9
23	3
28	6
29	8
43	11
49	1
53	14
56	2
59	8
60	11
64	2
65	7
70	12
71	4
72	1
73	11
76	6
78	13
80	7
88	15
98	3
99	2
103	3
128	7
129	13
136	3
139	10
148	2
156	10
157	12
159	11
162	3
173	7
174	14
179	14
181	2
183	10
194	1
200	10
Market 114
1	14
2	6
7	2
16	12
24	5
25	14
36	11
41	8
48	13
50	13
60	5
61	7
68	8
71	8
72	11
86	8
96	9
98	6
99	13
100	11
101	9
123	5
136	13
142	12
154	9
155	13
172	1
190	14
192	15
Market 109
4	13
8	12
10	11
11	9
23	11
25	9
26	11
32	7
43	12
45	7
49	3
51	1
66	11
72	12
97	10
106	8
123	5
141	4
142	13
143	3
161	12
171	12
186	14
187	7
190	8
Market 296
2	6
4	5
12	13
24	13
44	1
64	10
75	7
76	1
118	15
156	14
162	5
174	2
195	7
Market 224
5	1
12	2
18	1
32	11
40	12
44	12
51	8
65	9
81	5
96	6
100	13
103	3
106	4
112	10
129	1
141	6
155	7
157	7
172	10
174	10
198	14
Market 234
2	8
3	1
6	13
7	5
8	13
12	1
20	5
28	1
32	14
34	9
39	12
40	3
47	14
50	9
58	5
63	15
68	12
71	5
72	7
81	1
92	8
107	1
111	14
120	7
148	10
166	5
184	15
191	13
196	5
200	7
Market 172
2	5
15	12
38	13
62	10
70	5
71	8
76	15
93	15
95	12
107	10
114	2
120	3
136	14
137	1
150	2
164	6
166	1
171	5
192	13
198	14
Market 189
3	11
7	3
9	7
10	10
12	9
14	15
17	5
21	13
23	11
24	1
25	2
26	5
29	3
32	2
33	5
36	4
38	5
39	13
49	5
50	15
52	12
61	14
63	10
66	10
70	13
77	15
83	10
89	8
95	10
101	6
102	13
109	7
128	5
130	5
138	15
139	9
154	13
155	8
159	13
171	3
173	11
175	13
183	2
185	3
Market 151
7	4
17	3
20	4
21	11
22	7
25	3
28	2
29	1
32	1
39	4
43	9
45	9
51	12
53	5
58	12
62	7
64	8
65	1
83	3
85	15
94	2
98	5
99	4
100	1
111	3
133	15
138	9
152	8
174	3
175	6
190	6
Market 256
5	4
15	7
23	7
44	13
62	3
78	12
81	7
97	7
99	1
123	10
124	8
138	6
141	4
154	13
164	1
180	8
Market 27
1	3
2	13
5	13
17	5
26	2
32	4
39	13
41	1
44	4
46	8
47	5
53	5
55	10
57	2
58	15
60	7
64	2
66	1
80	4
99	13
103	3
105	4
106	3
113	11
120	3
124	8
128	7
129	7
130	5
147	14
155	10
158	2
161	1
162	5
170	11
190	4
Market 108
12	3
15	4
23	11
63	7
66	9
68	15
71	3
78	8
81	15
85	2
87	12
98	5
100	9
101	4
105	3
113	6
121	15
123	15
124	2
130	14
136	7
139	14
158	15
159	10
162	8
170	14
171	5
172	1
173	10
190	5
Market 214
3	8
8	12
9	4
15	8
16	6
20	1
23	2
24	4
28	15
29	4
36	7
39	3
40	14
41	5
43	13
45	4
46	10
47	3
50	4
59	10
62	12
64	7
68	15
71	6
77	9
80	10
99	14
103	9
105	9
109	4
123	5
126	11
129	5
130	1
141	4
150	10
156	3
162	7
166	4
171	9
175	8
183	11
184	9
188	6
190	2
192	7
196	13
Market 209
5	2
15	5
16	14
23	8
24	7
38	2
50	12
62	10
63	1
65	10
66	10
68	2
101	9
124	12
129	6
131	15
136	9
141	8
156	11
158	4
165	3
166	9
179	14
181	1
186	8
192	8
195	11
Market 46
8	12
9	2
13	12
14	3
28	14
33	10
34	12
38	11
39	4
42	3
43	8
47	3
48	10
52	12
60	3
65	11
66	14
67	13
71	4
73	9
77	3
80	6
84	2
100	7
106	14
112	7
129	7
130	2
135	7
137	7
140	2
154	11
157	6
159	5
166	8
172	8
173	10
192	7
200	10
Market 98
1	12
11	2
19	7
21	11
22	6
23	5
33	5
39	5
44	4
50	9
58	6
63	9
68	14
72	7
93	1
97	3
103	13
113	13
129	8
130	12
134	10
136	7
139	9
141	1
155	5
169	10
171	5
183	12
185	11
187	11
190	4
196	9
Market 58
1	2
2	13
3	15
4	3
8	4
10	12
15	5
17	6
20	6
21	14
24	13
29	5
39	3
41	14
58	12
60	8
62	8
64	1
66	6
67	5
75	15
79	6
81	4
91	11
101	14
105	11
109	10
113	14
124	10
128	6
130	13
134	7
137	6
138	12
141	10
154	10
158	1
159	10
162	9
165	15
169	5
170	9
181	13
183	8
187	8
194	12
Market 120
1	12
3	14
4	3
24	8
40	14
43	2
46	12
52	15
58	15
60	14
61	1
78	1
81	13
106	8
107	1
113	5
124	15
126	1
136	2
139	4
142	4
145	10
156	2
157	6
158	10
160	11
180	10
194	15
Market 240
2	8
3	3
24	1
25	1
28	15
32	4
34	8
36	10
45	10
47	4
50	10
52	3
59	1
60	10
71	7
72	5
77	13
83	8
91	6
95	14
98	6
101	4
103	11
105	12
113	2
114	1
128	9
133	3
139	15
154	15
155	7
157	12
159	2
161	12
162	9
174	1
184	13
185	9
191	14
198	3
Market 149
2	1
15	6
17	13
18	15
38	10
58	9
65	15
81	3
85	6
86	10
93	15
95	4
98	5
99	4
106	12
112	6
120	1
128	11
135	15
139	3
141	4
152	5
153	5
158	11
170	6
183	14
186	2
190	14
Market 245
1	10
2	10
18	2
38	3
65	10
72	12
73	4
103	15
109	7
114	11
131	13
132	10
137	9
159	4
182	4
188	4
200	14
Market 260
23	9
38	6
62	4
69	6
70	6
72	3
73	8
74	2
80	12
89	7
91	8
98	14
104	11
110	7
114	5
117	6
118	4
131	8
132	5
133	15
139	13
143	8
145	4
148	1
155	8
156	13
159	13
161	7
173	6
174	7
184	11
190	3
196	9
Market 107
6	15
7	5
10	11
15	14
18	8
19	8
23	12
28	14
36	2
41	3
42	6
44	1
46	9
48	13
51	2
52	3
59	1
61	11
63	15
64	5
65	4
67	2
72	14
77	5
81	5
101	2
103	11
105	3
111	4
114	11
128	3
130	6
148	10
150	4
155	14
157	4
174	6
196	6
200	2
Market 6
1	12
5	11
7	4
13	9
15	13
19	14
34	5
41	14
45	10
46	7
47	13
58	13
60	9
64	6
65	15
66	12
70	11
75	2
80	14
91	11
99	5
101	9
103	1
104	8
107	11
110	12
111	12
115	7
120	8
127	4
129	6
131	13
132	11
133	9
136	8
139	9
141	3
145	5
154	9
157	12
162	7
181	15
183	1
Market 247
2	5
15	5
17	15
23	13
24	11
25	6
28	12
32	7
38	14
40	2
51	2
62	2
71	5
80	7
87	4
95	6
99	9
101	13
111	13
114	7
136	8
152	14
164	4
187	14
192	10
Market 289
15	2
20	15
25	10
38	9
45	13
50	11
62	13
65	14
103	8
107	7
111	7
128	3
133	14
139	1
148	13
158	3
164	9
172	1
174	4
187	6
Market 72
17	15
22	10
38	12
66	1
68	8
83	14
95	13
100	7
103	2
105	9
120	4
136	15
162	11
171	14
177	7
184	4
Market 268
1	1
5	12
12	5
15	1
17	8
18	13
20	5
48	1
50	4
58	7
67	11
68	13
76	3
80	8
88	1
91	10
99	13
100	13
103	9
123	5
124	13
128	9
129	3
135	4
137	6
139	13
151	11
156	1
158	1
161	9
164	8
172	13
185	8
186	15
187	4
192	11
194	9
Market 261
15	4
23	7
50	11
72	6
120	8
129	11
169	3
174	4
187	5
195	12
Market 251
5	3
11	5
12	7
18	13
20	4
25	14
33	11
36	11
37	10
44	3
45	5
47	6
53	11
55	3
60	15
64	8
65	14
71	3
103	7
106	12
111	2
119	15
128	3
137	8
138	5
145	6
156	13
174	10
181	15
182	9
183	10
185	8
187	4
190	2
195	6
196	9
Market 89
23	13
44	7
50	11
62	14
68	5
74	5
78	6
81	7
83	6
92	3
95	2
103	3
106	7
109	1
115	14
123	7
128	1
129	11
132	9
134	12
136	2
139	14
141	12
148	14
153	1
155	15
161	15
164	9
184	3
191	5
192	10
195	6
198	15
200	8
Market 207
12	8
17	4
23	1
24	4
44	11
48	3
64	8
65	6
68	1
70	9
93	12
97	1
101	9
105	4
115	1
131	10
133	14
143	4
145	4
161	3
169	5
170	5
188	7
191	14
198	4
Market 288
16	9
48	1
53	6
58	7
62	4
63	5
64	3
73	1
76	1
78	6
94	1
107	3
111	9
125	3
134	11
159	4
169	12
175	9
185	7
Market 62
2	15
4	12
6	8
7	6
23	9
24	6
29	15
36	6
40	5
48	10
53	7
58	13
59	3
61	15
62	13
65	15
68	10
72	2
76	11
82	4
88	5
91	12
98	6
100	12
103	13
115	4
120	7
126	8
128	3
130	8
131	7
133	14
136	9
145	8
156	1
161	1
171	13
172	10
174	14
180	12
188	2
192	5
Market 190
1	5
2	6
4	7
5	10
16	2
18	6
38	13
40	6
41	1
43	15
47	7
48	5
51	7
59	15
61	15
63	9
69	6
71	14
77	4
92	3
100	4
111	7
117	13
122	4
127	9
133	8
135	3
139	1
150	8
156	9
158	15
170	2
174	2
175	10
183	12
187	2
190	7
197	3
Market 167
3	6
4	11
7	9
9	12
13	11
16	7
18	9
33	14
40	9
47	6
49	5
51	9
53	11
66	8
68	4
78	10
79	4
85	1
97	3
101	15
103	14
106	13
107	9
114	1
122	15
125	12
126	13
129	7
136	12
137	7
139	14
154	5
158	4
159	2
166	8
171	13
176	14
179	12
185	9
186	2
190	15
Market 293
2	14
17	13
29	10
34	4
40	8
46	14
50	3
53	12
61	2
65	3
66	1
70	4
75	10
80	15
81	13
83	11
91	7
100	4
107	1
113	8
120	9
132	6
135	7
139	4
141	11
148	5
153	2
154	12
156	8
158	2
169	1
171	9
172	2
174	5
180	8
183	8
185	11
187	4
196	7
Market 96
1	4
16	10
39	11
44	12
50	14
58	12
63	1
64	15
66	9
68	4
72	15
101	15
113	6
122	4
129	14
139	5
153	6
156	4
158	15
164	14
165	11
169	5
180	8
187	9
190	3
Market 70
4	13
9	14
10	15
14	2
19	6
21	13
23	13
27	8
28	3
29	7
31	3
32	7
33	13
34	12
37	14
38	15
39	15
44	12
45	5
46	6
47	3
49	5
54	4
60	8
63	14
65	14
66	8
68	6
81	4
89	10
99	4
101	13
113	1
120	4
124	3
128	1
131	4
139	10
155	13
157	2
158	7
162	13
165	3
169	12
172	1
173	12
174	9
176	14
181	2
183	6
191	2
195	10
Market 18
5	13
16	2
20	5
22	8
24	1
28	15
32	14
38	8
44	8
63	8
64	8
65	2
95	2
97	14
100	15
105	4
106	8
109	15
111	6
113	3
122	10
123	7
127	4
129	14
138	4
152	8
161	12
162	9
167	5
176	2
182	15
198	8
Market 200
1	11
4	10
16	2
20	13
28	15
33	15
39	13
51	11
72	2
97	15
120	4
125	13
127	6
130	8
134	15
136	13
142	13
146	2
161	7
171	13
173	3
174	5
187	11
191	7
Market 54
1	11
5	8
6	14
7	10
8	2
11	13
17	9
20	6
22	9
33	13
38	10
39	1
41	4
43	9
44	10
48	5
55	6
58	4
60	4
64	3
71	13
77	10
92	6
93	9
94	3
97	1
106	10
113	14
129	11
131	12
134	11
139	5
155	12
157	13
192	2
195	15
196	14
Market 297
71	10
72	13
81	3
85	14
86	10
93	8
96	2
103	1
129	13
150	1
154	4
155	15
159	8
174	10
181	2
184	8
185	6
186	11
198	13
199	5
Market 88
23	15
25	13
47	7
51	9
53	9
61	12
62	11
66	11
71	4
74	3
105	5
107	9
114	9
120	6
125	3
145	13
167	11
169	5
172	7
174	15
184	14
187	15
192	4
Market 105
15	15
68	1
72	7
95	12
96	13
101	7
126	7
132	11
138	1
164	13
180	6
181	6
187	13
Market 116
44	6
65	13
70	6
77	9
84	9
105	15
122	12
135	14
136	14
170	14
175	12
196	14
Market 11
6	11
10	4
12	12
14	8
16	9
29	2
33	3
40	3
44	13
45	4
48	2
53	8
65	13
70	1
72	13
80	3
97	14
107	9
111	4
115	10
128	6
130	14
136	14
137	10
156	11
162	12
167	4
172	13
175	15
182	4
187	4
190	6
195	14
196	12
Market 142
2	1
6	15
8	2
12	5
14	3
18	5
21	13
24	10
25	13
26	7
28	15
31	10
32	10
42	3
44	10
45	7
47	4
55	7
57	11
61	5
62	10
63	10
64	3
65	13
67	2
81	8
97	7
98	5
107	7
114	3
121	11
128	12
141	4
142	2
150	5
167	12
170	6
187	9
188	2
192	3
200	7
Market 225
12	8
15	9
58	1
64	9
69	10
75	15
91	2
113	9
127	8
133	15
148	4
162	3
175	10
183	10
Market 198
11	5
13	12
16	13
19	11
22	8
25	2
28	10
32	7
38	3
40	11
45	5
51	14
63	12
70	12
74	1
76	14
77	12
92	15
97	2
105	1
119	12
126	10
127	6
139	14
149	11
162	11
169	10
175	12
183	9
184	5
192	5
195	13
200	15
Market 23
2	7
3	13
28	2
38	12
47	3
60	3
61	3
67	8
68	10
72	2
73	5
74	11
80	3
83	13
86	8
90	10
94	5
107	9
115	7
128	6
131	12
132	2
136	2
137	3
138	9
141	10
142	1
155	10
163	5
164	2
166	10
181	4
188	2
192	2
195	4
Market 222
8	13
19	12
20	6
22	12
32	5
43	5
44	8
53	11
59	11
60	11
65	3
71	1
89	1
97	11
98	15
102	1
103	13
109	7
126	3
131	4
145	6
156	5
157	4
168	1
169	13
173	15
190	12
Market 177
1	12
2	6
15	14
18	5
24	11
64	10
80	13
81	2
86	7
89	3
91	11
100	8
109	15
113	14
114	6
126	10
131	5
132	12
137	6
153	8
160	3
164	9
166	11
167	1
173	11
174	12
177	8
187	8
192	1
Market 49
2	8
58	14
68	2
71	10
72	3
74	1
78	3
86	3
88	5
95	4
100	4
102	4
107	4
114	13
123	3
124	1
129	10
136	13
138	4
141	7
143	1
145	9
154	15
156	11
157	14
158	7
172	6
177	11
180	9
194	13
Market 43
2	10
4	8
6	5
7	1
10	15
11	8
12	13
13	12
14	3
17	11
19	13
23	11
24	2
25	6
31	4
33	5
34	2
36	3
37	15
40	13
43	3
48	15
61	12
64	3
65	9
68	12
73	1
78	10
83	5
86	15
88	9
95	12
96	11
102	8
106	4
115	5
142	3
154	13
156	12
157	1
162	8
171	6
175	5
182	10
185	1
195	12
Market 15
1	3
5	15
15	13
16	5
48	7
50	4
58	13
62	1
64	4
65	2
74	12
81	4
89	5
97	15
98	12
99	14
109	4
113	9
115	7
118	10
126	13
128	4
132	9
139	15
141	15
148	7
155	14
161	3
167	12
169	10
171	6
174	8
182	12
192	14
197	12
Market 136
17	14
39	1
62	1
77	11
82	10
83	4
111	11
141	6
161	1
167	11
169	13
170	11
191	12
195	9
Market 175
23	10
38	10
44	6
62	12
65	13
72	7
77	5
91	6
101	3
105	14
107	9
109	9
120	4
126	11
130	6
133	7
138	3
141	12
152	6
155	15
158	15
164	5
169	12
180	14
184	11
195	14
200	13
Market 74
4	9
6	6
14	10
16	8
18	10
22	2
25	10
26	2
39	14
52	6
55	11
60	4
75	14
80	6
81	3
99	12
101	6
104	15
107	10
113	4
114	9
116	14
120	1
126	4
129	1
141	5
143	3
145	9
159	4
161	5
162	1
166	6
171	10
173	7
174	1
181	1
183	8
190	15
195	6
198	2
Market 180
67	12
71	10
73	2
98	3
106	8
113	5
127	15
130	7
132	7
138	9
142	10
154	8
155	9
162	14
172	3
173	14
181	4
183	4
192	10
200	5
Market 37
2	12
5	1
12	9
17	6
62	3
66	6
68	13
75	10
81	9
85	12
90	6
95	10
101	5
105	5
106	1
114	6
123	1
124	6
126	15
128	4
129	3
136	7
139	1
141	2
143	1
150	9
153	6
157	15
159	4
161	15
164	8
167	4
170	7
175	8
183	13
193	3
Market 204
2	8
15	9
23	12
68	15
71	11
78	8
81	12
83	9
93	13
98	6
101	9
103	5
107	5
112	11
114	8
115	15
120	11
126	2
127	6
134	13
139	3
141	11
145	10
146	15
150	9
156	2
159	8
162	10
167	10
170	6
175	9
183	10
188	9
190	13
195	1
Market 294
1	3
2	1
17	4
25	4
28	3
36	2
39	8
41	8
43	6
44	13
45	11
55	7
57	10
58	3
61	13
71	9
78	3
92	10
105	1
106	9
129	8
135	11
141	5
148	8
150	1
159	7
170	6
174	1
177	3
187	14
192	4
Market 140
15	12
23	12
65	9
68	2
69	7
83	15
103	12
105	13
127	15
128	14
134	8
150	3
156	2
157	12
175	8
190	2
200	8
Market 148
65	12
72	4
76	11
83	4
109	14
120	4
128	13
132	8
143	13
145	5
148	2
157	9
159	11
167	1
168	11
169	9
195	6
Market 279
4	9
5	11
8	9
12	8
17	8
18	7
23	5
24	13
25	14
29	5
34	9
59	1
66	9
83	6
85	11
93	3
97	12
106	9
122	2
128	1
139	5
155	12
156	8
159	8
163	12
169	2
174	2
176	9
184	11
196	14
200	3
Market 155
4	11
5	7
15	2
20	11
22	3
24	15
31	9
34	6
46	5
47	2
50	14
53	11
59	12
63	2
78	3
81	9
84	2
91	7
97	6
100	9
106	4
113	6
126	2
127	10
128	7
134	13
140	9
145	9
162	12
183	12
190	7
191	13
196	9
Market 250
5	2
12	11
16	10
19	4
23	3
24	7
28	15
32	13
38	14
39	8
44	1
51	13
53	14
61	10
65	10
66	5
78	8
85	13
105	8
107	7
112	12
114	10
122	3
129	11
135	7
139	15
154	15
155	10
163	7
165	2
171	4
179	2
180	10
186	9
Market 2
2	7
10	12
15	8
17	10
19	15
26	3
28	4
29	5
32	6
36	15
39	10
44	3
45	2
46	6
48	4
52	12
55	3
59	14
60	7
61	6
72	2
73	4
77	3
89	13
97	6
99	1
101	6
105	2
108	11
113	3
120	9
124	1
131	14
159	14
162	9
173	5
187	12
193	11
198	4
Market 193
1	12
12	7
16	6
44	7
50	15
63	13
70	7
73	5
92	11
95	9
99	1
103	13
104	13
109	1
111	11
114	9
129	3
135	1
139	13
141	8
143	13
148	8
161	12
162	1
167	13
171	1
175	15
182	5
183	6
190	8
192	8
200	6
Market 280
7	9
15	14
17	4
18	6
20	15
25	12
29	4
32	8
34	11
38	1
41	15
47	14
48	10
53	8
65	1
66	4
67	7
73	15
81	12
88	2
96	7
97	7
103	7
105	14
107	6
120	4
124	10
125	15
128	7
130	2
136	1
142	11
148	13
155	7
159	11
169	13
180	7
187	9
198	1
Market 41
15	7
23	11
44	11
50	15
71	14
98	2
99	12
105	10
126	14
131	5
137	5
138	6
141	9
155	13
156	10
162	11
168	12
169	6
173	12
190	6
196	14
Market 73
15	6
103	13
120	1
124	11
126	8
131	14
137	10
141	6
155	7
162	6
174	6
184	8
187	12
195	4
196	11
Market 157
3	8
6	6
7	1
11	3
12	4
24	15
26	7
31	12
34	12
36	5
38	1
39	7
40	7
45	1
47	13
48	12
54	12
58	5
60	11
64	4
66	3
68	6
69	4
72	9
83	5
90	7
97	10
107	5
109	5
114	5
116	9
118	6
126	1
127	1
129	11
133	8
138	12
153	3
162	14
166	3
168	7
169	8
171	10
182	14
185	6
195	1
197	13
200	2
Market 47
16	4
23	1
44	13
48	12
63	7
75	4
81	11
89	9
91	4
110	14
118	2
141	10
143	14
159	3
167	10
174	13
182	9
200	15
Market 275
2	8
4	9
7	12
12	11
16	2
17	10
18	5
20	6
29	6
36	13
37	4
40	12
48	11
51	7
60	6
63	2
66	1
76	15
83	1
97	11
114	1
128	11
129	14
131	8
141	14
145	4
154	15
156	14
159	11
166	9
170	4
173	2
176	10
182	14
185	6
188	5
192	5
Market 81
1	13
2	12
12	7
15	9
18	8
58	6
62	10
72	3
80	13
81	9
84	5
103	10
107	3
112	2
122	3
123	2
135	14
138	10
158	15
162	2
164	14
166	4
185	3
192	6
Market 238
2	6
5	12
6	14
7	1
10	5
12	7
14	6
16	8
17	15
18	4
19	2
21	13
24	1
29	10
39	9
43	9
48	8
50	4
53	6
57	9
62	11
64	1
71	7
75	12
85	6
86	13
91	6
100	4
101	5
110	15
113	10
125	7
126	10
127	15
164	6
173	10
176	5
184	2
185	5
186	2
Market 10
1	3
2	6
5	15
6	6
8	10
10	11
11	2
12	4
15	13
18	5
20	3
22	5
24	13
26	9
28	10
33	11
34	9
36	10
43	13
44	6
47	14
52	15
53	2
58	13
61	6
63	13
64	7
68	10
71	3
78	15
81	1
84	9
86	10
91	7
106	11
110	13
135	2
136	14
138	11
150	14
155	3
156	4
157	14
159	9
164	3
171	2
177	15
190	1
Market 284
2	6
24	8
38	12
58	6
65	12
68	5
71	2
77	15
83	6
85	1
93	5
94	3
99	12
100	15
103	14
107	2
123	15
126	10
129	8
132	5
152	8
155	4
161	4
162	14
166	14
174	6
182	4
185	10
188	11
191	10
195	6
198	8
Market 237
15	13
18	3
19	1
20	1
21	6
23	12
24	13
25	15
29	8
30	8
33	2
34	3
54	10
55	15
60	9
66	13
87	15
98	6
101	11
106	10
112	1
119	1
120	8
133	4
154	5
156	13
157	15
169	4
174	6
192	7
196	12
Market 257
1	2
4	12
5	2
15	8
16	9
17	7
23	10
24	15
32	14
48	11
58	4
63	13
64	8
66	4
70	6
97	8
114	2
132	5
139	13
143	5
145	3
155	8
161	14
166	5
168	1
169	5
174	11
192	4
Market 258
4	15
11	4
17	9
22	10
23	7
29	6
31	13
32	7
34	13
38	10
40	8
41	5
44	6
45	6
46	12
48	6
52	4
66	6
82	13
91	3
98	6
99	6
100	11
103	15
106	8
128	2
131	11
141	14
148	7
155	4
161	12
166	2
173	8
187	8
190	1
Market 220
15	5
24	5
38	5
44	11
66	7
78	2
101	8
114	11
123	15
124	3
129	3
135	2
139	1
153	15
159	11
164	8
174	2
175	9
177	9
183	4
185	1
187	15
190	14
196	4
199	11
Market 30
1	14
7	6
15	6
16	7
17	14
20	10
22	4
23	7
24	5
41	13
45	13
47	3
61	10
64	2
65	6
66	2
70	11
71	14
75	15
77	9
91	2
98	5
103	9
105	9
106	3
109	14
126	4
128	5
139	11
148	9
157	10
161	2
175	13
182	10
183	8
190	10
195	3
198	13
200	5
Market 110
1	10
3	9
4	3
12	13
19	5
32	6
33	4
37	5
39	11
44	10
45	7
51	9
58	8
63	14
64	9
70	12
76	6
77	2
81	1
91	7
99	4
101	1
105	1
107	7
112	10
118	12
121	9
130	6
132	5
135	8
145	4
148	8
150	9
169	7
187	10
192	15
198	3
Market 44
5	1
12	3
16	2
17	15
50	6
62	15
66	10
81	11
86	11
92	8
94	6
98	13
99	3
100	12
103	7
104	13
107	7
118	8
138	11
141	13
143	3
161	15
169	6
174	8
177	5
184	12
190	1
191	13
200	11
Market 219
3	15
6	5
7	11
10	3
12	10
14	13
16	12
25	6
31	11
39	5
53	9
57	4
58	12
65	5
66	6
70	6
72	6
75	13
77	5
81	13
83	9
94	6
105	7
121	6
126	6
132	2
136	7
150	11
152	6
167	5
171	9
174	2
191	15
192	7
196	12
200	12
Market 33
5	6
24	8
25	5
32	15
38	15
39	2
47	5
48	10
50	10
65	7
72	1
75	6
76	8
95	11
100	4
105	7
113	4
115	3
136	1
148	8
150	2
156	11
162	11
170	2
171	15
182	2
183	4
188	2
192	14
Market 127
1	13
2	11
15	14
32	10
58	3
63	11
77	7
97	12
99	4
104	14
132	9
141	5
144	8
145	8
157	7
174	13
188	5
Market 147
5	14
6	9
12	10
32	10
40	3
46	7
59	12
60	11
63	7
72	5
73	13
77	11
80	7
81	12
88	7
89	6
96	7
97	13
101	4
102	2
107	4
112	8
115	13
120	13
124	10
126	15
134	5
137	6
141	9
171	15
174	1
181	14
185	5
191	1
193	8
Market 25
2	13
15	3
50	14
65	7
72	4
81	13
85	4
87	15
95	9
97	11
100	11
106	1
107	8
111	5
115	4
124	8
132	9
154	14
157	7
166	1
172	13
174	13
179	15
182	10
186	9
187	6
194	5
195	1
199	6
200	4
Market 242
2	2
16	15
17	15
20	7
23	10
28	6
29	14
32	14
34	4
44	5
48	10
50	8
51	14
62	2
63	15
67	15
70	10
74	13
77	14
80	2
82	14
87	1
91	8
97	6
103	9
109	1
110	15
111	7
114	8
115	7
120	5
124	11
125	11
127	15
128	2
131	7
137	13
139	9
145	14
154	1
155	15
161	6
167	7
169	6
174	12
175	12
187	2
190	4
194	4
200	4
Market 161
1	3
2	7
5	8
16	12
24	7
32	13
34	11
36	6
38	1
41	1
43	5
47	9
48	5
53	8
64	8
70	3
72	13
80	6
86	7
92	15
100	11
103	1
107	4
113	9
114	10
127	3
129	5
132	8
135	15
145	5
151	4
157	1
159	13
166	9
175	11
178	2
186	12
196	6
197	11
199	12
Market 4
15	15
38	3
62	15
65	5
71	12
73	15
77	8
78	10
81	13
95	11
99	6
106	7
107	14
111	7
115	1
120	4
123	8
125	5
126	9
129	6
136	1
141	6
145	6
152	15
156	7
157	9
159	4
163	10
168	9
169	13
174	1
181	1
192	8
199	6
Market 232
1	2
2	2
4	2
16	5
24	12
61	15
71	4
72	9
77	3
81	3
83	13
90	2
93	2
97	8
100	14
103	2
106	13
112	12
113	15
123	15
126	2
128	10
132	8
136	8
138	11
139	11
140	4
145	4
149	13
158	1
162	6
167	2
169	14
174	15
176	7
177	8
185	14
186	3
187	3
189	11
199	15
Market 53
1	8
4	12
5	14
12	6
17	5
38	7
50	2
53	13
58	6
65	2
66	3
68	3
72	11
85	5
89	7
91	6
100	15
106	10
109	12
113	5
119	5
127	7
139	2
141	1
143	9
154	11
156	9
157	7
161	10
165	7
166	1
171	7
172	15
182	12
190	9
192	3
193	4
Market 35
5	11
6	4
19	2
20	8
22	4
24	8
28	14
29	7
32	15
33	1
34	10
36	12
40	1
44	15
46	7
50	2
55	5
59	13
60	15
61	8
71	15
72	7
75	8
91	12
94	1
95	15
98	6
99	3
100	6
106	4
116	10
120	1
122	10
128	3
129	4
132	12
137	12
138	1
141	3
157	8
161	3
162	5
169	5
176	1
187	5
189	3
Market 125
2	8
9	14
10	1
13	10
21	2
30	2
48	8
53	10
55	7
56	6
57	3
81	3
83	10
112	9
129	3
145	7
156	11
183	9
191	9
192	7
196	9
Market 217
2	14
23	12
65	4
70	12
71	14
72	13
76	5
78	12
82	3
83	10
91	13
99	4
103	7
106	6
113	1
123	14
127	15
136	1
141	10
150	5
153	7
155	1
159	15
164	2
183	14
185	3
192	14
196	14
Market 218
3	12
6	7
8	1
11	11
15	11
20	1
21	8
36	6
43	13
44	1
48	4
51	14
53	7
55	4
58	7
59	11
60	13
64	15
65	3
66	13
73	1
95	7
97	3
99	3
100	6
102	13
113	2
120	1
125	1
129	11
131	12
135	2
137	3
143	2
154	7
156	10
157	8
166	4
171	4
172	13
176	2
180	4
185	4
190	10
195	15
199	5
Market 133
2	7
17	4
20	11
32	13
58	12
62	3
63	10
64	2
65	5
67	5
71	5
72	4
76	13
77	9
82	5
86	1
90	4
101	12
109	6
120	12
123	4
129	3
132	6
137	13
139	14
155	14
156	2
159	6
161	10
167	1
171	2
174	15
183	2
188	4
190	2
191	4
Market 91
1	10
3	14
4	15
5	9
6	11
7	9
8	8
10	13
14	15
18	2
19	7
23	10
24	4
32	2
34	2
40	14
41	9
45	8
47	2
50	14
51	3
52	3
60	13
61	7
62	5
63	11
64	6
77	3
78	13
80	8
81	5
89	2
94	15
97	10
99	10
105	8
109	10
122	7
126	13
131	10
138	15
139	13
150	10
151	1
155	1
162	10
169	13
170	4
175	13
181	4
182	9
190	12
194	13
199	6
Market 156
2	2
15	6
44	10
73	14
74	11
81	10
102	5
107	2
111	13
120	6
138	14
139	12
141	12
143	8
156	7
159	8
187	14
190	13
192	9
Market 34
3	7
10	13
11	3
12	4
14	12
15	10
26	10
29	5
33	5
39	9
41	1
43	10
46	3
55	11
58	15
68	7
78	12
87	9
97	8
103	3
107	9
111	13
113	9
120	7
123	13
136	13
141	7
155	4
158	8
161	4
173	15
177	8
181	15
183	9
187	6
190	5
194	15
200	11
Market 59
1	12
2	4
3	9
7	12
12	12
15	13
22	15
23	7
24	3
28	8
33	5
34	5
37	8
38	5
40	5
43	14
48	4
51	9
52	11
63	13
70	13
71	10
76	7
82	6
98	6
103	11
106	14
109	13
113	4
115	8
120	14
127	2
132	1
136	15
147	12
157	3
171	13
174	9
182	2
185	13
195	1
Market 71
4	6
5	4
12	2
13	7
16	9
20	9
22	15
23	5
24	5
28	11
29	8
31	9
33	9
36	8
40	12
42	14
44	5
46	4
47	15
49	1
54	1
62	8
64	4
70	8
72	5
75	12
97	13
99	14
106	2
109	14
111	10
115	15
119	2
126	10
132	11
138	9
157	8
161	5
162	10
171	8
190	4
195	1
196	10
Market 13
1	15
2	11
5	5
9	13
10	6
15	3
19	5
20	5
21	5
25	13
26	11
29	5
36	7
42	2
43	7
49	4
51	14
53	12
54	6
55	12
61	13
69	6
72	3
76	8
81	5
84	11
86	15
87	7
88	3
91	5
94	14
95	2
101	11
103	14
107	9
122	6
124	12
130	4
131	15
133	15
135	3
140	4
151	7
154	1
156	4
159	7
160	9
164	8
166	1
168	4
169	10
171	8
173	14
174	10
183	11
194	14
195	6
Market 259
2	5
3	4
5	1
21	3
22	9
23	3
28	6
32	5
44	10
50	5
58	8
64	12
65	9
67	8
68	3
73	9
89	13
97	2
100	7
101	14
103	3
113	10
123	1
139	4
143	15
153	7
157	14
158	13
174	12
177	10
180	15
185	5
193	10
Market 270
2	13
4	14
9	11
12	2
15	7
19	2
20	6
21	15
23	5
40	1
41	13
42	6
44	6
45	8
53	10
63	13
66	5
68	1
75	11
81	7
90	5
91	8
105	1
115	4
128	14
136	15
138	10
140	7
145	5
148	4
154	11
155	11
167	7
171	15
183	9
184	2
185	3
187	5
188	1
196	3
197	11
199	13
Market 29
4	11
15	6
19	6
20	4
27	1
29	9
31	13
33	1
37	15
44	7
45	14
47	13
48	14
58	15
62	8
64	13
65	12
68	1
75	1
90	1
101	10
109	12
140	3
141	12
150	5
157	9
166	3
181	14
187	1
188	6
199	11
200	10
Market 263
2	12
4	2
5	13
8	15
9	8
10	2
12	4
13	12
14	11
18	9
20	14
24	4
26	5
31	3
32	14
33	5
37	13
40	8
46	2
48	4
52	8
55	6
58	11
59	2
60	4
62	6
63	14
65	11
66	5
68	4
69	8
72	1
77	10
85	13
100	15
101	15
103	9
114	14
124	13
127	2
129	15
143	9
156	8
163	3
174	14
177	14
180	4
183	2
185	7
194	5
199	4
200	14
Market 184
1	4
16	14
17	5
18	13
20	7
23	2
25	2
28	15
33	10
39	4
40	12
51	12
66	3
67	10
71	12
73	10
76	10
80	15
83	14
95	3
97	3
103	14
106	3
111	3
120	15
128	4
133	5
135	10
137	8
139	8
142	8
157	5
162	8
166	12
170	15
171	12
175	6
181	10
184	14
185	11
192	1
196	11
200	13
Market 236
23	13
50	14
68	1
75	3
77	1
80	7
81	7
84	8
88	14
95	13
96	12
97	8
98	4
103	15
105	12
107	8
111	13
114	2
124	13
131	10
133	10
135	5
136	6
137	8
141	13
142	15
157	3
158	8
159	3
161	10
162	1
164	2
166	12
171	13
173	4
183	15
196	15
200	10
Market 285
1	11
3	9
7	1
9	4
10	11
11	11
17	10
22	10
23	12
28	4
30	15
44	1
46	10
53	15
70	1
72	5
77	9
80	14
95	9
97	14
98	3
105	7
106	7
111	2
113	3
120	6
133	3
136	8
137	8
141	4
142	13
152	10
161	4
162	2
169	5
172	13
184	1
187	10
191	2
192	8
Market 208
3	8
4	3
29	15
32	4
36	3
38	3
43	6
47	1
48	3
50	13
51	10
60	7
75	7
77	3
97	9
103	10
110	8
112	7
120	10
123	5
150	14
161	15
174	1
177	12
184	13
190	9
191	15
Market 22
7	14
8	6
15	10
21	13
23	8
24	4
26	12
28	10
38	7
40	13
41	12
42	13
44	15
46	1
47	5
52	13
59	8
61	3
62	7
72	12
76	2
83	3
86	12
92	4
94	3
95	7
97	8
99	14
100	6
104	8
106	9
111	11
113	5
114	11
133	15
135	12
139	7
141	4
154	15
155	4
157	9
165	9
183	8
187	1
190	5
196	5
200	12
Market 65
17	12
18	5
22	6
23	3
51	8
64	5
75	1
76	10
80	5
83	7
92	9
93	12
97	11
98	4
111	6
114	12
126	12
133	4
137	13
141	10
149	5
156	5
159	8
166	4
167	4
169	2
183	4
188	15
190	10
196	9
200	3
Market 183
4	5
5	3
15	1
18	9
22	5
23	8
40	12
45	3
50	14
51	5
52	8
53	6
66	12
78	7
83	14
102	14
107	8
109	13
131	13
157	4
161	11
168	6
195	9
Market 152
2	9
3	9
16	14
20	1
22	11
25	14
34	9
43	5
45	4
58	2
60	12
61	7
64	8
84	5
89	9
91	2
99	6
103	9
105	15
106	14
109	9
139	4
141	7
150	11
153	4
157	11
159	14
160	15
170	12
182	13
195	7
Market 92
44	9
65	14
68	8
70	8
80	14
91	5
93	3
103	2
116	1
120	5
128	10
131	15
132	12
133	3
145	1
159	7
161	4
171	14
173	3
174	4
183	5
184	12
190	12
191	7
196	15
Market 95
15	10
23	7
32	8
38	15
44	6
48	2
66	13
68	5
76	5
80	15
81	9
93	6
97	13
169	7
170	2
191	6
200	5
Market 66
1	7
8	9
12	4
20	8
29	1
31	10
32	1
37	6
46	10
50	1
55	6
61	15
62	11
65	5
66	2
68	12
77	4
78	13
106	5
115	5
123	2
132	4
134	3
157	5
159	2
167	8
170	10
174	11
185	4
191	8
195	8
Market 130
2	4
4	6
7	11
8	12
10	4
11	1
15	13
19	3
21	15
25	10
28	7
31	15
38	12
40	13
41	1
46	6
50	9
52	10
58	1
59	5
66	6
70	6
71	11
76	13
90	12
98	6
101	14
109	9
113	5
124	15
126	7
129	10
133	14
138	9
139	7
141	4
142	1
145	14
157	6
159	2
171	12
187	14
188	6
200	4
Market 178
10	9
18	6
20	6
21	2
25	10
29	5
32	14
36	3
44	10
45	15
46	14
48	12
51	2
64	11
65	3
68	15
91	7
93	15
97	6
105	5
114	2
126	5
133	12
134	3
148	14
155	9
161	4
174	2
175	1
200	6
Market 230
1	2
10	11
17	12
19	8
21	11
22	6
24	2
25	11
26	15
32	15
34	1
36	13
38	5
41	6
53	11
60	9
62	8
66	4
72	3
80	14
85	4
126	1
135	15
143	5
159	12
167	14
182	1
187	15
Market 79
2	3
17	14
23	3
44	9
64	3
65	8
67	9
73	1
80	5
88	6
96	14
100	13
101	5
114	1
120	15
125	8
126	5
137	11
139	5
141	5
181	1
182	13
193	14
194	2
195	15
Market 194
7	13
14	4
21	13
22	2
23	3
24	3
29	1
32	3
33	9
37	10
38	5
42	9
45	8
50	14
58	6
59	13
62	12
63	3
64	2
66	3
67	6
77	2
78	12
80	1
100	11
105	11
114	14
124	6
130	6
142	15
153	3
159	4
166	2
177	13
186	1
194	3
Market 215
1	8
2	8
20	4
21	4
34	2
38	10
44	1
46	12
50	11
51	14
52	9
61	8
62	3
63	14
66	9
72	5
83	9
92	6
99	14
101	7
103	1
107	6
120	1
128	13
139	10
149	4
159	7
171	1
174	6
175	2
187	9
195	6
Market 165
1	8
7	2
15	13
17	12
18	14
38	12
40	2
44	9
45	5
47	14
50	4
53	12
58	2
64	10
67	13
74	12
81	12
90	14
98	9
109	7
114	10
124	15
136	5
144	5
169	13
182	4
188	4
194	4
200	14
Market 141
2	1
7	4
8	4
11	5
15	9
17	14
26	3
28	15
31	2
33	11
37	11
44	8
47	3
50	14
53	9
57	11
60	1
67	12
73	13
78	15
80	5
85	2
89	8
97	15
99	15
103	9
107	9
124	6
125	15
129	3
131	5
136	12
141	12
158	3
171	14
174	10
180	13
187	13
Market 176
18	15
23	5
28	3
48	6
58	2
78	5
80	7
83	3
95	9
107	2
108	12
132	15
141	13
143	6
157	14
162	6
165	10
166	10
185	1
187	10
Market 100
23	8
44	11
79	10
80	5
81	3
85	8
88	13
90	13
94	10
95	13
99	11
100	7
101	15
105	15
106	3
120	13
122	12
128	3
132	12
134	13
137	2
139	8
143	6
145	12
152	7
157	5
162	6
163	9
165	1
169	9
173	5
174	6
176	9
181	8
185	10
186	3
188	14
Market 191
5	10
16	1
23	14
38	14
62	8
63	6
65	10
67	5
88	11
91	9
96	4
97	6
107	15
129	5
138	6
141	7
145	7
157	3
171	10
174	13
177	15
200	4
Market 229
1	7
16	15
18	6
22	10
44	14
51	10
68	14
94	13
100	11
124	1
139	8
153	4
154	14
159	11
162	6
169	12
171	9
199	1
Market 274
17	9
20	15
29	12
38	9
45	2
61	15
64	9
78	2
91	14
95	10
99	12
101	12
125	3
159	13
173	12
179	3
181	11
192	9
196	9
200	13
Market 202
2	13
3	4
6	12
15	8
16	2
18	11
20	12
23	4
32	11
38	11
39	7
41	15
46	14
52	3
53	6
58	9
59	15
61	13
63	15
64	12
70	14
77	12
81	2
83	4
91	14
92	9
94	14
103	7
113	3
115	11
122	13
133	3
138	15
149	7
152	1
156	12
157	2
163	10
167	5
169	14
175	4
176	11
184	12
185	1
187	4
188	5
192	9
Market 67
1	4
2	2
4	12
5	6
19	4
33	8
38	11
39	2
41	11
43	8
53	4
60	7
61	15
66	9
68	12
70	6
76	9
95	11
97	3
98	15
114	14
124	1
125	5
133	12
139	7
141	7
145	13
155	13
157	4
158	8
166	10
181	10
183	13
Market 233
44	10
68	10
80	10
81	5
89	10
100	6
103	11
106	2
107	3
132	11
137	2
159	3
166	4
187	9
188	9
200	13
Market 212
77	10
80	11
87	10
96	15
103	6
114	6
124	5
137	6
141	3
143	15
155	4
156	11
165	14
166	14
173	6
Market 252
4	8
12	9
17	15
20	15
32	15
44	5
48	7
53	10
66	3
83	5
91	14
98	3
114	2
120	14
129	4
148	13
150	7
162	11
166	9
183	4
187	14
200	6
Market 254
7	11
8	4
10	6
11	12
12	5
17	6
21	8
23	9
29	7
38	10
39	14
41	8
43	9
44	8
48	12
53	15
59	13
60	7
61	14
65	13
99	9
115	4
126	7
128	3
129	11
130	1
132	10
138	14
145	1
154	10
155	4
166	5
172	6
174	3
175	9
189	8
192	12
Market 187
1	15
2	1
4	5
6	1
14	5
15	5
23	15
29	12
41	12
48	5
63	8
66	7
72	14
77	1
84	13
93	15
129	3
134	8
137	5
156	1
159	6
162	13
175	7
190	15
191	5
192	9
195	12
Market 14
2	8
3	11
8	5
12	15
13	5
14	12
24	10
28	4
38	7
39	11
41	3
46	12
57	6
58	5
61	14
62	3
66	8
74	2
77	4
97	6
103	8
126	5
130	15
137	9
139	9
143	12
148	11
156	9
157	3
169	5
174	6
184	15
187	6
188	11
195	9
197	14
Market 195
7	8
10	5
15	3
20	15
36	15
44	6
45	9
47	11
55	10
58	12
61	8
69	4
74	14
81	6
83	5
98	12
131	8
138	6
155	1
190	4
Market 42
1	4
5	4
12	10
25	13
33	3
34	6
46	1
47	7
48	9
51	9
59	3
60	15
62	3
66	3
68	3
71	3
77	11
81	11
87	15
91	2
97	6
100	6
101	4
106	9
111	5
122	7
124	2
128	3
129	11
135	6
140	3
148	1
150	10
154	2
162	2
166	7
169	9
170	2
171	2
190	5
191	15
Market 241
1	5
12	12
63	8
79	2
83	14
86	10
91	14
93	7
100	9
101	8
103	14
114	4
129	8
130	10
136	15
150	14
152	10
154	12
159	4
162	10
163	2
166	15
176	4
184	3
186	9
191	14
192	14
196	2
198	11
Market 290
4	13
11	4
12	11
21	6
22	5
23	6
24	15
29	5
43	7
46	10
51	10
55	11
65	15
66	3
72	14
76	12
81	7
83	1
95	12
98	1
110	6
111	8
118	4
123	9
136	3
141	2
148	1
156	8
164	8
169	9
171	10
177	6
Market 57
2	9
12	8
24	1
58	8
65	14
76	7
77	13
94	12
98	12
100	5
106	2
111	12
127	14
129	3
136	4
154	13
155	15
175	12
176	5
187	8
192	9
195	1
200	13
Market 135
1	13
6	13
15	12
16	10
20	3
21	15
22	11
23	12
26	3
29	7
34	11
43	7
45	14
47	4
49	8
54	8
59	7
60	1
70	1
74	10
83	15
87	13
88	4
90	12
93	14
99	6
101	7
111	11
112	14
114	4
130	11
132	5
134	8
155	15
157	5
161	1
166	4
169	4
171	6
173	15
183	3
184	13
192	13
195	6
Market 211
13	11
23	9
29	9
32	2
33	15
36	13
44	4
45	6
47	1
62	7
65	8
66	10
68	13
71	14
72	12
81	12
83	9
86	9
91	10
104	11
111	2
113	13
120	9
133	9
139	14
148	6
153	7
157	5
164	11
176	6
184	13
185	4
199	5
200	14
Market 291
1	8
2	6
3	11
4	8
5	2
7	10
8	14
12	10
15	11
17	14
18	10
23	10
24	6
36	9
39	15
40	6
44	13
45	15
51	7
52	6
53	1
60	7
61	15
63	12
67	2
70	14
71	9
76	8
80	11
87	2
91	7
93	7
99	8
106	10
107	7
111	6
121	11
123	13
128	3
130	4
136	10
142	11
153	7
161	4
166	13
170	5
175	15
180	9
187	13
190	9
193	10
198	11
Market 5
1	12
2	7
4	12
15	3
18	13
23	4
44	11
53	1
62	10
64	4
65	4
72	3
78	2
85	10
87	8
97	3
106	9
107	9
111	14
115	15
124	15
130	15
135	1
137	3
156	10
159	1
171	15
180	10
193	6
196	3
Market 24
5	14
16	5
48	12
51	8
53	13
62	4
64	9
68	10
72	8
82	5
83	8
98	7
109	9
111	14
113	4
115	10
128	1
130	2
132	11
134	7
141	6
147	8
154	8
156	12
157	8
158	2
164	10
170	1
175	3
184	2
191	1
196	6
198	11
Market 169
15	10
23	10
72	6
82	1
87	12
93	2
99	9
103	11
106	5
111	7
112	10
114	3
130	4
132	8
156	6
157	9
161	12
162	4
165	3
170	13
175	10
177	8
185	10
190	9
198	15
Market 199
2	13
7	13
8	13
9	3
13	13
15	7
21	5
26	2
29	7
33	6
34	9
39	7
41	4
42	15
47	13
51	12
55	9
62	15
63	2
71	12
72	11
77	13
78	13
80	2
81	15
83	12
105	7
107	2
109	15
115	12
129	1
134	1
135	13
139	9
141	8
159	2
163	1
175	3
182	11
185	15
187	2
192	7
195	13
199	13
Market 174
12	5
14	5
15	8
22	5
25	13
26	7
29	6
31	10
45	14
52	7
54	2
55	12
57	5
63	15
68	12
91	6
97	15
101	15
107	3
128	9
138	13
139	1
155	7
167	11
168	8
169	11
183	5
188	9
Market 170
8	6
17	11
19	10
22	5
29	5
39	2
46	6
48	3
51	10
52	5
55	7
61	9
63	11
66	10
83	8
93	12
103	6
113	2
120	15
122	9
124	2
130	13
134	8
150	14
184	8
191	1
Market 216
4	9
5	1
39	5
44	9
45	5
47	9
52	2
64	14
70	15
72	6
113	7
120	7
157	13
167	2
185	12
192	15
196	5
Market 223
2	7
44	1
71	15
95	15
107	14
114	8
124	9
125	12
130	3
136	11
138	12
141	7
156	15
157	6
174	3
180	14
192	10
195	9
Market 179
1	6
16	15
17	5
18	10
20	6
22	13
26	8
28	13
32	8
33	4
46	11
47	5
59	14
64	9
83	15
84	10
91	11
94	15
105	7
124	8
135	2
136	15
137	2
139	8
177	1
183	15
187	15
190	10
Market 196
17	10
50	12
76	3
85	7
103	4
105	13
106	1
135	13
141	12
143	7
152	3
176	3
191	8
Market 173
2	8
5	15
12	13
14	7
15	3
16	4
17	6
19	10
23	6
25	6
26	2
28	12
36	10
41	6
53	10
62	6
64	7
68	1
73	6
77	9
80	11
89	15
97	2
100	1
101	6
130	7
131	1
135	9
137	12
155	3
157	7
174	10
184	6
187	13
200	5
Market 21
12	1
17	13
53	10
62	13
65	15
66	9
70	7
71	14
80	13
93	1
99	11
112	12
115	13
127	2
132	8
133	14
138	5
145	5
149	6
155	2
157	5
167	5
169	4
174	2
191	7
Market 281
1	13
15	15
23	15
44	14
58	7
70	9
81	11
90	2
111	12
129	12
137	3
138	2
147	4
156	7
159	7
161	15
169	5
171	4
182	8
183	1
185	13
187	3
196	11
Market 185
2	2
50	12
91	1
94	7
96	2
103	3
130	15
141	3
153	2
155	15
162	3
166	14
185	13
190	15
192	13
193	12
196	15
199	11
Market 246
2	13
12	9
17	4
18	14
32	1
36	11
37	14
38	1
41	10
44	15
47	15
54	14
72	2
82	5
91	5
99	6
106	4
114	14
123	1
124	9
131	12
134	8
159	5
161	10
164	7
166	7
171	15
177	10
180	15
185	11
192	9
195	3
200	12
Market 210
1	13
16	4
17	15
20	9
23	3
32	3
33	1
36	3
38	6
39	8
40	15
43	10
45	4
48	12
52	9
59	9
68	15
70	9
80	7
89	14
99	2
102	9
111	13
114	11
126	7
128	10
138	12
155	11
156	10
166	8
169	7
174	1
192	9
195	11
Market 94
6	10
16	8
20	3
25	13
28	1
29	3
32	8
33	2
34	8
38	6
40	9
41	4
43	4
45	1
48	10
52	13
53	3
58	13
59	7
62	11
65	3
66	11
74	10
75	1
80	10
88	12
95	7
97	7
100	14
102	8
114	9
125	6
129	11
131	4
137	9
143	2
145	10
157	10
167	14
173	3
174	12
177	12
185	15
192	14
194	14
Market 154
2	10
3	5
6	6
7	4
8	12
16	5
20	9
22	1
23	12
24	2
28	2
34	13
38	2
40	1
52	13
59	15
64	7
70	6
71	15
75	6
77	14
80	4
86	5
95	7
97	4
100	4
103	14
107	9
115	4
127	2
128	6
132	4
136	14
138	5
139	5
145	1
154	11
160	12
167	5
169	4
174	6
178	4
182	4
186	11
Market 86
3	12
4	11
5	2
10	11
12	6
13	4
18	9
20	11
24	10
36	1
39	11
41	7
44	14
45	13
47	14
50	11
54	1
55	15
57	1
58	15
59	10
61	8
65	8
72	15
81	9
95	14
99	13
103	1
109	5
110	5
111	11
114	5
143	8
158	6
166	10
173	3
183	5
196	5
197	5
200	3
Market 144
2	3
4	1
16	11
23	13
32	7
62	4
83	10
92	5
97	11
101	5
103	6
126	7
130	15
138	10
139	11
155	8
171	10
173	9
175	8
181	8
184	15
193	8
195	14
200	3
Market 68
44	2
70	9
72	14
75	3
76	1
98	4
114	6
129	12
133	1
141	12
155	15
166	3
167	5
181	4
188	1
192	1
195	13
Market 249
1	14
2	5
68	3
72	9
76	3
83	1
97	7
98	3
99	2
105	11
115	12
126	9
155	11
156	3
157	6
170	6
184	14
191	4
192	1
Market 32
1	7
2	13
5	8
15	13
18	11
44	14
58	14
62	9
65	15
66	14
68	1
73	2
91	8
97	1
99	7
107	3
115	13
125	6
135	5
145	2
157	3
160	7
167	6
173	4
174	9
181	6
189	7
192	1
200	4
Market 138
3	2
5	9
6	5
22	14
25	3
32	15
38	3
43	9
45	5
46	9
51	5
63	14
68	7
72	7
73	8
76	2
80	14
81	8
87	1
89	9
98	15
103	14
124	7
130	5
155	14
156	9
171	4
181	1
187	8
190	9
Depot
