CapEuclideo.50.200.8.2
Total Cost:12108
|M*|: 44
Depot
Market 29
5	7
11	3
21	5
22	10
29	2
32	5
36	4
40	9
49	6
51	12
54	12
55	14
58	11
74	4
77	7
80	15
82	6
84	4
90	1
100	2
103	3
115	5
118	13
120	3
135	1
139	4
141	8
147	4
148	8
152	1
162	3
163	9
171	3
185	15
190	1
198	5
Market 27
8	2
10	10
21	13
28	15
42	4
43	11
47	3
48	5
49	1
50	5
51	10
52	7
54	2
59	3
60	10
63	6
67	14
73	7
74	6
78	1
83	12
91	3
101	10
102	9
109	15
114	10
122	1
140	13
150	10
158	2
162	6
164	12
167	2
179	7
187	9
190	13
198	7
Market 32
107	9
164	6
180	12
187	1
Market 6
7	1
14	6
16	3
18	5
22	13
25	6
28	15
33	4
40	14
43	7
53	1
55	9
59	1
72	14
74	8
83	11
98	5
104	13
117	3
123	13
130	5
153	10
154	15
164	9
165	12
166	8
175	3
180	14
185	10
Market 49
12	5
17	11
35	1
42	13
47	4
53	5
55	8
63	8
66	2
73	6
81	5
83	9
85	12
87	14
91	6
92	5
93	11
94	6
102	11
116	4
117	5
119	13
120	7
125	15
127	11
132	11
136	6
138	9
151	5
154	5
156	13
163	15
170	5
171	14
175	11
178	11
188	8
189	10
193	11
Market 35
7	6
9	15
12	13
18	1
20	1
30	15
32	13
33	8
44	7
49	13
51	11
56	7
59	9
67	7
68	7
77	2
81	15
86	13
97	8
98	7
102	5
106	10
117	12
127	3
128	8
130	6
132	10
138	5
143	12
144	14
145	6
147	9
148	1
152	4
157	5
166	12
181	6
192	9
195	1
Market 31
4	7
6	5
8	12
27	3
28	8
58	9
59	6
62	12
69	6
71	5
78	8
80	6
85	11
98	7
104	2
107	14
113	6
122	1
123	6
132	6
137	1
153	12
155	1
165	6
169	3
181	2
182	2
186	8
Market 10
7	11
14	6
16	6
17	3
40	8
58	6
76	11
130	3
153	2
178	7
185	3
187	11
Market 50
54	6
59	4
62	3
70	7
107	10
132	7
162	11
165	2
166	9
Market 33
3	12
5	1
7	12
9	3
14	11
20	14
24	1
38	4
40	6
43	9
53	7
58	6
63	2
64	14
65	1
76	2
82	2
83	13
85	12
86	10
126	11
129	8
130	13
136	12
141	4
144	3
146	9
151	8
152	5
156	2
159	10
167	13
170	3
174	1
186	14
191	6
192	5
194	10
200	4
Market 25
7	12
13	5
15	2
25	5
27	5
28	3
35	9
44	2
53	11
60	5
73	1
89	4
93	4
98	2
105	14
110	12
114	1
120	14
121	12
130	3
137	7
139	13
153	2
162	3
166	4
169	15
Market 2
14	1
22	10
27	5
37	4
58	9
62	8
74	1
76	14
87	4
94	12
162	11
164	3
179	4
191	9
193	2
Market 24
10	4
37	14
43	5
62	13
72	11
73	13
74	6
89	11
107	15
117	7
121	14
132	5
162	5
165	1
166	2
169	3
170	4
178	6
Market 23
2	8
5	13
22	1
43	4
45	12
46	6
48	15
51	3
54	4
65	8
72	1
76	3
77	4
99	7
114	9
125	6
127	1
131	2
143	9
147	11
155	9
162	3
165	10
169	13
179	10
186	13
187	3
191	11
195	1
Market 8
14	1
20	15
21	4
53	9
58	14
59	8
89	3
128	7
135	14
Market 14
2	11
10	9
15	3
27	11
35	5
43	5
45	2
54	5
70	9
72	3
90	12
93	10
104	12
114	8
128	10
129	5
130	7
150	12
163	1
173	14
179	13
187	8
191	4
Market 13
7	7
15	15
21	9
22	2
27	5
37	3
47	15
53	1
54	14
56	4
75	7
89	3
106	7
116	11
117	15
118	15
119	15
123	4
128	2
132	2
135	9
146	3
160	9
165	1
175	7
190	11
193	15
196	2
198	2
Market 36
12	3
14	8
27	15
32	2
37	4
40	10
87	11
139	5
141	15
148	8
154	4
162	12
185	6
187	2
191	10
Market 30
25	15
30	13
32	9
58	2
62	5
128	7
Market 48
14	8
20	8
28	7
35	1
37	10
53	2
58	12
76	5
80	8
82	6
117	10
119	7
188	7
Market 45
4	2
8	5
12	13
16	1
17	1
18	8
25	7
38	6
40	9
41	5
53	3
62	9
76	1
78	3
82	9
89	4
93	3
97	2
98	10
104	11
113	4
117	1
121	13
124	8
127	3
128	4
129	10
140	2
146	2
148	4
151	14
161	10
163	15
170	5
180	4
181	6
185	3
188	12
189	10
195	7
198	15
Market 17
9	3
12	1
14	5
17	6
22	1
27	8
28	7
32	7
33	1
42	4
44	10
47	2
56	13
58	5
60	12
62	6
78	13
83	9
88	10
89	5
101	15
110	4
115	15
125	2
129	1
134	7
137	6
146	6
161	2
166	5
170	3
175	10
177	13
179	10
181	4
190	2
Market 34
37	7
114	4
117	1
121	5
163	13
164	14
Market 40
8	7
12	13
15	1
25	4
32	7
33	3
50	14
51	5
85	1
87	6
89	1
108	3
122	4
130	2
132	2
135	14
140	8
144	7
149	1
155	14
156	1
165	6
170	7
186	5
187	7
191	5
Market 37
2	10
7	3
11	3
27	9
28	6
41	10
46	15
48	1
50	10
51	1
54	7
56	4
70	1
79	11
89	7
92	3
93	13
97	10
114	6
118	6
120	12
127	3
129	9
137	8
149	6
152	15
154	2
192	3
193	5
Market 5
16	9
17	7
18	12
32	14
33	2
37	13
44	11
51	9
53	10
61	2
68	10
70	1
75	10
86	2
89	15
107	9
109	3
114	5
117	1
121	5
123	2
124	7
132	7
135	15
144	6
148	13
158	9
166	6
167	1
169	10
172	3
173	1
192	13
199	2
Market 28
14	6
33	14
37	3
59	8
81	8
107	5
117	4
186	11
Market 7
8	2
13	14
15	12
24	15
29	7
31	15
45	2
59	8
60	12
63	5
64	3
70	11
75	5
87	1
88	9
100	4
108	12
115	2
119	12
120	14
124	8
130	1
149	1
154	7
164	4
171	7
178	10
181	11
192	6
193	11
194	1
195	13
Market 41
8	6
16	8
17	15
18	3
22	14
27	2
40	10
47	9
48	7
54	1
57	3
62	4
78	1
82	10
87	14
91	9
98	8
101	2
109	6
153	15
158	1
164	8
165	1
167	2
178	6
187	15
191	1
Market 22
16	8
72	13
124	12
185	8
Market 11
10	9
12	6
20	15
24	8
26	1
28	8
42	15
48	7
49	7
56	9
60	1
61	1
64	2
76	5
79	3
85	1
94	7
96	3
98	7
105	11
107	10
108	8
111	5
112	14
119	2
123	4
124	9
125	6
126	12
130	5
133	12
140	12
142	14
148	6
149	9
164	7
168	8
176	2
178	5
181	4
190	15
191	8
197	3
198	10
Market 47
13	14
15	11
17	4
31	6
40	2
43	9
60	7
61	11
64	7
74	10
80	11
81	3
85	11
91	1
92	3
95	5
101	3
104	5
127	15
132	2
139	10
159	14
163	5
169	15
174	2
175	1
179	14
181	7
185	3
196	7
200	2
Market 16
8	9
16	9
27	1
30	13
80	6
87	11
89	10
141	8
155	8
156	8
185	3
190	3
191	6
Market 43
10	11
26	6
29	6
36	11
38	14
39	3
45	4
46	2
53	7
59	5
74	8
77	6
80	5
82	15
87	9
92	5
98	2
102	14
105	2
113	11
120	8
122	9
124	8
138	8
150	6
160	5
Market 15
5	1
12	3
15	11
17	1
24	4
33	15
41	2
43	3
56	4
58	3
60	2
62	5
65	14
68	1
72	3
73	2
74	5
77	4
87	8
90	13
100	4
114	1
118	6
129	3
144	14
159	2
165	9
170	13
173	1
180	15
183	10
184	9
186	6
188	7
190	1
191	5
Market 3
2	2
9	10
13	11
14	2
15	8
24	7
25	10
30	15
35	13
46	8
47	4
51	9
60	3
73	6
74	3
76	1
80	14
82	10
85	14
86	12
93	2
110	9
112	9
114	15
121	4
122	11
123	3
128	8
133	3
135	7
141	13
156	13
159	3
177	1
180	14
182	9
185	15
192	4
194	2
198	1
Market 38
7	5
16	2
37	7
54	13
80	13
102	1
128	3
Market 46
9	3
19	7
28	5
33	9
43	9
50	1
63	1
67	9
68	15
72	9
74	2
76	7
78	1
81	13
89	5
94	1
104	10
108	12
112	13
115	12
122	7
123	1
125	11
126	4
130	11
131	11
132	7
137	13
140	8
148	1
149	15
152	7
155	2
156	8
159	5
162	12
164	10
165	6
166	4
168	5
178	4
185	1
186	3
200	2
Market 39
1	1
5	9
7	12
13	15
34	6
56	7
59	9
63	12
70	8
82	1
86	11
89	2
94	13
97	4
102	8
105	13
115	4
121	15
124	4
125	6
127	7
128	3
129	15
135	4
139	5
146	10
154	9
173	12
175	10
178	10
189	11
Market 9
5	11
10	7
16	9
20	4
22	11
23	11
27	3
32	13
35	9
42	6
62	11
63	14
65	9
76	4
79	1
88	7
90	1
92	7
105	5
114	1
117	14
121	10
122	4
124	2
130	1
144	8
151	11
153	4
154	11
165	7
166	7
170	9
173	13
175	10
179	3
180	12
185	2
186	1
193	4
Market 19
9	1
16	15
41	13
59	11
65	2
73	7
76	2
83	13
92	5
94	5
102	8
105	2
106	5
107	9
111	1
114	6
124	9
127	12
128	7
131	13
132	8
135	9
149	3
161	11
166	8
172	6
177	7
188	7
199	1
Market 12
5	13
12	10
18	9
22	4
24	3
25	9
28	8
32	2
35	10
36	10
49	9
53	2
70	1
74	5
82	11
92	13
94	12
100	10
121	3
124	5
128	9
132	12
165	8
169	2
184	15
185	8
186	8
192	5
198	6
Market 42
8	3
14	11
20	3
27	3
50	12
54	6
63	4
74	11
76	8
88	5
122	11
148	3
152	3
179	2
Market 26
3	14
7	3
17	14
18	7
21	12
24	1
30	15
32	6
33	7
35	6
39	10
46	7
48	8
53	3
68	7
81	5
89	1
91	12
102	9
105	9
106	9
109	8
117	3
118	5
119	6
123	3
128	11
141	6
148	9
151	15
153	12
155	14
162	8
164	1
180	2
181	9
187	7
196	8
Depot
