CapEuclideo.300.50.5.5
Total Cost:90228
|M*|: 299
Depot
Market 138
4	11
7	9
10	14
15	4
19	13
22	10
24	5
34	11
38	11
39	8
41	15
44	8
Market 32
2	3
8	13
12	13
15	9
17	1
22	1
28	11
34	9
43	14
47	4
48	6
Market 249
5	3
12	4
15	4
18	9
25	2
28	4
33	11
40	4
43	6
44	10
46	9
50	5
Market 68
6	11
12	4
13	15
15	6
16	12
17	11
19	13
20	3
23	13
24	6
28	4
29	5
31	9
34	11
38	6
44	9
48	10
Market 86
6	8
11	6
14	8
17	11
18	2
19	5
23	14
24	10
25	11
30	15
36	7
39	1
41	11
43	14
44	9
45	2
46	9
47	3
48	10
50	2
Market 144
2	1
4	3
5	2
7	14
11	12
12	14
20	5
22	3
23	10
24	15
28	1
30	8
39	5
44	13
45	5
47	6
48	13
Market 210
2	5
5	14
8	9
12	9
15	12
18	5
25	8
29	6
32	7
40	1
44	6
46	14
50	8
Market 94
1	13
2	14
4	3
6	12
12	2
15	8
16	2
17	8
20	8
23	11
24	13
25	12
28	6
37	6
38	2
39	9
46	4
48	1
50	6
Market 154
5	3
8	5
12	1
16	7
17	10
19	9
20	5
21	15
25	3
28	5
31	1
39	7
40	2
44	3
47	15
48	10
50	12
Market 206
1	11
2	10
4	7
6	13
7	8
8	1
19	4
23	4
28	10
31	3
32	7
33	7
38	9
40	5
43	1
48	8
Market 118
1	13
2	8
4	6
6	6
7	11
11	6
12	15
13	15
15	5
16	4
18	11
19	4
22	5
23	7
28	1
31	9
36	7
38	2
39	6
42	5
44	7
48	5
50	12
Market 93
1	14
2	4
5	12
10	8
12	14
15	8
16	9
18	7
19	7
20	13
23	14
24	9
29	2
32	15
33	6
38	2
45	8
46	9
Market 150
5	5
8	2
10	7
11	12
16	5
20	15
21	14
25	8
26	13
29	5
33	6
34	6
47	14
48	7
49	4
50	3
Market 146
1	7
2	13
5	5
7	2
10	12
13	7
16	5
18	10
19	10
23	10
24	12
28	7
31	4
32	15
38	12
39	10
44	12
45	4
48	7
Market 78
10	5
18	10
24	5
25	13
34	3
41	15
44	3
47	4
50	9
Market 102
1	1
2	3
3	10
5	1
15	14
18	8
22	9
23	5
28	13
29	4
32	9
37	12
39	14
43	13
44	4
45	1
48	4
Market 122
4	10
17	3
20	1
23	14
33	8
37	15
38	1
40	8
43	15
46	4
48	3
49	5
Market 124
1	4
2	1
4	7
5	1
14	13
15	6
16	14
20	5
23	9
24	1
28	3
32	11
34	10
38	10
39	1
41	2
44	12
48	5
50	6
Market 265
1	11
2	5
6	6
7	3
12	1
18	5
22	12
24	15
25	2
47	5
48	13
50	2
Market 188
1	14
4	6
6	5
12	2
14	8
17	4
22	8
24	1
28	15
34	1
37	9
38	4
41	10
43	10
44	14
46	6
47	14
Market 55
2	14
4	9
7	5
12	1
15	13
16	10
20	6
23	13
25	15
32	2
33	8
34	14
38	6
44	5
45	8
47	4
Market 84
2	9
3	12
6	10
12	11
14	3
16	15
20	1
22	2
23	13
29	7
31	4
34	4
38	9
44	13
48	4
50	6
Market 186
1	15
2	4
5	14
11	11
12	13
15	10
18	1
19	6
21	13
22	5
23	14
24	1
25	14
26	14
31	11
34	13
36	6
38	1
39	6
40	7
41	5
43	8
44	14
45	14
47	6
48	10
50	15
Market 255
8	12
12	4
14	5
19	2
25	10
32	6
37	10
38	9
39	9
40	8
50	11
Market 123
2	7
6	13
10	12
12	6
13	12
15	11
16	10
19	5
21	13
24	2
26	2
29	12
33	15
34	7
39	11
40	7
41	1
45	7
47	9
Market 83
2	14
12	12
15	10
18	15
20	12
23	8
29	14
32	10
40	2
47	3
Market 31
2	8
3	8
4	3
10	4
15	6
19	1
25	2
28	2
34	5
38	8
44	8
45	3
Market 26
1	5
4	4
7	12
15	3
17	15
20	1
22	7
23	11
32	7
33	14
38	8
43	6
44	11
45	7
46	9
48	15
Market 163
1	6
2	6
4	9
6	6
7	13
8	1
13	3
15	13
20	10
22	1
23	1
36	5
42	10
48	15
Market 300
1	12
2	12
8	14
19	8
25	13
33	5
38	12
39	2
40	9
46	14
47	3
Market 213
1	13
2	8
3	13
10	3
12	13
14	4
15	9
21	7
22	8
23	2
26	3
28	2
32	11
34	13
35	13
41	12
44	3
Market 264
1	10
2	11
3	5
13	13
15	6
18	12
22	8
34	13
38	5
39	10
41	5
Market 248
2	8
3	2
5	13
6	8
8	11
12	15
15	7
21	5
23	8
24	3
26	8
28	2
29	10
32	2
39	8
43	9
44	14
45	11
50	11
Market 239
1	11
2	5
5	15
10	4
11	10
15	3
16	1
19	15
20	6
21	3
24	15
28	4
38	1
40	12
44	8
46	12
47	1
48	5
Market 99
1	5
7	3
11	1
12	4
15	13
17	7
22	4
28	12
32	10
36	13
39	2
43	1
45	5
48	2
50	14
Market 85
4	11
5	6
15	3
17	14
20	15
23	13
43	12
50	6
Market 295
1	6
3	6
8	2
12	3
14	9
15	3
18	8
23	7
24	4
26	14
32	4
33	3
40	1
41	10
50	8
Market 139
2	7
4	2
12	15
17	5
20	7
31	14
37	13
38	3
50	13
Market 262
7	12
8	5
11	3
15	14
16	14
20	10
22	6
24	8
32	11
36	5
38	14
42	13
45	4
50	1
Market 19
1	8
3	9
4	12
6	13
8	13
12	5
13	14
21	2
28	14
41	12
43	14
44	11
Market 119
1	10
2	1
4	3
7	15
12	14
17	14
23	8
32	7
37	11
39	1
43	10
45	14
48	9
Market 158
1	2
2	8
9	6
12	9
15	9
16	11
21	4
23	1
25	14
39	14
43	14
44	10
45	6
47	3
48	9
Market 168
1	9
2	7
3	1
8	2
12	7
24	15
28	11
29	15
38	5
40	3
41	4
43	7
46	12
47	13
48	12
Market 298
15	14
16	10
18	13
23	11
25	14
28	2
29	10
38	10
42	1
44	6
48	5
Market 283
5	8
8	12
15	13
22	13
23	7
46	7
48	10
50	14
Market 38
1	4
4	12
5	14
7	10
11	5
18	4
22	10
24	15
25	14
29	7
32	14
36	11
37	4
43	5
44	1
47	12
48	13
49	5
Market 76
2	1
10	10
12	10
15	6
16	4
17	12
23	6
24	11
26	9
32	6
38	4
41	1
45	14
47	5
Market 104
1	12
2	12
6	6
10	3
16	11
18	7
21	2
26	7
47	5
Market 223
2	14
3	14
4	7
11	2
15	2
20	6
21	8
22	3
32	10
33	6
34	1
36	3
48	6
50	8
Market 179
3	9
12	1
18	14
20	9
23	9
24	5
25	5
29	15
34	15
39	12
44	13
50	1
Market 196
5	1
6	11
9	11
16	15
19	6
20	11
21	15
24	3
25	3
26	10
38	5
39	5
41	13
50	14
Market 173
15	4
17	11
20	8
29	8
38	9
47	4
49	1
Market 21
8	15
12	6
17	11
23	12
29	7
37	2
38	10
40	1
43	4
44	15
49	8
50	15
Market 281
2	14
4	13
8	9
12	2
15	2
16	4
20	13
23	5
25	1
31	2
34	7
35	8
44	4
47	1
48	12
Market 185
5	13
10	11
18	12
23	8
24	11
26	6
28	15
34	14
36	10
38	14
41	2
47	1
48	12
Market 246
2	7
5	3
23	2
25	13
27	6
32	10
33	11
38	3
43	9
44	4
45	2
48	5
50	8
Market 285
1	5
2	7
3	2
5	9
8	8
12	9
15	7
16	10
17	13
19	15
21	8
23	5
25	12
28	9
30	8
38	3
41	11
43	15
45	8
46	10
48	15
Market 208
15	15
16	5
18	1
31	11
36	7
38	10
42	2
Market 236
1	3
2	2
5	10
6	1
7	8
10	4
12	5
17	2
18	6
20	6
22	12
23	12
25	1
28	14
31	7
32	14
33	4
35	4
36	15
40	13
42	10
Market 184
3	6
8	2
16	4
17	3
19	1
20	9
21	12
24	4
33	5
34	9
38	3
47	14
50	14
Market 263
1	15
15	4
17	15
20	15
22	2
23	3
24	15
33	4
36	6
Market 29
2	1
7	6
11	8
12	5
15	12
17	12
19	9
20	14
22	14
23	2
24	4
25	12
32	15
33	3
36	7
37	13
38	8
39	15
40	3
44	1
45	5
48	9
49	6
50	11
Market 270
1	8
5	11
15	14
17	4
20	4
21	6
22	5
23	7
24	9
34	2
39	11
41	13
44	14
47	12
Market 259
1	8
2	2
4	13
6	11
11	3
12	10
15	13
18	7
32	3
36	3
39	13
44	7
Market 13
2	3
8	4
12	10
15	1
18	13
20	15
23	9
25	2
26	5
40	15
44	10
46	1
50	13
Market 71
1	12
2	13
4	15
11	11
14	7
15	2
17	2
23	12
28	2
36	14
38	15
39	7
43	14
45	13
46	8
50	10
Market 156
3	3
4	10
16	12
17	14
18	15
24	9
33	6
34	5
39	9
42	2
43	15
45	8
46	15
48	1
50	11
Market 91
2	3
5	8
6	12
10	11
12	11
15	5
16	2
17	9
18	11
20	14
24	5
34	1
37	12
45	4
47	9
50	5
Market 133
2	6
4	9
7	10
15	6
17	8
18	10
22	8
24	5
28	4
33	2
36	15
38	13
44	12
46	14
50	9
Market 218
1	12
2	8
3	3
5	8
8	13
10	8
12	8
15	7
21	2
23	5
24	15
25	15
26	3
29	9
32	14
34	3
44	9
Market 35
1	12
2	8
6	3
7	5
14	11
15	1
17	13
18	4
20	7
24	4
29	5
33	8
38	1
40	9
46	1
48	2
Market 125
1	11
5	9
9	7
16	4
21	1
22	10
23	7
41	9
46	14
50	4
Market 217
7	4
19	15
20	3
22	10
24	1
32	5
33	4
36	4
42	13
46	8
Market 34
3	12
9	12
11	5
12	8
14	5
16	1
19	11
21	10
23	2
24	4
32	12
34	9
38	14
41	4
42	5
43	5
47	11
50	5
Market 59
1	6
2	15
3	5
5	5
6	10
10	3
12	3
18	2
20	2
21	7
23	3
24	7
32	13
34	10
38	10
39	13
41	12
44	7
50	9
Market 92
4	10
5	8
8	10
13	4
16	11
20	13
24	3
26	4
33	1
39	11
40	6
41	1
48	8
Market 65
2	2
4	9
7	3
14	15
15	13
16	11
19	4
20	2
22	14
25	9
28	3
32	8
33	10
39	7
42	10
45	14
46	10
48	11
Market 22
2	11
3	9
5	9
8	1
12	6
15	14
25	9
26	13
31	12
33	8
34	4
44	10
Market 183
1	1
2	4
8	8
15	10
16	13
17	14
23	7
24	14
27	7
35	15
41	4
44	2
45	2
46	14
48	2
Market 152
2	6
4	13
5	4
6	12
7	15
11	13
12	11
14	9
15	6
16	7
17	1
18	10
19	11
22	6
23	4
32	6
38	9
39	12
43	5
44	13
Market 95
1	12
4	3
7	9
10	14
12	8
15	11
17	5
22	10
23	1
24	11
26	7
28	4
34	4
36	3
41	12
42	3
48	8
50	9
Market 66
3	4
4	12
15	1
17	6
23	12
25	14
33	8
34	4
46	12
Market 130
7	1
12	5
15	11
21	4
23	12
28	11
32	11
34	12
39	15
40	12
45	9
47	10
48	12
Market 178
2	6
7	11
15	2
17	7
20	4
23	8
25	10
28	6
38	7
46	14
Market 230
1	2
4	10
12	4
15	1
16	14
17	6
18	8
22	6
26	2
28	15
29	15
38	10
49	15
Market 79
1	3
2	8
4	11
5	14
6	8
12	12
13	10
14	12
19	1
20	5
24	2
29	5
39	14
43	10
48	13
Market 194
3	4
10	15
12	7
13	10
16	2
18	1
19	14
23	10
24	6
31	7
34	14
44	13
45	8
Market 215
1	10
2	2
5	3
7	2
12	11
13	7
17	6
23	6
29	5
31	7
38	7
44	15
46	15
Market 165
1	2
2	7
5	8
8	12
12	13
17	1
20	10
22	2
23	7
25	1
33	3
43	3
44	15
48	12
Market 141
2	15
6	13
8	8
12	6
14	1
18	6
19	14
23	10
28	14
29	11
31	9
32	9
33	6
36	12
37	15
39	11
40	14
43	13
47	4
48	5
50	7
Market 176
1	15
5	14
8	6
15	6
17	15
18	9
23	13
24	15
25	5
28	2
33	4
38	10
39	4
40	8
46	8
50	3
Market 100
2	13
5	15
12	6
16	2
17	13
18	12
22	6
23	3
25	3
28	12
36	10
40	11
42	1
44	2
47	3
Market 191
2	6
3	11
5	9
8	7
12	12
13	9
16	2
21	13
22	2
23	3
24	7
31	5
38	2
41	4
47	2
48	10
Market 161
2	2
4	12
6	12
7	4
11	1
17	10
18	13
22	12
23	2
32	1
33	11
38	14
39	15
44	1
45	15
48	3
Market 4
15	2
22	9
24	12
28	12
32	4
37	15
42	14
44	10
46	5
48	8
Market 232
1	7
2	12
5	11
6	11
7	6
12	9
15	9
16	2
18	12
23	12
29	15
32	6
33	13
38	10
40	9
44	10
Market 53
4	14
11	12
12	5
14	7
15	10
17	14
24	13
26	3
32	15
34	6
36	7
37	15
38	12
39	11
44	9
45	12
50	14
Market 242
2	11
3	9
6	13
8	3
10	14
11	13
13	12
17	14
23	7
28	10
31	11
33	6
34	7
38	11
44	5
Market 25
1	8
2	13
10	10
14	14
15	1
16	10
19	9
24	10
32	4
41	5
42	6
44	9
48	12
50	5
Market 147
1	12
4	4
5	5
11	10
12	14
17	12
18	6
19	11
22	6
24	5
32	14
36	5
39	9
42	15
43	8
44	13
45	4
48	10
Market 127
4	12
7	2
11	13
12	14
15	2
17	2
22	10
28	7
37	12
43	12
45	13
Market 33
1	5
2	8
3	11
6	13
10	3
18	5
22	14
23	14
28	4
29	15
32	10
44	8
47	12
Market 219
1	13
2	3
5	4
10	13
13	12
15	2
18	6
21	1
22	3
23	1
25	12
26	5
29	12
31	1
34	11
44	14
47	8
48	8
50	15
Market 44
1	6
3	7
9	8
10	9
15	15
17	1
18	6
22	12
23	11
27	8
33	10
34	5
35	6
37	9
38	14
40	4
48	2
Market 110
2	11
4	6
8	9
10	2
12	3
16	14
18	11
20	4
24	12
25	14
28	15
33	6
38	12
40	14
41	12
42	1
44	1
45	9
46	6
47	7
50	12
Market 30
2	5
12	12
15	5
17	11
22	1
25	10
32	3
46	5
48	5
50	9
Market 81
3	9
5	14
6	5
9	14
12	8
14	13
15	6
16	2
18	7
19	2
20	15
21	13
25	10
34	4
38	9
39	9
44	10
47	4
50	1
Market 238
1	11
5	15
8	5
23	15
24	1
25	10
31	12
39	11
40	9
50	4
Market 275
1	11
2	4
13	10
18	4
21	2
26	11
30	4
31	8
34	10
47	14
50	9
Market 47
1	4
2	3
12	1
13	3
15	6
20	6
25	10
33	13
44	1
46	6
50	15
Market 157
5	2
13	4
17	2
20	6
31	12
38	10
47	9
Market 73
4	11
5	2
7	7
11	9
12	15
14	15
15	11
16	13
18	1
23	3
24	1
36	5
38	2
48	5
50	3
Market 41
5	5
16	3
23	11
25	13
33	10
40	8
44	8
Market 280
5	1
8	12
12	11
15	4
17	15
18	9
20	10
31	2
32	3
33	12
38	2
40	1
47	4
49	1
50	3
Market 2
1	4
5	11
8	1
12	6
20	15
31	10
33	11
34	9
44	1
50	8
Market 193
1	12
4	8
8	14
12	7
15	14
17	15
18	8
20	10
22	15
31	11
36	14
43	8
46	6
48	11
Market 10
1	1
5	4
12	7
16	7
18	9
23	14
29	10
32	8
34	4
38	3
44	7
47	6
Market 284
2	13
6	4
14	3
15	6
16	2
17	4
18	15
19	14
24	9
31	15
38	15
Market 237
1	7
4	4
6	2
7	12
15	8
17	3
18	6
19	5
24	6
25	3
28	3
31	13
32	8
33	10
38	7
40	2
43	10
44	2
47	13
48	7
50	2
Market 220
1	12
2	15
4	3
5	13
15	7
22	3
23	3
28	2
29	5
37	11
38	12
39	14
43	6
44	4
Market 258
1	11
10	7
11	10
17	9
22	4
26	10
37	13
44	4
49	1
Market 257
2	11
3	12
9	9
12	9
16	7
17	11
21	11
24	8
25	9
26	2
32	15
34	15
40	11
41	6
42	10
47	4
48	14
50	1
Market 225
1	14
12	4
14	2
16	10
18	3
20	12
22	15
29	8
34	2
36	12
37	6
38	9
40	12
42	1
44	1
49	1
50	13
Market 142
2	8
11	14
17	8
18	14
28	8
33	15
38	10
43	8
46	15
48	12
Market 11
1	1
2	3
3	8
13	12
15	12
16	3
18	1
28	14
31	5
34	12
36	7
39	8
41	8
45	8
50	3
Market 116
1	4
4	7
5	4
8	6
12	3
16	10
17	11
18	11
20	6
32	8
36	13
39	4
40	9
43	14
44	2
47	12
50	15
Market 105
8	12
10	11
12	9
16	3
25	9
28	12
34	14
44	6
48	12
50	5
Market 88
4	12
7	4
8	9
11	1
15	4
18	4
20	6
22	4
23	13
25	4
30	3
33	5
43	6
44	10
48	10
Market 297
7	1
8	7
16	10
17	2
19	14
25	12
29	7
32	9
38	5
43	3
45	12
47	15
50	15
Market 54
2	4
10	6
15	12
20	5
23	10
24	12
28	3
32	5
36	13
41	12
42	6
44	10
45	6
48	13
50	2
Market 200
5	13
7	4
12	13
15	15
16	6
18	5
19	7
24	14
38	6
39	5
42	15
Market 18
1	8
2	13
4	11
7	14
9	2
10	4
15	8
16	10
17	7
22	11
26	14
27	15
32	1
34	13
39	14
44	10
46	10
Market 70
3	11
6	7
8	2
12	3
14	5
20	8
23	3
24	2
26	7
33	13
38	7
39	5
41	3
45	14
Market 96
1	3
2	4
4	12
9	2
17	13
18	6
19	7
26	5
28	6
32	6
34	10
36	10
38	2
39	6
50	8
Market 293
2	8
4	8
5	3
6	5
10	8
14	3
15	12
16	15
17	6
19	11
23	4
24	2
29	1
32	13
36	9
38	15
39	10
41	7
45	5
48	3
50	6
Market 167
12	15
13	15
17	14
20	3
23	8
25	15
28	1
31	10
33	1
36	8
38	9
40	13
43	4
44	11
46	7
Market 190
7	6
12	12
17	15
19	14
20	15
24	2
25	9
32	4
39	1
44	4
47	15
50	14
Market 62
2	4
4	1
6	6
11	13
14	3
15	8
16	5
17	10
18	11
21	11
23	7
28	6
32	2
34	13
36	13
48	5
Market 288
3	15
5	7
6	11
14	15
17	15
19	4
24	4
29	11
39	2
41	14
44	9
45	7
47	10
Market 251
3	12
4	13
5	13
12	10
16	8
18	15
20	4
31	2
32	13
34	8
39	11
50	10
Market 261
1	8
2	1
5	7
6	1
9	7
12	8
16	13
17	5
18	5
19	2
21	15
23	14
24	7
26	3
29	1
32	13
34	11
38	15
41	7
44	9
47	15
Market 268
1	13
4	7
7	12
11	2
15	12
20	10
24	4
28	10
32	11
36	10
44	14
48	5
Market 72
1	11
2	7
4	7
8	9
10	12
17	10
21	3
22	4
23	1
24	4
25	10
28	8
34	15
36	7
39	9
41	10
43	5
44	13
47	12
48	13
Market 111
1	2
3	11
5	3
8	1
10	1
15	6
20	15
29	12
31	3
32	2
34	13
37	4
39	8
43	6
45	4
46	14
47	6
49	14
50	15
Market 75
2	10
8	13
18	9
23	11
31	3
39	2
40	7
45	8
Market 286
9	4
12	12
15	5
16	8
21	15
26	3
38	3
41	13
44	7
47	14
48	15
50	7
Market 8
2	3
3	15
5	9
6	14
9	14
12	13
14	9
16	8
17	13
18	13
21	11
23	6
24	14
26	2
29	3
32	4
38	3
39	9
41	8
47	8
48	14
50	3
Market 134
1	12
2	14
3	13
6	5
9	15
15	6
23	9
24	9
25	7
29	7
32	9
34	11
38	5
44	1
47	7
48	12
50	4
Market 267
3	9
10	8
14	12
22	3
24	3
29	9
32	4
36	1
40	13
47	12
50	3
Market 90
4	10
6	1
15	5
17	4
18	2
20	12
22	13
28	8
38	12
50	7
Market 181
10	11
15	8
16	2
17	13
18	8
20	3
21	13
22	4
24	13
26	4
34	9
45	15
47	7
48	13
50	2
Market 20
1	1
2	13
4	8
5	7
8	10
15	5
16	3
18	11
20	8
23	9
24	15
32	1
36	8
38	2
40	6
45	1
48	15
Market 51
2	6
5	1
6	9
8	12
11	2
12	1
14	8
18	4
19	6
20	10
22	12
23	3
24	1
29	2
38	7
40	13
44	8
45	11
46	4
50	15
Market 273
4	13
5	2
7	11
10	3
11	4
15	4
16	14
17	1
19	1
23	8
24	8
27	8
28	2
34	1
41	13
43	9
44	10
45	5
Market 101
10	12
11	1
13	12
18	3
22	5
23	9
Market 9
4	9
7	3
15	1
17	14
20	11
22	2
23	15
26	8
28	15
29	5
36	13
43	3
44	11
45	4
50	12
Market 89
1	15
3	12
5	5
7	15
15	13
16	6
17	4
23	9
24	8
25	8
29	9
32	12
34	1
38	13
41	8
44	6
45	1
Market 207
5	11
16	4
23	6
25	10
34	3
38	7
41	6
50	14
Market 15
1	8
4	3
5	6
7	1
12	13
15	15
18	13
19	10
20	11
23	9
24	14
25	6
32	5
36	3
38	8
39	2
40	5
45	6
46	1
48	12
Market 43
2	10
4	11
7	4
11	1
15	13
17	9
22	9
24	10
25	6
32	4
33	3
36	10
38	5
39	1
40	13
43	8
44	10
46	8
48	3
50	12
Market 49
1	8
2	12
8	14
10	5
12	11
15	5
16	9
18	3
21	11
23	13
25	5
28	9
37	14
38	1
48	1
Market 177
1	11
3	13
6	14
8	4
10	15
15	9
18	4
19	9
23	7
24	13
25	2
26	6
29	4
32	1
39	5
40	10
50	15
Market 222
1	14
3	7
4	14
8	1
15	8
16	12
18	4
19	7
21	14
22	13
25	14
42	7
44	6
48	3
Market 23
4	8
6	10
16	3
19	8
20	15
22	5
24	13
26	3
32	5
36	4
39	2
41	9
43	15
44	12
45	9
Market 198
2	7
5	5
7	11
8	8
11	2
17	9
22	1
23	7
24	4
25	15
36	3
39	13
40	3
43	12
44	9
48	8
50	4
Market 175
1	13
4	15
10	15
12	13
15	13
16	5
19	3
21	4
22	5
23	12
24	1
29	9
32	1
33	5
34	2
36	13
39	13
43	6
45	10
46	2
47	12
48	6
50	7
Market 136
5	12
15	13
17	7
23	6
25	6
28	10
32	7
33	9
38	10
40	10
44	8
45	9
Market 74
2	6
5	2
7	1
11	3
12	14
15	5
16	9
17	3
18	9
19	11
20	4
22	4
23	14
28	15
29	5
32	1
36	3
38	5
42	3
45	1
49	5
Market 180
1	13
2	3
12	13
15	12
22	1
23	7
28	11
31	7
37	8
38	8
43	5
44	8
49	4
50	4
Market 37
5	12
7	15
8	11
15	5
20	1
22	1
25	6
28	10
33	9
39	15
40	13
45	6
48	12
Market 203
2	11
4	6
6	8
12	14
20	2
22	12
28	7
32	12
36	15
39	4
40	15
43	7
44	7
Market 113
1	11
7	13
12	10
20	9
36	11
39	7
44	4
Market 204
1	8
3	8
14	7
20	3
24	13
25	6
34	12
40	9
46	6
Market 294
1	14
8	11
12	8
15	4
18	6
21	13
26	12
38	4
Market 140
12	6
20	5
21	15
23	4
24	8
30	5
38	13
41	1
42	10
50	6
Market 148
4	12
10	7
12	11
18	10
20	9
21	6
26	12
31	4
44	5
46	12
47	8
48	11
50	3
Market 155
2	13
4	2
6	7
12	2
15	10
16	5
19	4
22	5
39	8
43	9
45	14
48	10
Market 250
1	4
2	1
3	5
5	4
6	2
12	1
15	4
16	8
18	10
21	13
26	4
29	3
39	12
41	14
44	3
45	7
47	8
Market 279
1	3
3	10
7	8
20	13
22	11
23	15
26	3
28	9
34	1
48	13
Market 229
4	5
7	2
22	4
23	13
40	11
47	13
Market 274
2	13
8	2
10	5
12	2
22	5
33	6
36	11
38	1
46	1
Market 202
2	2
3	12
4	3
12	7
16	12
17	15
18	1
21	8
22	12
24	10
26	3
28	15
31	13
32	14
33	14
38	2
44	9
47	14
50	9
Market 135
6	5
10	13
13	6
14	11
15	12
17	10
18	13
20	8
24	7
25	13
27	7
28	10
33	3
34	9
36	9
38	10
41	1
42	13
44	9
48	2
Market 211
3	1
6	13
14	13
16	7
17	15
23	10
24	10
32	2
38	1
41	7
44	14
45	6
50	2
Market 291
1	7
4	9
5	13
6	14
14	6
15	15
16	12
17	14
18	8
20	8
22	13
24	5
25	10
32	14
37	8
41	12
44	15
46	11
48	14
50	8
Market 5
3	15
7	12
10	15
18	2
19	6
21	14
22	14
23	6
26	5
34	2
36	3
39	15
41	14
45	5
50	13
Market 24
1	4
4	13
5	15
7	14
8	13
11	8
17	7
23	14
24	9
25	4
33	4
36	10
45	5
50	9
Market 169
2	3
4	5
5	7
11	12
18	5
22	5
24	6
25	9
32	5
36	10
38	11
39	13
40	7
43	12
44	6
46	3
50	15
Market 199
2	8
5	1
8	5
14	5
15	9
16	7
18	12
20	12
22	8
23	1
25	13
28	10
31	15
32	4
34	5
40	9
43	13
44	1
47	15
Market 216
1	15
6	11
9	3
14	8
18	4
20	6
21	5
23	12
24	13
25	6
31	14
38	1
39	1
41	4
43	9
45	4
50	11
Market 170
5	1
7	4
11	7
12	7
16	3
28	4
33	8
37	14
38	10
43	12
48	4
Market 174
1	3
2	5
5	1
7	15
10	1
13	12
15	9
16	3
18	7
20	7
24	2
26	2
38	2
39	5
41	11
43	4
44	11
Market 290
2	1
15	5
16	1
19	4
22	15
28	4
33	15
36	6
39	2
44	11
45	5
46	5
Market 241
1	13
4	6
5	7
7	5
11	8
20	9
21	9
22	10
28	2
33	8
34	12
36	15
38	10
41	14
42	4
46	3
48	8
Market 42
2	15
3	6
6	3
7	9
12	9
19	2
20	12
21	9
24	3
33	9
40	9
44	9
Market 195
18	15
20	6
22	3
25	4
28	1
33	6
36	8
46	4
50	14
Market 57
1	11
4	9
12	6
18	15
19	14
23	11
24	1
25	5
32	7
33	7
45	1
50	12
Market 14
1	6
2	4
5	3
11	5
12	2
16	11
17	10
26	2
32	11
34	8
36	2
38	5
39	10
41	14
43	7
45	14
47	4
48	4
50	6
Market 187
2	2
7	8
8	8
12	3
17	8
18	3
20	11
32	8
33	10
40	8
46	8
50	6
Market 254
4	8
5	13
12	8
18	5
19	6
23	12
29	15
32	4
38	3
49	9
Market 252
1	3
5	14
8	8
16	9
17	10
29	1
34	11
38	14
44	13
47	10
Market 67
4	6
5	13
10	10
15	14
17	12
20	8
21	15
22	12
26	9
28	14
31	11
34	6
42	3
47	5
50	7
Market 233
2	1
5	13
9	7
12	13
14	4
16	14
21	11
23	8
26	5
32	7
Market 212
2	1
7	14
8	6
11	4
12	3
15	2
19	2
20	7
22	9
24	4
33	4
36	9
39	13
40	1
45	9
46	11
Market 39
5	11
12	13
22	6
27	12
28	6
29	7
36	1
41	8
48	3
50	14
Market 231
2	5
6	4
7	2
11	5
12	13
15	9
19	12
20	1
22	10
39	2
43	11
48	9
Market 235
1	6
2	9
4	11
5	3
7	14
15	3
20	11
23	10
28	13
32	8
33	10
34	8
37	15
38	8
39	14
40	12
41	15
43	5
44	13
47	13
48	2
Market 269
3	6
5	4
9	9
12	9
16	6
21	3
25	11
28	3
29	14
33	10
36	2
38	13
41	1
42	3
47	2
50	2
Market 192
2	12
4	12
12	15
20	6
29	4
37	6
38	5
40	15
44	10
46	15
50	13
Market 64
5	8
13	5
15	15
18	2
23	11
25	8
34	3
40	12
47	2
50	5
Market 36
3	7
4	6
5	8
12	7
21	4
22	4
23	4
32	8
34	2
41	14
43	7
50	3
Market 272
1	15
10	3
13	1
15	7
18	8
20	6
21	13
25	15
31	3
40	12
43	12
44	11
46	9
48	4
50	1
Market 80
2	13
4	13
5	2
15	11
22	5
23	15
24	11
28	6
29	12
43	8
44	11
45	15
Market 52
7	3
18	7
23	5
29	7
33	5
Market 112
1	3
3	4
12	10
15	9
18	2
21	3
23	2
26	7
34	4
47	9
50	5
Market 143
1	15
2	10
4	12
6	15
11	8
14	7
22	13
24	12
28	14
34	5
36	3
38	2
41	14
48	6
50	4
Market 60
5	2
8	4
22	15
23	2
25	5
32	14
33	5
36	5
38	4
40	7
45	10
Market 164
5	6
7	1
8	4
12	5
16	9
17	15
20	1
23	5
32	3
33	1
37	13
40	6
44	2
Market 287
1	3
6	14
11	11
12	11
14	9
17	6
18	7
22	3
23	14
24	8
28	1
32	12
38	7
42	14
44	8
50	4
Market 107
1	2
12	6
14	3
15	13
17	15
18	7
20	13
23	14
29	12
31	5
32	14
46	4
Market 6
2	9
6	15
8	6
11	13
17	5
19	8
22	9
39	2
42	12
45	1
48	5
Market 247
1	13
2	4
6	11
10	10
12	5
16	12
17	10
18	1
23	12
26	12
29	10
31	15
38	6
41	3
47	9
50	9
Market 289
1	2
2	3
5	7
8	13
10	11
13	9
15	6
16	11
18	4
20	14
29	11
34	12
38	9
41	11
47	3
Market 260
2	8
6	13
12	8
14	6
16	8
19	10
24	9
32	3
44	6
46	12
Market 245
2	10
4	8
7	15
10	12
15	7
18	5
22	8
24	6
28	1
31	10
32	11
36	2
39	3
42	2
48	1
50	8
Market 149
1	11
2	15
5	10
9	13
10	12
12	1
15	13
18	12
20	8
21	6
23	3
24	5
26	15
32	1
39	14
41	2
44	6
45	9
47	5
Market 240
1	12
11	10
15	3
16	14
20	9
23	9
25	13
33	12
38	1
43	4
46	12
Market 120
1	11
2	14
5	6
8	8
9	6
13	4
15	14
18	2
23	7
26	11
31	2
33	7
34	11
38	13
40	5
41	7
44	12
Market 58
2	12
4	9
11	4
14	7
15	9
18	15
20	5
24	10
25	12
32	10
48	5
50	13
Market 98
2	8
3	4
5	14
6	15
9	4
14	3
20	1
21	6
23	1
26	9
32	15
34	1
40	7
44	1
50	12
Market 46
2	2
4	13
7	11
12	2
17	15
29	13
32	12
38	5
39	13
44	15
45	10
49	2
Market 209
1	8
2	8
5	12
7	12
17	15
19	12
24	13
32	14
37	2
38	3
39	9
43	2
45	2
50	9
Market 214
2	13
4	4
6	15
12	7
14	7
15	13
17	10
22	11
24	2
32	15
36	12
39	12
43	7
44	11
46	8
50	8
Market 108
15	12
20	4
24	9
44	5
45	3
46	5
50	7
Market 27
2	12
3	7
10	6
14	10
20	4
25	3
33	2
34	2
38	11
40	5
47	14
Market 256
2	11
3	14
10	4
15	3
21	6
23	10
29	14
34	10
38	10
39	11
41	9
45	6
Market 151
5	13
16	1
19	15
21	13
24	14
26	10
38	14
39	10
41	12
44	8
45	2
50	14
Market 189
6	5
7	9
11	7
19	5
20	15
39	11
44	10
50	7
Market 172
2	4
4	4
5	6
7	12
12	3
13	4
15	1
18	6
22	2
23	1
24	12
28	11
31	12
36	5
38	12
42	4
44	6
45	7
47	3
50	4
Market 234
5	11
8	14
15	11
17	14
22	11
23	6
25	12
40	3
42	9
48	15
Market 224
1	8
2	10
4	15
6	6
8	6
9	13
15	15
16	7
17	12
18	12
21	5
24	13
28	10
29	5
32	3
34	9
47	3
48	13
Market 296
1	4
2	10
7	1
12	4
15	13
17	4
22	2
25	6
47	13
48	1
Market 109
3	15
15	3
21	9
22	14
23	13
32	8
38	10
39	13
40	7
43	5
44	11
45	13
50	4
Market 114
2	9
4	4
5	6
7	13
8	8
17	13
18	5
22	10
24	6
28	5
29	14
33	1
38	12
39	4
40	12
44	12
45	9
46	10
48	14
Market 61
3	8
9	4
15	4
16	11
20	9
26	2
28	3
33	9
34	2
41	10
43	9
44	10
47	2
Market 117
2	5
8	14
17	7
21	6
33	5
34	3
46	8
47	12
49	3
Market 137
1	8
5	10
16	4
17	12
20	15
23	14
25	6
28	14
31	5
36	2
38	7
40	2
44	4
48	12
Market 228
1	1
3	2
15	7
21	10
23	3
24	13
32	2
34	6
41	3
47	2
50	8
Market 159
1	13
2	13
5	15
10	11
15	10
16	15
17	4
18	1
25	7
29	6
33	4
44	2
46	12
50	14
Market 17
2	7
4	2
8	1
16	9
18	13
20	5
23	11
25	7
32	7
33	13
50	12
Market 132
1	7
2	2
4	13
10	10
16	7
17	9
19	7
23	3
24	1
29	7
39	2
41	14
45	13
47	7
Market 145
2	2
3	11
5	10
8	1
11	2
15	2
16	12
20	9
21	8
23	7
26	15
28	4
29	6
36	4
38	15
40	14
41	8
44	12
48	2
Market 205
1	3
3	3
4	15
5	11
12	5
15	4
17	9
23	11
24	4
28	15
32	9
38	1
41	11
43	2
44	1
48	10
50	6
Market 129
2	6
3	14
13	4
15	6
16	15
17	14
18	4
22	4
24	7
26	6
32	6
38	5
40	3
44	8
48	2
50	13
Market 243
4	3
5	15
7	12
12	3
17	4
18	7
22	10
24	7
25	15
28	3
33	7
38	11
39	7
40	3
44	10
45	13
48	7
Market 45
4	15
6	7
12	14
14	6
15	6
20	14
28	15
33	3
36	7
40	2
44	14
48	14
50	8
Market 103
4	7
8	5
20	5
25	13
31	10
38	4
50	1
Market 77
1	2
2	6
4	11
6	13
8	12
12	6
16	14
20	8
22	6
27	3
28	14
29	10
32	6
33	9
34	12
38	15
40	14
Market 128
1	11
4	14
6	4
7	13
12	6
24	8
29	3
32	2
37	5
38	6
39	3
43	10
45	4
49	9
Market 276
3	9
9	4
11	14
15	2
17	5
19	2
20	11
24	3
26	6
33	1
38	1
43	2
44	8
46	7
50	4
Market 171
1	13
2	10
4	12
5	13
9	8
14	15
23	11
25	13
29	12
34	12
47	3
Market 7
1	14
3	2
4	7
8	12
15	14
16	4
18	4
20	9
26	7
29	7
33	8
40	15
41	7
44	14
46	14
47	7
48	5
50	14
Market 299
3	4
8	6
12	4
17	5
19	1
21	6
23	6
39	2
41	9
44	13
47	13
49	14
50	11
Market 16
1	2
2	5
3	11
8	6
10	2
12	12
16	3
18	2
21	9
22	7
25	13
26	11
29	8
32	5
34	2
38	13
40	11
41	3
44	7
46	10
47	8
50	11
Market 97
3	11
5	9
7	6
9	14
15	11
33	3
Market 292
1	10
2	11
5	1
12	1
15	11
21	12
23	3
24	15
26	8
28	15
34	9
44	15
47	13
50	11
Market 69
1	15
2	6
12	8
18	7
20	5
23	10
25	2
38	12
40	11
44	6
50	9
Market 63
4	15
5	10
14	2
18	4
22	9
24	1
32	2
48	10
50	15
Market 227
1	7
2	15
3	15
5	11
6	11
12	7
13	3
14	10
21	1
28	12
29	5
31	14
32	2
33	11
34	10
38	15
39	14
41	7
43	12
44	1
45	11
47	15
Market 48
2	8
5	14
7	10
22	8
23	11
24	13
32	8
35	8
36	5
39	6
42	7
43	2
44	5
45	7
48	10
50	15
Market 282
3	4
12	11
17	4
18	6
19	7
32	1
37	7
43	13
48	9
50	14
Market 226
1	7
5	3
17	6
28	11
37	10
39	7
49	12
Market 166
2	11
3	13
10	11
12	10
16	2
18	13
29	6
30	8
33	12
38	12
39	4
41	9
44	9
50	10
Market 253
1	4
2	15
7	5
11	9
12	12
13	10
16	5
18	2
20	15
22	2
23	6
24	9
28	9
32	4
36	15
37	10
38	3
42	6
48	11
50	11
Market 131
1	13
2	2
4	11
8	15
11	15
12	10
15	9
17	10
22	5
24	10
29	1
40	15
42	9
43	15
46	12
48	2
50	7
Market 271
2	4
5	15
7	11
12	13
16	1
18	13
21	2
36	15
38	1
41	5
45	12
47	6
Market 12
3	7
12	12
18	14
29	14
37	13
38	15
43	3
50	10
Market 182
1	10
2	11
7	14
8	4
12	13
15	14
17	11
20	1
24	5
29	3
32	15
33	15
38	7
44	7
47	13
Market 87
2	4
3	3
6	8
14	8
18	15
19	5
24	14
26	15
45	5
47	7
Market 160
1	12
3	9
14	12
18	6
23	15
24	11
26	9
28	14
36	6
38	7
44	15
Market 28
1	5
4	10
11	14
15	6
18	1
22	15
23	13
25	13
28	14
36	3
38	10
42	6
44	12
48	4
50	8
Market 266
2	10
3	6
9	12
12	9
20	4
26	9
29	4
34	8
44	1
Market 121
1	4
3	13
5	2
6	12
10	3
15	5
16	2
22	7
26	14
29	5
32	10
38	13
45	14
47	11
Market 277
18	3
22	6
24	12
29	6
36	9
37	11
38	4
46	12
Market 40
2	13
3	2
5	10
7	13
12	10
16	8
19	5
21	12
22	2
24	6
26	10
28	11
38	9
43	11
44	8
45	7
Market 278
4	5
6	9
7	3
10	11
11	15
21	11
22	9
24	15
25	10
32	6
34	1
41	6
43	7
Market 126
2	13
5	8
12	1
15	4
16	10
20	7
23	5
36	11
38	8
40	11
43	3
48	2
50	15
Market 106
3	12
6	14
12	1
13	11
14	7
15	1
16	7
29	1
31	13
34	7
38	9
41	2
44	15
50	4
Market 82
4	14
5	6
11	11
16	15
17	10
20	12
21	9
22	10
28	11
36	8
38	1
42	14
44	4
Market 221
1	14
2	1
8	12
15	2
16	12
17	10
18	7
20	13
23	15
24	2
25	13
29	7
33	10
36	11
38	13
39	14
40	6
43	13
44	12
46	2
49	11
50	2
Market 3
10	4
16	10
24	9
27	4
31	3
35	13
39	10
42	9
45	15
48	8
50	5
Market 56
8	12
11	12
15	3
17	11
18	14
20	6
22	15
24	1
29	15
33	11
40	5
43	1
44	7
49	15
50	15
Market 162
5	6
15	11
16	5
21	6
23	15
25	2
29	15
31	13
38	1
41	12
44	5
47	4
Market 244
1	13
3	11
5	1
7	11
8	11
12	1
13	4
15	6
16	1
17	1
24	4
25	9
31	5
33	9
34	9
38	4
40	10
44	10
46	1
Market 153
2	1
4	6
5	2
15	5
16	8
17	7
18	2
20	3
26	3
29	12
47	6
48	3
Market 115
1	13
2	5
3	15
9	14
10	1
15	15
16	9
18	12
21	11
24	5
25	13
38	12
46	11
48	7
Market 201
2	8
8	11
13	11
14	5
15	11
17	11
18	5
23	11
24	12
29	3
32	14
37	12
38	12
40	12
44	4
50	9
Market 197
3	10
11	15
12	14
15	3
19	4
21	9
23	11
28	2
29	6
37	15
43	10
44	13
47	3
49	3
Market 50
1	9
2	6
3	12
6	12
15	7
16	14
18	9
19	2
23	11
24	11
30	15
32	8
38	11
41	10
44	10
45	8
47	13
50	3
Depot
