CapEuclideo.300.200.7.2
Total Cost:94519
|M*|: 299
Depot
Market 226
15	2
17	15
26	14
28	2
29	8
31	11
33	6
41	1
43	5
47	15
51	14
62	7
79	8
81	2
82	9
84	5
105	2
111	9
121	10
135	15
136	9
139	12
140	1
141	1
143	4
155	13
160	10
174	11
178	9
Market 29
6	6
8	14
11	2
16	9
19	10
23	13
25	1
26	11
38	10
40	6
54	4
66	5
78	11
83	9
84	3
107	1
114	13
122	5
125	11
135	13
147	13
168	8
177	15
178	14
180	13
Market 27
6	9
15	2
19	12
31	1
41	2
55	12
57	14
62	2
82	11
90	11
99	2
103	8
107	13
111	7
113	10
145	12
148	10
160	10
176	11
182	14
193	6
Market 95
4	1
6	13
15	13
16	9
17	2
31	12
38	10
43	7
54	10
65	10
73	6
76	14
81	5
91	10
98	14
110	12
123	5
129	7
136	10
140	5
148	10
151	7
158	7
174	14
183	3
192	3
197	6
199	7
Market 208
15	2
33	5
59	4
61	7
75	2
80	1
83	12
94	10
105	8
108	3
111	6
123	10
124	5
139	6
143	10
144	11
147	2
155	13
156	7
158	6
161	10
166	5
169	6
176	10
178	7
182	8
183	10
189	8
193	14
195	8
199	7
Market 198
6	7
15	14
17	9
25	12
31	2
38	10
41	2
47	5
51	13
58	5
65	1
75	7
76	14
78	12
82	7
83	4
86	3
88	9
97	12
98	10
110	4
113	4
122	3
124	1
126	10
130	12
134	1
135	4
139	3
140	15
141	11
145	9
147	3
150	7
152	2
154	14
160	13
161	13
167	8
170	10
176	15
177	14
179	12
184	13
187	3
189	3
195	9
199	8
Market 216
20	13
41	3
57	1
60	5
61	15
75	2
98	13
122	6
126	4
133	8
134	5
135	15
144	15
147	6
158	3
161	2
177	7
182	10
189	4
197	3
199	3
Market 203
20	7
55	3
60	7
94	1
107	4
113	2
122	2
124	12
134	12
135	15
148	9
154	15
158	2
163	11
174	10
177	4
178	2
182	13
185	9
186	5
187	8
195	4
197	10
Market 112
60	4
63	8
71	10
73	13
75	5
79	6
87	10
104	14
113	9
121	9
122	4
123	15
130	2
134	9
149	14
152	3
156	13
159	6
169	14
178	7
185	7
191	5
194	5
195	10
197	10
199	5
200	12
Market 254
4	4
6	13
31	12
38	15
41	1
51	5
54	4
62	4
63	4
83	8
105	5
113	3
114	2
119	3
124	10
128	1
147	13
151	14
161	7
168	15
174	8
180	6
185	9
188	9
191	8
197	5
Market 264
15	15
20	8
31	9
33	10
55	14
71	5
74	11
78	9
81	2
83	6
88	3
92	6
98	1
123	5
133	5
135	14
138	13
141	8
147	8
150	10
151	4
170	11
175	12
193	6
195	12
200	2
Market 20
17	15
31	13
33	4
58	4
74	11
76	14
83	11
84	6
88	10
89	7
98	11
107	9
113	11
119	13
141	10
146	7
151	13
155	3
167	14
174	7
186	15
193	8
Market 165
6	1
9	8
11	13
13	8
14	3
16	9
37	10
39	1
47	6
53	1
62	10
80	9
81	14
86	2
91	14
92	4
99	3
101	8
102	5
113	10
120	7
122	13
130	8
144	13
154	12
166	2
168	5
175	1
179	5
184	2
186	3
190	11
191	15
192	1
195	14
199	10
Market 168
4	12
41	2
61	12
68	9
80	8
81	13
82	11
91	13
98	8
101	7
103	1
105	6
107	8
124	9
127	13
128	3
134	4
135	11
155	1
161	10
171	4
177	3
186	2
188	10
189	11
193	3
197	8
Market 296
33	13
62	11
63	11
84	11
88	15
99	12
100	3
113	12
119	9
122	3
124	12
157	11
158	12
161	9
175	1
176	8
177	2
178	9
183	7
189	5
190	12
199	11
Market 57
4	14
5	2
15	8
25	7
26	12
29	14
31	3
35	7
38	3
47	11
60	1
62	14
74	1
82	1
87	12
90	13
99	15
105	10
107	8
118	8
123	2
136	11
138	2
156	6
158	7
168	5
175	15
178	14
186	13
194	15
200	14
Market 225
4	12
13	1
15	12
34	15
36	2
39	15
45	6
56	15
62	11
133	4
148	11
151	6
177	7
193	9
200	2
Market 146
6	13
14	5
17	11
19	1
20	9
31	9
33	1
37	1
47	10
61	4
71	10
74	14
77	7
92	14
101	7
107	11
114	2
128	2
141	14
143	11
150	2
155	2
158	13
180	8
191	11
195	4
199	12
Market 139
4	11
17	13
28	9
31	2
33	13
37	11
54	1
65	4
71	10
73	5
74	13
99	8
101	11
108	3
110	10
118	9
124	8
127	10
138	4
142	6
143	5
145	15
164	4
182	14
186	4
190	11
199	2
Market 199
6	10
11	2
13	13
14	6
16	9
17	2
20	9
21	5
29	4
31	3
38	3
40	3
44	2
51	14
54	5
70	14
73	9
75	12
81	4
83	4
84	2
89	13
98	7
99	6
112	6
116	4
119	10
127	11
128	6
130	4
138	13
140	1
152	8
172	11
184	3
190	4
191	2
194	6
196	8
200	14
Market 91
20	1
41	9
49	8
55	2
60	9
71	9
73	3
76	10
79	9
81	8
82	3
88	4
113	11
127	6
128	1
134	14
135	1
144	9
156	14
158	5
160	1
165	10
170	2
178	8
185	8
186	13
190	11
191	11
195	10
Market 210
4	8
15	6
16	2
25	15
33	15
37	3
41	14
49	12
51	12
68	1
70	13
73	6
84	8
85	3
86	3
92	11
93	15
101	12
105	3
107	12
110	1
125	5
126	14
128	3
144	15
155	12
158	3
159	1
161	4
168	8
170	9
177	6
178	14
182	8
183	8
188	11
193	12
194	15
Market 265
2	3
4	1
13	3
14	11
16	7
24	3
26	6
29	8
31	15
33	11
35	7
37	12
38	8
41	11
48	15
51	6
55	13
71	4
72	4
89	10
104	12
107	1
127	10
136	5
140	10
143	8
144	7
145	11
182	9
187	3
191	12
196	5
Market 54
28	7
49	4
62	15
81	14
83	6
99	2
105	6
111	5
127	11
135	6
158	6
162	11
169	2
177	13
178	14
190	8
Market 32
20	8
41	6
62	7
65	2
71	8
72	14
74	10
78	14
98	15
101	7
110	7
121	1
122	4
128	14
130	6
147	11
150	11
167	5
179	3
184	3
186	10
198	9
Market 167
1	14
11	10
12	2
14	1
18	14
19	2
20	13
29	9
33	3
37	2
40	4
44	2
54	2
56	13
57	14
60	10
74	15
84	9
94	12
122	15
130	5
133	12
145	2
151	10
177	6
183	6
188	8
195	7
198	10
199	1
200	3
Market 114
31	14
37	15
75	2
79	11
89	11
91	11
101	9
110	5
129	4
135	13
140	3
147	6
148	13
163	15
171	14
173	7
174	2
178	14
179	9
193	14
Market 68
4	10
20	3
28	1
31	8
41	12
65	7
71	13
79	6
81	13
91	1
110	7
114	4
119	3
122	1
124	10
129	1
136	12
144	13
147	8
150	11
155	13
161	3
171	7
177	14
190	11
197	6
Market 195
6	3
14	7
17	10
19	7
25	7
37	6
43	12
54	13
65	11
81	7
85	4
102	14
105	8
116	6
125	4
127	8
132	1
138	8
141	10
160	7
168	2
186	7
188	5
190	15
191	1
200	5
Market 228
41	10
57	12
71	7
74	13
78	7
83	6
86	4
98	6
110	12
123	9
126	13
134	8
141	13
144	9
174	9
180	7
184	3
193	3
Market 6
2	9
5	12
12	9
25	1
26	6
57	7
59	2
65	14
71	10
82	9
85	13
102	13
107	15
113	8
129	12
131	11
136	5
144	2
148	12
155	10
170	9
172	3
175	12
193	4
194	14
199	7
Market 49
4	15
5	15
13	9
15	15
19	7
33	12
38	7
45	8
49	9
54	4
60	12
62	6
71	10
84	8
86	15
93	1
97	11
98	2
100	6
102	14
105	5
107	2
110	2
119	2
136	5
146	3
160	9
166	1
174	8
178	13
181	11
185	10
188	1
190	4
195	2
Market 230
14	11
25	14
33	1
57	14
73	13
80	4
88	9
110	7
113	10
122	4
135	3
136	7
138	6
157	14
166	1
174	4
177	2
180	15
188	8
200	7
Market 287
6	9
9	7
13	14
14	3
15	12
16	6
17	4
18	6
25	2
26	3
33	2
49	2
51	10
52	8
53	12
70	6
73	2
78	1
83	1
87	4
121	8
124	6
127	4
128	8
130	5
141	15
143	5
150	3
160	4
170	11
179	9
186	15
188	9
190	14
191	5
197	9
200	1
Market 108
57	15
68	5
83	1
92	13
103	3
107	11
110	11
116	2
127	10
132	1
139	10
144	4
147	2
148	2
151	4
155	9
170	15
184	15
187	8
Market 35
14	12
17	11
25	7
33	2
41	3
66	9
75	4
76	14
91	11
106	15
112	13
121	3
122	1
124	1
130	2
132	6
138	4
140	10
144	12
161	14
167	8
168	12
174	11
175	11
176	11
180	11
183	6
191	10
192	12
198	10
Market 156
4	4
28	14
68	9
71	13
72	10
74	9
78	9
86	15
88	14
91	6
98	2
107	14
122	11
127	6
147	9
150	9
170	2
171	7
174	1
177	14
195	8
197	6
200	2
Market 273
6	2
9	9
11	15
15	9
19	1
22	4
24	15
35	11
41	7
43	7
49	7
51	12
52	10
53	1
54	4
55	4
57	10
61	7
71	12
74	8
76	15
85	8
119	9
122	2
125	12
128	9
138	5
140	8
144	7
146	13
150	7
152	7
158	9
161	1
167	4
174	1
176	12
178	8
190	14
195	4
199	8
200	4
Market 300
67	11
71	6
74	5
84	5
88	14
98	6
102	4
119	4
121	9
132	2
135	1
138	10
141	4
146	13
151	6
158	15
168	3
170	13
177	10
183	3
186	8
193	4
200	9
Market 148
33	5
60	8
62	8
75	1
79	8
82	2
83	10
84	9
87	13
123	15
127	15
129	14
130	4
134	13
135	5
137	1
143	3
159	13
165	11
166	10
169	14
176	7
182	7
187	8
190	12
197	1
Market 82
4	8
31	5
41	3
51	2
61	13
62	9
73	4
74	15
75	11
79	14
107	15
123	8
134	2
138	14
144	12
158	1
174	15
179	5
195	5
196	9
197	10
199	1
Market 290
4	9
17	6
19	6
28	10
31	10
37	3
73	10
74	2
84	7
88	4
91	1
99	8
100	11
107	4
109	11
119	7
135	4
138	10
150	14
157	12
160	15
170	15
188	8
191	4
Market 231
1	11
5	15
6	15
8	9
12	11
17	13
19	1
25	6
31	14
42	9
44	15
45	11
55	8
57	13
62	15
78	12
88	9
89	3
114	13
119	15
121	9
127	10
131	13
147	12
180	2
186	3
190	9
192	10
199	11
200	11
Market 294
2	5
4	6
15	7
16	5
19	11
20	5
38	7
41	4
54	2
55	15
71	3
73	8
86	1
88	10
98	11
99	14
102	2
106	15
110	8
119	8
120	4
123	3
126	10
129	2
132	15
135	3
136	1
141	12
151	10
163	6
170	12
175	5
178	9
180	3
184	2
192	7
199	5
Market 220
41	12
59	8
63	3
65	4
73	7
74	10
79	10
81	10
84	1
90	5
91	8
107	12
121	13
127	8
129	11
133	7
138	9
149	5
150	14
157	13
166	2
178	9
182	2
193	5
Market 138
4	8
17	9
28	2
29	6
31	15
41	2
58	13
71	3
72	14
74	1
75	3
81	12
82	14
84	11
86	13
88	7
89	6
94	2
110	13
134	2
139	8
140	13
141	9
144	6
145	10
152	6
158	7
159	2
161	2
174	8
178	5
185	8
187	4
190	1
193	8
199	1
Market 291
47	11
65	10
75	7
81	9
92	14
94	1
120	2
125	3
128	10
129	6
133	14
135	15
161	10
176	12
187	13
188	15
191	1
200	7
Market 177
2	12
6	1
9	3
11	11
14	1
26	7
31	10
33	2
34	14
38	5
41	8
51	4
54	11
66	8
86	13
91	9
92	6
107	7
110	9
118	13
119	2
121	13
123	12
124	7
138	15
142	14
144	4
158	7
164	8
175	8
185	7
195	12
199	7
Market 297
6	7
7	14
13	9
31	3
41	5
46	3
54	4
55	15
78	2
88	1
93	8
98	11
104	5
112	1
114	13
119	15
134	15
135	12
138	2
144	10
145	4
147	11
151	6
158	10
169	2
175	11
186	10
Market 31
6	4
13	6
14	3
15	6
17	2
18	12
19	15
20	7
29	8
44	7
47	14
49	7
51	5
55	3
66	9
71	4
76	13
100	7
102	10
105	15
109	2
110	5
120	11
122	13
124	3
130	8
143	11
150	9
154	9
166	6
177	15
179	10
180	4
185	13
195	4
197	12
200	10
Market 130
33	9
38	1
41	8
43	14
71	2
80	3
81	1
86	2
92	4
94	9
101	5
119	15
121	10
124	15
130	7
138	1
144	3
155	3
157	11
170	15
174	10
178	1
191	6
Market 253
6	7
7	3
11	4
13	4
15	9
17	1
20	2
28	8
29	13
31	1
43	6
47	2
49	6
53	9
54	15
60	14
71	11
75	10
76	12
78	2
83	8
84	5
90	11
98	9
107	7
108	1
110	4
111	10
113	8
116	1
121	8
127	8
128	4
129	9
130	10
135	8
136	15
141	7
143	1
150	12
159	11
177	8
187	15
188	2
190	4
195	2
Market 164
4	2
73	14
74	1
81	15
83	10
120	11
146	8
169	2
170	14
174	10
175	6
178	4
183	2
189	11
193	5
200	3
Market 65
2	1
4	5
5	9
6	10
15	5
17	12
19	10
28	6
31	5
37	9
41	10
42	4
43	6
45	3
48	15
51	7
54	10
57	5
59	10
66	15
72	8
74	13
75	10
76	3
85	6
94	3
106	5
107	15
110	13
114	3
119	15
121	9
122	1
127	3
128	7
132	7
133	1
140	6
146	4
150	8
155	7
157	8
158	13
160	14
169	9
174	12
177	15
178	6
182	9
183	6
184	8
186	1
192	3
193	6
199	1
200	1
Market 162
1	15
4	3
5	4
6	2
11	10
12	6
15	8
17	9
23	6
35	1
40	3
42	3
43	12
57	10
58	7
60	9
65	9
71	2
74	14
76	7
80	5
84	7
86	13
88	3
94	15
113	6
114	1
122	13
126	5
133	14
140	6
144	4
147	2
171	14
178	1
195	6
200	12
Market 113
2	11
6	7
10	1
16	10
23	5
31	11
37	2
48	11
55	11
60	6
65	1
81	5
88	13
119	7
122	12
127	11
138	13
144	5
160	15
170	1
177	6
178	6
183	4
191	8
Market 123
2	10
25	4
41	3
43	6
62	12
66	6
73	11
79	10
81	8
84	11
110	9
119	15
127	13
128	14
130	9
135	5
136	13
151	12
163	7
166	5
168	3
171	5
178	12
183	15
184	3
193	15
196	9
197	6
199	4
Market 129
2	5
8	8
12	9
20	10
25	14
26	8
28	6
33	12
47	7
63	6
66	15
76	12
80	2
82	15
86	14
92	7
99	6
102	7
105	11
107	6
110	9
119	7
122	5
130	4
136	14
141	12
143	5
145	9
148	6
157	4
172	8
175	12
179	11
183	8
Market 201
13	9
17	8
23	13
25	11
31	12
37	5
38	8
43	13
47	13
51	11
52	9
54	4
57	4
60	2
78	4
84	7
88	14
89	12
99	3
100	10
101	9
102	14
109	14
119	4
128	14
135	13
137	9
144	8
150	15
154	10
155	7
166	10
179	2
180	7
184	2
200	5
Market 288
25	1
57	9
73	1
84	1
91	7
97	12
98	13
110	5
113	3
118	5
128	10
132	15
138	2
144	6
145	12
147	13
150	15
151	11
155	6
157	9
165	10
168	6
170	10
175	12
179	3
189	15
195	2
200	3
Market 189
9	4
11	5
25	10
33	13
37	7
38	13
39	4
41	15
47	10
49	11
51	1
56	8
68	6
78	10
81	6
84	1
86	1
92	1
107	1
110	1
120	4
133	10
135	13
138	7
141	2
144	11
161	5
180	4
186	14
199	8
Market 137
8	9
12	9
16	6
17	10
20	1
25	14
29	14
37	6
43	11
45	8
47	2
55	15
57	1
60	6
62	12
65	8
73	4
81	5
85	10
86	3
88	10
92	11
101	5
110	2
113	10
125	6
133	8
140	14
144	5
146	12
151	3
154	2
160	5
170	13
180	1
188	10
Market 275
16	4
25	3
28	9
41	7
55	14
68	4
71	7
75	12
79	5
81	14
84	11
91	12
93	8
95	4
104	10
105	14
108	1
110	12
121	6
127	10
129	6
130	3
134	3
140	10
144	2
145	14
153	1
156	10
157	6
158	11
165	4
166	12
168	11
174	3
176	2
179	10
185	14
186	15
188	6
190	2
191	10
199	2
Market 272
60	9
65	3
74	9
75	4
79	2
80	14
81	6
83	6
84	14
91	14
105	6
108	6
119	10
137	7
138	8
144	1
166	6
169	1
174	8
183	5
188	6
195	2
200	6
Market 10
16	10
17	10
19	1
20	10
25	14
26	8
28	14
53	3
55	13
57	13
60	7
64	14
70	7
72	12
75	12
78	5
81	13
83	5
84	4
89	1
94	3
104	13
105	10
107	13
112	2
123	13
127	10
135	5
138	6
141	9
143	6
144	6
145	2
148	15
157	10
162	6
166	4
170	12
178	9
184	6
186	9
191	15
194	7
197	3
200	6
Market 52
4	2
41	1
55	14
57	6
60	15
63	7
73	12
74	14
80	4
84	9
88	13
95	11
101	15
105	9
110	6
112	13
124	5
134	5
143	8
145	10
152	9
160	11
176	10
179	3
182	1
186	6
194	7
195	8
197	14
199	1
Market 207
2	7
5	12
8	5
12	10
14	12
31	6
33	5
38	1
40	4
42	4
43	5
51	14
53	15
65	15
73	7
74	5
78	13
80	6
85	5
89	12
94	1
101	3
102	11
107	1
125	2
128	2
130	14
131	9
135	8
138	3
140	7
141	9
148	13
150	15
161	8
169	4
170	3
177	9
178	7
180	2
187	11
196	11
200	11
Market 141
1	7
2	14
4	13
10	11
14	2
15	15
16	3
20	5
21	15
28	4
39	7
41	9
42	8
47	5
48	4
52	10
54	13
57	9
73	10
74	2
75	8
79	4
81	9
82	15
90	8
104	10
123	15
126	1
129	12
132	4
138	10
144	7
145	1
148	5
152	12
160	12
174	11
176	11
180	11
182	12
194	4
195	9
200	13
Market 50
4	1
15	9
25	15
74	12
75	14
92	6
114	14
123	14
128	2
141	14
145	14
147	2
174	12
177	4
186	15
187	7
Market 64
4	7
20	12
47	3
62	5
73	4
79	14
80	1
84	14
91	4
101	2
105	11
112	3
121	14
123	5
129	14
130	14
134	14
143	10
148	15
150	3
152	13
159	7
169	2
178	3
179	2
182	5
185	12
188	12
199	5
200	5
Market 262
14	14
15	5
20	13
25	14
37	3
43	7
47	9
53	2
60	2
62	13
84	14
86	6
99	13
101	6
103	4
104	9
119	9
124	12
130	5
135	7
136	7
144	6
150	1
151	8
156	10
168	9
175	4
180	2
185	6
191	9
194	12
195	5
197	10
Market 33
4	15
5	8
11	6
15	3
16	11
17	6
20	1
25	10
28	15
31	9
35	12
43	9
44	1
49	2
56	11
62	12
68	1
74	11
84	3
89	6
90	15
98	7
107	1
118	1
123	9
124	14
127	12
133	11
135	15
144	1
147	9
157	15
164	13
170	6
171	13
174	12
175	4
177	12
185	2
191	14
195	2
197	12
199	7
Market 183
2	11
14	1
47	2
51	5
54	10
57	1
72	1
74	7
78	10
83	9
86	14
88	1
102	6
116	5
120	1
122	9
128	7
135	15
160	9
175	8
186	1
196	5
Market 280
33	2
57	8
60	2
73	2
75	14
81	14
84	6
88	4
90	2
102	8
103	1
121	8
123	14
126	12
127	4
133	6
134	11
136	5
139	14
141	15
155	12
156	1
164	1
169	1
170	14
175	15
178	6
Market 202
4	10
14	13
25	11
28	14
31	4
43	10
47	4
54	10
69	6
79	4
84	5
86	7
104	5
107	2
110	14
112	15
134	9
140	11
144	11
158	5
170	1
174	1
176	10
193	13
195	3
Market 281
6	13
14	7
19	9
24	1
28	12
29	9
31	1
38	3
43	8
47	8
48	14
53	13
54	5
55	15
60	3
62	9
64	1
70	4
73	10
86	15
87	9
89	14
91	15
93	4
107	7
110	7
112	8
116	13
123	4
124	15
126	1
127	10
129	4
133	3
134	2
136	11
145	3
148	7
155	12
157	13
168	13
170	7
176	3
179	14
181	6
190	14
191	9
194	7
Market 299
4	3
11	4
28	12
51	15
65	4
71	8
81	6
84	5
88	1
105	1
107	11
109	8
127	11
130	5
135	15
138	4
140	10
145	14
152	7
155	1
160	7
169	15
185	14
197	14
Market 67
31	15
37	10
41	14
51	9
60	15
73	11
76	13
79	1
81	15
82	13
101	4
121	13
122	4
124	5
129	3
130	8
133	12
135	1
136	7
138	12
144	5
155	6
158	5
166	7
170	2
177	8
185	7
193	10
199	6
Market 197
9	4
11	5
15	5
23	8
26	5
28	3
34	15
38	6
45	9
48	9
71	9
73	5
76	8
83	6
84	8
88	4
90	6
91	15
98	4
99	13
101	9
122	7
129	2
136	5
140	14
143	2
148	11
157	6
160	11
167	7
183	11
185	1
186	2
188	2
191	1
195	14
197	10
Market 143
2	9
6	7
13	12
16	8
29	3
35	12
41	2
42	5
45	3
47	11
51	8
54	4
55	12
57	15
60	8
71	13
74	6
97	13
98	7
113	13
119	10
125	6
135	2
144	13
155	13
158	4
170	7
199	1
200	1
Market 14
2	3
6	1
7	2
9	8
14	12
16	8
19	11
29	8
33	12
37	3
40	6
41	13
46	10
51	14
52	1
55	5
57	14
62	1
65	1
74	9
82	11
83	1
89	14
92	11
94	11
107	9
110	3
123	1
127	7
135	9
141	4
155	8
158	15
169	14
171	15
180	7
184	12
194	1
200	1
Market 101
2	14
6	2
8	3
16	1
37	10
45	10
53	6
55	10
65	9
71	14
82	4
84	10
85	3
86	1
92	3
103	14
127	13
139	14
140	11
170	8
188	7
190	11
Market 69
12	7
21	9
25	15
37	2
43	9
45	1
51	13
53	3
57	2
68	1
79	3
81	11
84	7
90	14
98	12
110	10
121	6
122	9
127	5
128	7
163	9
168	8
172	5
Market 279
5	9
8	11
11	11
18	11
21	14
25	15
26	15
31	9
33	3
37	10
43	1
44	14
55	1
62	7
73	7
79	6
80	5
83	11
84	7
85	7
88	7
91	8
119	2
123	12
124	9
128	9
136	5
144	11
155	1
157	9
161	9
191	2
199	15
200	10
Market 258
13	12
17	13
19	4
31	9
32	3
41	2
51	12
53	15
63	4
73	6
81	2
86	10
88	9
102	1
119	7
121	13
129	9
136	13
140	7
141	8
150	5
161	5
174	9
177	14
185	13
193	6
195	4
196	1
197	6
199	1
Market 176
4	7
33	7
47	13
57	14
61	1
62	7
63	2
71	1
75	11
82	10
99	6
128	11
141	9
151	5
184	8
186	9
189	1
193	2
194	8
195	14
Market 236
63	4
76	14
79	14
80	10
81	6
86	10
91	8
94	3
100	14
119	13
130	1
133	2
135	12
136	10
138	11
143	1
146	2
151	8
156	10
166	3
167	9
169	10
179	8
183	14
195	4
198	4
199	2
Market 99
15	13
54	4
62	7
79	11
82	1
86	12
93	11
123	8
129	3
133	12
134	4
145	12
159	1
169	11
178	8
186	1
190	6
199	8
Market 135
7	2
11	8
20	14
47	9
55	9
62	15
63	13
82	12
86	8
95	8
107	5
120	6
126	13
140	8
165	12
174	7
182	5
184	15
195	5
Market 25
2	12
4	11
6	10
8	4
23	9
26	6
28	2
29	12
33	5
37	8
38	2
45	10
56	9
59	3
71	1
75	1
81	7
94	6
119	11
135	12
140	13
146	4
154	4
169	12
170	3
174	14
176	5
177	2
187	15
191	14
195	9
197	13
Market 278
8	6
16	8
19	7
26	13
28	5
31	15
38	7
41	6
60	13
80	6
84	7
90	2
99	14
109	4
111	13
121	14
124	10
129	12
130	9
134	8
144	3
159	7
160	8
166	12
169	4
Market 72
4	3
28	6
33	5
69	15
74	8
94	3
99	10
104	9
111	10
119	1
121	5
126	9
128	2
139	14
148	14
151	2
161	8
168	4
169	12
176	14
193	6
Market 2
4	15
14	14
15	8
17	9
25	2
28	10
31	9
33	10
43	3
55	10
62	2
72	11
73	11
81	6
82	10
92	15
101	5
113	4
115	13
119	6
125	12
135	8
140	11
141	6
144	11
150	7
158	2
183	6
188	14
190	8
191	7
199	6
Market 104
4	4
25	14
57	4
71	6
73	14
78	3
86	13
110	12
114	3
119	10
122	12
126	5
143	8
155	7
174	6
184	2
185	12
189	9
197	2
Market 257
3	9
7	7
9	1
15	2
33	8
41	15
48	14
54	1
56	7
60	9
66	5
75	14
84	3
86	6
91	9
112	5
123	2
124	1
126	6
157	7
158	8
175	7
185	2
186	14
191	13
194	8
199	3
Market 117
1	2
4	3
6	4
8	8
13	7
14	7
20	13
28	3
33	3
42	1
45	10
51	2
52	4
53	6
54	10
56	2
57	5
61	14
67	10
73	7
74	11
78	12
83	5
88	2
92	1
126	12
135	15
158	7
168	2
183	5
189	7
192	13
200	7
Market 252
4	9
41	14
102	2
110	14
128	14
133	2
138	8
140	9
141	6
193	5
195	2
Market 171
4	10
14	8
31	2
33	4
41	13
49	2
54	3
55	1
73	9
89	4
90	15
107	2
110	5
116	7
118	11
120	5
123	9
127	7
128	7
138	9
142	8
148	12
150	6
156	15
158	3
177	8
184	13
185	14
190	9
192	11
197	3
199	4
Market 24
20	4
33	8
54	12
62	14
65	5
72	14
73	4
75	13
83	2
87	8
94	4
99	8
100	10
101	14
107	11
111	11
121	10
123	5
125	5
127	14
138	15
141	5
143	15
144	15
145	1
148	13
150	2
155	2
156	10
169	8
172	7
178	10
180	15
184	5
187	4
194	4
196	13
Market 255
2	9
4	3
11	9
13	14
20	5
31	4
35	14
37	10
38	4
43	13
44	5
45	13
49	10
55	6
56	1
57	15
59	7
72	1
73	5
75	2
78	4
86	6
103	5
110	4
111	11
116	10
125	7
130	13
141	3
144	7
150	14
158	10
170	12
175	3
178	11
Market 251
4	11
15	12
20	9
25	7
28	11
41	7
47	9
51	5
55	1
57	4
60	9
64	13
74	8
75	6
78	14
83	14
88	4
91	3
95	8
98	3
107	5
110	10
124	3
130	3
135	6
140	6
141	11
145	5
154	9
155	3
161	7
166	5
168	13
170	6
174	2
179	15
180	15
183	7
190	12
197	15
200	3
Market 295
2	6
14	4
26	7
28	9
37	2
49	10
55	2
57	7
82	10
89	1
107	6
116	9
140	15
145	3
176	6
184	12
186	5
195	4
196	13
199	12
Market 173
2	12
11	11
13	5
16	4
28	1
39	1
45	14
48	7
49	13
50	15
51	9
54	14
56	1
62	7
71	3
76	11
84	2
88	13
89	5
92	11
93	4
119	9
126	8
154	7
155	9
158	4
167	3
170	4
172	12
174	8
175	10
179	3
181	6
183	14
188	6
193	12
199	2
Market 23
2	1
4	2
5	4
6	5
7	6
11	12
16	14
25	15
28	3
35	15
37	12
38	8
43	9
47	3
52	9
53	5
54	2
56	7
60	6
61	9
66	3
81	10
84	7
86	3
89	15
98	14
106	7
116	2
120	8
122	5
128	4
132	6
140	13
141	3
144	9
161	8
172	10
174	2
178	6
180	11
183	15
200	3
Market 229
2	6
4	7
6	6
8	7
13	9
15	6
16	1
26	9
31	1
33	2
38	2
39	14
43	3
47	1
51	5
54	2
55	7
56	14
62	7
75	15
83	6
87	9
89	14
90	12
94	14
116	4
117	14
118	14
121	11
127	4
138	7
139	5
150	2
151	1
159	12
178	14
179	5
185	7
Market 187
4	8
17	13
28	14
41	15
55	14
62	7
73	11
74	1
79	8
82	6
87	11
95	12
105	3
112	15
119	9
121	12
123	8
136	1
151	13
152	6
156	6
176	10
178	5
193	12
195	11
199	1
Market 8
55	10
65	12
79	7
81	15
85	1
90	4
100	3
130	11
135	15
136	3
137	9
155	10
161	15
177	8
186	13
191	14
Market 142
28	15
33	7
62	14
76	8
88	14
96	10
109	2
119	11
121	11
124	1
128	4
135	5
137	12
138	2
140	9
145	6
147	8
150	11
152	1
155	4
161	11
170	4
182	14
186	14
194	12
200	4
Market 81
2	2
17	14
29	5
30	5
49	3
57	3
65	13
79	12
81	3
83	7
93	1
99	4
101	13
102	1
116	11
117	5
119	2
144	1
151	10
173	8
178	3
192	3
193	9
Market 227
4	11
6	3
15	5
33	9
54	14
71	4
73	6
76	7
83	2
88	11
91	13
97	12
98	14
101	1
105	11
108	9
110	2
121	7
129	4
135	10
138	3
141	7
150	9
157	9
161	5
180	10
185	10
186	8
188	6
197	2
Market 149
4	6
9	3
15	4
26	4
29	13
38	5
39	3
42	11
53	11
80	13
84	3
88	3
91	4
102	1
105	10
110	8
124	13
125	13
130	12
155	7
158	2
167	4
170	13
174	13
191	11
199	11
200	6
Market 77
2	6
10	14
13	6
14	12
15	5
16	12
17	14
25	5
35	5
47	6
51	2
71	1
84	9
110	2
113	14
127	8
131	9
138	5
140	7
144	7
154	1
170	6
175	4
180	6
183	3
188	10
192	7
195	9
200	1
Market 161
6	4
8	11
14	10
17	14
20	3
28	3
31	15
39	3
51	1
57	6
73	2
74	11
83	8
84	14
100	13
107	2
113	13
122	13
125	8
141	2
143	9
144	4
150	5
152	13
167	6
169	5
197	12
Market 13
17	15
21	10
23	11
26	11
28	10
29	8
31	10
37	7
40	9
45	5
51	11
57	10
73	3
80	15
84	5
86	15
92	7
97	2
107	6
109	10
110	12
121	12
127	11
128	3
140	13
141	6
147	10
151	15
158	8
168	14
175	8
177	4
186	5
191	15
193	2
Market 36
4	15
6	3
41	1
59	11
68	10
69	6
73	4
74	13
75	10
83	12
84	6
93	11
99	11
102	14
104	8
107	1
116	6
123	13
124	7
133	2
136	15
139	13
141	14
155	2
157	15
169	8
174	10
175	13
178	10
179	9
181	11
186	8
187	14
190	5
191	12
195	15
199	11
Market 232
20	1
25	4
33	13
62	10
84	2
94	12
100	1
107	8
108	8
123	5
126	11
133	8
139	13
143	12
144	10
150	14
157	12
175	12
176	6
178	9
187	6
199	12
Market 222
2	11
4	12
5	7
6	7
14	6
18	11
21	2
23	11
25	13
43	11
47	12
51	9
54	2
55	9
57	10
68	9
81	9
83	7
89	3
103	11
114	2
126	12
127	15
135	8
138	7
169	5
170	7
177	10
180	7
182	7
186	12
Market 241
2	3
3	3
8	13
9	1
14	3
29	1
35	7
45	12
47	11
48	9
51	15
53	13
57	9
63	12
71	2
83	14
86	5
88	11
89	3
101	6
102	8
113	8
116	7
119	1
120	3
122	9
123	11
125	4
130	8
132	5
134	2
140	14
144	3
148	13
152	8
155	6
163	6
172	5
174	6
177	2
180	7
185	13
186	7
192	3
193	10
199	15
200	1
Market 292
20	6
33	10
68	12
74	3
79	4
81	2
83	14
101	4
107	8
123	6
124	13
158	2
166	7
170	3
175	2
179	4
185	11
191	15
Market 140
64	5
78	6
88	5
89	2
91	1
107	11
109	11
110	15
127	7
135	2
148	6
150	13
155	12
177	3
178	4
183	4
185	12
196	15
200	7
Market 111
9	11
14	6
20	6
35	10
44	7
49	5
57	2
72	3
74	10
78	11
82	14
83	13
89	15
92	2
94	4
99	13
123	14
133	9
134	8
138	4
148	2
155	10
158	1
159	2
178	6
191	9
195	9
196	7
197	7
Market 263
2	7
6	3
14	15
15	1
23	1
26	13
33	4
37	11
42	1
49	15
52	2
54	3
60	15
75	10
79	9
80	9
81	2
82	8
83	4
84	12
91	9
101	1
107	6
110	7
118	7
119	6
129	12
130	10
138	8
141	15
144	11
145	10
150	14
153	11
156	4
157	9
170	1
179	3
182	6
197	12
Market 106
2	1
17	10
20	9
25	9
47	14
51	9
54	14
60	6
73	12
81	6
82	8
83	7
86	7
88	13
92	3
102	5
104	4
107	6
113	5
123	7
124	12
127	9
143	5
145	11
152	14
157	15
158	12
160	14
175	6
178	8
185	7
187	1
190	7
194	14
Market 71
2	4
17	6
19	13
25	12
28	12
31	5
33	14
41	3
49	10
60	4
62	7
71	9
82	7
91	1
92	4
107	6
119	2
122	14
128	1
135	14
146	5
186	6
Market 160
33	2
58	11
60	6
74	9
84	11
88	5
93	8
124	5
126	8
128	2
134	1
143	1
144	4
151	8
157	14
159	3
168	14
175	4
186	4
193	6
194	15
195	7
199	13
Market 93
14	7
16	2
17	1
23	6
29	4
33	10
37	8
39	8
41	7
42	1
49	7
51	3
53	10
57	10
58	6
60	2
62	4
63	14
68	11
81	2
83	12
88	15
99	10
100	12
105	6
108	15
113	12
117	4
119	5
123	5
127	6
134	2
135	7
155	12
157	13
160	7
170	2
176	11
177	1
183	8
190	15
199	10
200	3
Market 271
14	2
19	14
20	15
25	4
37	4
38	1
43	15
49	6
53	14
58	6
65	5
68	8
69	7
73	5
74	3
81	9
84	12
86	15
87	9
92	15
94	9
103	9
107	4
121	1
126	8
129	1
133	9
140	7
141	3
145	4
148	4
150	13
154	3
163	15
167	1
169	2
172	7
174	13
175	6
176	13
178	7
183	7
184	4
185	7
186	15
187	15
Market 243
15	2
17	3
31	12
37	15
49	3
60	10
107	3
119	8
121	2
123	8
124	4
134	11
140	2
144	8
147	9
150	14
155	4
178	8
179	8
184	6
191	6
197	2
Market 119
13	12
16	7
21	10
28	3
33	13
35	9
37	14
41	6
45	10
56	15
81	5
88	4
91	15
92	9
97	5
108	8
122	1
130	15
135	4
136	8
138	2
154	12
156	7
157	12
160	1
186	8
188	5
195	13
197	13
199	13
200	1
Market 190
19	13
25	3
29	1
49	2
53	13
59	13
63	3
69	9
89	8
94	13
102	4
110	5
123	14
127	11
128	4
137	2
138	9
147	6
150	10
151	10
174	8
175	15
Market 200
15	4
31	8
47	1
60	15
73	6
80	6
121	10
124	3
144	13
155	6
160	1
179	9
183	1
191	9
195	6
197	12
Market 182
14	4
33	5
41	1
52	7
63	5
71	15
80	3
81	7
85	6
91	3
98	2
107	9
125	11
128	11
130	8
144	4
155	5
174	10
185	4
195	15
Market 30
16	11
28	5
33	5
41	14
47	1
51	4
55	14
62	11
71	11
75	3
84	14
107	3
129	10
159	3
173	5
184	7
194	2
195	2
196	2
Market 259
4	9
33	12
41	8
60	7
62	11
71	9
72	4
79	15
81	10
89	10
94	9
105	12
107	9
116	12
119	4
121	9
122	12
128	6
134	8
140	12
141	3
158	10
163	9
170	14
175	15
176	5
183	13
188	11
195	13
199	13
Market 98
14	5
15	14
19	4
28	13
31	15
43	14
47	1
60	1
61	13
71	3
73	2
74	10
80	1
83	10
84	2
89	11
91	10
98	4
99	2
105	7
107	9
119	11
121	15
130	8
134	6
145	12
152	9
157	3
166	10
177	4
178	14
188	15
191	6
Market 218
6	13
15	6
17	1
25	15
37	14
63	10
75	8
76	11
80	15
81	8
82	13
83	9
119	8
127	2
135	3
138	10
140	9
141	4
143	11
150	14
151	7
158	2
175	8
177	1
179	14
180	6
182	5
199	9
Market 102
2	6
5	2
14	13
16	1
17	5
21	1
26	11
35	10
37	3
38	10
49	9
51	12
53	3
55	1
56	9
57	3
59	13
72	4
73	6
82	8
83	2
84	6
89	2
98	5
116	7
121	5
127	1
128	10
135	4
144	3
155	6
158	10
178	13
193	5
200	10
Market 45
4	14
8	7
12	5
14	14
15	10
16	12
19	2
26	15
28	9
35	3
40	5
42	4
47	3
53	2
54	10
55	10
58	1
62	9
68	13
71	15
73	14
79	11
81	15
94	4
99	9
105	9
129	7
135	10
139	10
144	2
151	15
155	12
177	9
188	5
190	12
193	3
197	11
199	7
Market 96
20	5
31	8
60	14
69	7
72	13
74	15
88	15
111	1
113	6
116	10
123	7
135	13
137	11
141	12
144	2
150	12
152	5
157	3
158	5
161	10
169	6
174	6
175	2
176	11
177	6
182	6
189	2
190	6
193	3
195	8
Market 267
16	3
37	2
54	10
61	7
73	12
85	1
86	10
88	9
92	12
101	3
110	14
120	1
151	6
157	11
161	15
177	15
182	2
189	3
191	10
195	2
Market 60
62	14
63	2
72	15
73	5
75	10
84	6
101	15
107	2
109	2
112	3
137	4
139	13
140	9
155	5
162	15
166	6
172	13
178	9
184	8
193	6
199	5
Market 188
31	13
33	6
61	1
62	9
69	9
71	9
73	6
80	9
82	10
98	10
101	10
103	1
105	9
106	5
135	9
145	10
146	7
155	13
158	9
161	3
166	8
182	1
187	9
188	14
195	6
197	11
Market 249
6	8
13	2
22	6
33	14
37	3
52	3
54	10
57	9
61	8
65	1
78	12
81	3
85	10
89	2
92	4
98	9
101	15
113	7
128	3
130	10
140	11
146	3
147	15
155	7
156	7
178	15
191	4
Market 157
14	9
19	4
20	5
23	9
56	6
60	3
81	12
83	6
90	14
110	1
119	2
127	12
134	9
135	11
140	15
141	15
145	5
150	9
155	6
163	10
172	1
184	2
185	9
190	13
195	2
196	12
197	15
Market 245
4	11
19	14
22	11
28	13
29	7
43	8
48	12
49	8
50	12
57	12
73	6
74	1
81	3
83	7
88	3
122	4
124	8
143	12
145	4
151	10
154	2
166	6
175	6
183	6
186	4
188	13
191	5
199	9
200	2
Market 21
2	5
6	5
8	13
13	2
14	6
28	1
35	14
38	8
40	10
41	10
43	1
49	10
55	10
62	7
69	10
70	10
71	9
82	7
84	6
87	11
88	8
90	9
94	6
99	13
103	2
110	12
118	6
121	5
129	2
144	2
145	8
148	1
151	8
152	7
160	1
164	4
178	10
186	2
195	3
197	3
199	4
Market 61
10	13
14	5
15	1
16	8
20	2
21	5
28	8
33	11
43	1
45	11
47	13
48	6
53	12
63	9
76	7
84	2
91	7
97	7
98	7
108	4
119	4
130	2
137	12
140	6
144	3
154	3
155	12
166	6
179	6
188	12
191	10
195	14
197	5
199	5
Market 66
16	14
20	13
25	11
28	9
31	12
33	2
37	5
75	3
79	5
83	4
87	2
89	14
90	4
99	1
107	1
118	13
119	3
127	1
129	13
134	8
136	3
139	2
145	6
148	10
152	11
155	4
156	11
169	6
172	3
178	4
184	15
185	10
195	11
196	2
Market 193
2	13
6	8
16	13
23	3
28	11
33	4
34	10
37	1
38	4
45	5
47	3
48	1
53	11
62	1
82	3
84	1
86	7
95	14
99	3
107	5
134	10
148	4
152	7
176	9
182	2
185	14
188	6
200	8
Market 120
69	13
71	1
86	15
88	7
111	11
123	10
133	8
138	9
145	5
152	6
187	13
Market 221
15	4
16	3
26	8
28	10
33	10
34	6
37	8
38	9
47	14
49	9
51	4
54	3
60	8
65	14
71	9
73	1
88	9
94	6
96	13
98	1
111	13
121	3
124	8
127	1
130	13
138	2
145	6
154	15
166	9
176	9
191	12
200	10
Market 83
14	14
15	11
17	11
25	1
29	15
41	2
43	8
49	15
51	12
70	9
78	3
85	7
101	6
105	14
124	2
127	8
138	14
146	3
155	13
158	4
168	7
174	14
175	9
180	5
183	3
185	11
200	4
Market 269
4	2
6	2
25	8
28	6
41	14
50	12
53	5
54	14
63	12
81	15
84	3
95	13
100	6
105	15
110	2
112	6
121	12
123	6
127	9
130	11
134	11
137	2
138	2
153	7
160	9
170	14
176	14
183	6
185	14
186	8
188	13
191	11
194	11
199	13
Market 17
1	8
5	11
6	6
8	9
12	2
13	2
15	8
16	1
19	11
25	11
26	9
29	11
40	10
42	13
43	13
44	9
53	14
54	4
62	8
73	5
88	14
92	8
98	8
99	13
102	9
120	9
129	14
132	5
144	1
148	15
158	13
163	12
173	2
189	15
190	9
193	7
200	6
Market 34
14	10
47	7
55	3
60	3
72	4
74	7
95	7
107	4
110	13
128	15
135	5
152	10
167	15
178	9
182	15
184	5
190	9
197	15
200	6
Market 75
4	7
15	6
17	12
41	4
60	4
62	14
82	5
83	4
86	13
88	8
89	9
90	5
102	15
107	1
119	2
121	14
122	14
126	11
133	1
136	3
144	1
146	6
151	3
155	2
158	15
160	15
175	15
183	14
195	15
196	2
Market 205
2	3
4	15
6	5
8	2
9	6
14	7
17	13
23	15
28	2
34	3
39	15
41	2
48	7
52	7
53	9
54	5
55	12
57	8
60	14
87	3
90	8
92	1
99	14
101	10
105	15
112	14
119	13
131	6
134	2
138	2
140	9
141	11
152	5
155	10
156	5
159	11
166	4
167	11
173	8
174	9
179	2
185	3
188	15
192	1
194	9
Market 194
2	8
14	6
19	11
20	11
26	11
28	1
33	5
38	2
41	2
51	7
61	7
62	12
65	1
82	10
95	4
98	7
101	6
105	5
106	7
109	3
128	15
130	6
135	12
137	6
140	11
145	15
147	7
150	2
154	10
155	11
160	15
161	8
174	9
177	3
178	1
179	15
184	12
186	4
190	12
191	5
Market 217
2	7
3	13
20	15
23	13
28	8
36	9
39	11
45	9
48	2
60	11
90	14
94	7
105	4
112	13
123	2
129	15
140	13
169	14
Market 219
2	11
9	5
15	3
16	14
19	11
23	1
26	1
33	3
35	7
43	14
55	14
59	5
69	14
78	10
83	3
84	13
85	6
87	8
89	8
94	11
103	9
111	8
119	8
131	2
139	11
152	6
155	1
160	2
174	15
180	12
195	6
199	8
Market 154
2	9
4	1
7	7
9	1
16	11
17	1
19	7
25	12
29	8
31	8
35	2
37	14
43	7
46	2
49	4
54	4
62	7
63	8
65	15
79	13
82	14
87	9
94	7
100	8
101	15
104	2
107	15
109	7
111	7
121	5
128	9
129	3
134	8
143	1
145	4
148	1
157	6
163	3
166	7
174	4
178	13
179	11
186	7
190	7
194	1
195	8
Market 18
6	8
11	11
12	8
14	8
32	14
37	2
41	12
44	15
54	10
88	5
89	4
96	10
116	12
141	3
143	4
157	6
172	10
178	6
197	10
Market 122
2	7
5	8
11	10
15	9
19	3
20	11
35	3
49	13
54	2
56	3
61	2
75	1
78	5
80	14
81	11
87	3
91	1
95	6
105	15
119	4
121	2
122	12
127	5
134	5
138	4
155	8
161	9
166	5
169	12
174	11
179	4
182	15
188	12
195	14
200	6
Market 170
17	12
25	14
28	14
33	13
51	10
55	6
63	9
65	8
71	8
72	5
74	14
80	1
91	5
94	8
101	6
110	8
116	5
123	15
127	15
141	13
166	15
177	10
178	12
182	14
189	6
196	10
Market 285
26	15
33	9
47	8
52	4
55	10
58	7
67	11
81	14
83	10
88	5
92	11
107	8
108	1
119	10
123	7
125	2
129	13
141	14
144	14
158	4
193	13
Market 118
4	1
6	15
17	12
47	10
75	12
81	8
87	15
90	2
94	4
109	8
110	4
123	4
141	10
148	11
152	6
157	15
166	15
173	3
174	4
179	8
185	1
195	12
200	6
Market 169
4	6
6	3
8	5
9	5
16	10
17	3
20	7
23	12
28	8
38	11
47	2
49	12
53	6
73	2
74	12
125	4
129	5
136	4
148	11
163	14
167	15
169	12
175	2
176	12
178	4
186	13
191	5
Market 270
14	15
17	2
28	7
31	6
37	9
47	3
54	9
65	6
71	3
74	2
81	8
84	5
101	13
120	7
122	11
125	9
126	11
128	1
135	1
141	3
150	14
158	8
174	2
178	8
180	10
185	10
189	14
200	13
Market 55
1	10
6	1
14	13
23	8
28	4
31	9
32	9
35	13
41	7
42	11
43	12
63	7
76	9
79	15
88	10
95	8
108	15
113	4
114	15
122	13
127	4
129	9
135	8
141	3
150	15
154	8
158	2
166	5
183	5
189	6
195	13
200	12
Market 48
17	15
31	8
61	4
75	4
76	13
81	3
83	7
99	9
116	4
122	3
127	7
129	12
140	2
141	14
143	5
157	12
158	6
161	10
169	13
177	3
185	14
194	4
Market 97
4	3
8	15
12	5
14	4
19	10
37	14
42	3
49	14
61	3
73	12
82	9
96	14
98	1
108	2
112	13
122	3
128	4
151	8
152	7
155	5
156	8
159	5
160	8
165	15
169	5
175	4
176	7
180	4
183	8
186	5
188	15
189	2
194	12
200	10
Market 128
20	10
28	13
62	5
69	4
80	3
104	9
121	6
124	12
138	8
140	10
150	8
158	5
161	7
179	13
185	10
189	15
195	8
Market 192
4	4
20	12
31	11
58	5
60	3
72	6
75	4
78	4
84	12
86	10
119	13
121	1
137	8
141	15
155	6
174	9
176	7
179	2
184	1
194	1
195	5
Market 282
6	6
15	12
16	4
17	6
20	8
25	14
31	14
37	12
43	10
47	2
54	10
57	14
66	6
71	8
74	13
77	12
82	15
83	7
87	12
102	10
110	10
120	8
122	14
127	13
135	1
138	10
145	13
158	11
160	15
170	13
178	11
180	11
189	6
194	10
199	9
200	1
Market 268
4	14
20	5
58	5
72	15
78	8
81	10
83	5
84	11
92	12
99	13
103	5
111	5
129	11
133	13
145	2
148	10
156	12
158	12
168	13
169	11
174	3
178	5
182	10
185	4
187	15
188	3
193	11
197	5
200	3
Market 4
15	7
80	12
81	12
84	12
86	3
95	1
101	4
104	15
107	3
114	15
127	7
130	11
135	14
140	10
141	1
154	7
160	7
166	1
169	9
177	4
180	9
183	7
187	7
189	9
191	3
197	2
Market 286
4	9
16	1
19	15
31	9
38	12
41	7
47	6
54	11
55	13
68	2
74	11
79	7
84	3
99	10
103	10
123	11
124	2
126	1
127	3
129	15
138	11
139	7
142	13
144	1
150	14
151	14
155	14
157	6
164	4
166	10
174	1
185	7
191	4
199	6
Market 145
4	6
8	10
10	10
16	5
19	11
20	11
29	14
33	8
34	5
38	11
41	13
45	13
47	6
48	14
49	15
51	1
52	12
53	9
61	2
62	12
65	3
73	8
74	15
82	6
83	1
84	2
88	2
98	10
99	11
100	4
101	12
105	2
110	2
112	7
122	11
123	15
127	4
134	12
136	11
138	1
141	9
145	8
156	6
176	2
177	15
182	7
183	3
184	12
190	9
193	2
194	7
200	10
Market 51
15	15
33	11
37	13
47	11
90	4
110	6
135	3
156	10
163	13
178	8
191	7
193	7
195	7
197	7
Market 289
4	4
5	13
7	15
9	13
19	15
20	8
21	12
25	7
35	3
37	4
46	7
72	6
94	9
99	3
103	6
107	5
111	6
134	1
136	10
139	15
155	4
159	9
162	8
163	4
176	2
182	12
190	7
195	11
Market 266
4	9
20	3
47	2
60	14
82	15
91	14
97	14
105	8
109	7
119	3
135	14
138	3
166	5
177	13
Market 110
1	12
2	9
5	1
9	1
11	11
16	5
17	5
20	6
21	14
23	6
25	14
26	3
31	1
38	2
42	2
46	6
49	3
53	3
54	5
56	14
78	15
83	6
84	15
89	5
110	11
114	15
119	9
122	10
123	10
127	10
135	15
140	14
141	13
146	4
157	15
161	12
166	7
167	14
171	12
177	6
183	13
184	12
185	7
186	13
189	1
195	4
198	14
200	4
Market 107
4	11
6	10
31	14
33	1
43	14
47	4
51	5
57	4
65	3
74	9
81	3
82	6
83	8
85	10
88	2
92	4
105	8
107	1
113	15
114	11
119	4
122	12
125	6
128	7
134	8
135	9
144	7
145	13
146	9
155	12
158	10
160	3
167	1
170	11
175	3
180	2
195	4
200	5
Market 94
28	2
29	14
37	6
43	12
55	4
62	1
63	1
70	9
74	8
75	4
79	13
81	1
82	10
83	10
86	13
87	3
88	5
105	7
107	5
112	2
122	5
125	5
137	13
140	4
148	14
150	5
152	1
166	9
167	5
169	5
173	15
174	13
175	3
176	15
179	10
180	8
182	15
186	12
187	1
190	8
196	6
199	14
Market 80
15	10
20	2
58	12
61	3
68	4
71	13
78	1
80	2
86	13
93	2
98	11
107	10
122	1
127	6
138	2
144	6
155	8
157	3
178	3
183	5
185	15
186	10
191	1
195	14
197	7
Market 78
14	9
15	8
31	2
41	11
43	7
47	10
51	14
54	15
55	7
62	14
73	7
78	14
83	1
99	12
116	15
123	10
128	8
144	5
145	4
150	11
158	1
172	9
176	4
184	5
190	1
191	5
197	10
Market 214
12	2
15	1
16	2
19	5
20	7
37	3
38	3
43	10
54	8
57	4
59	2
71	9
74	7
79	9
83	15
140	6
144	10
155	13
165	1
177	3
195	6
Market 276
15	11
33	13
74	6
92	3
122	14
126	4
128	4
132	14
147	6
175	7
177	9
178	3
186	11
197	5
Market 196
20	9
73	6
75	5
111	14
121	11
129	5
130	9
141	15
151	12
157	3
158	13
174	15
175	13
178	5
185	6
197	13
Market 79
1	14
2	8
5	13
14	5
16	1
19	5
20	13
21	9
23	10
32	8
35	13
38	15
40	11
42	5
43	7
44	10
49	13
51	15
53	13
55	13
76	1
82	3
83	3
88	6
91	13
114	4
119	4
122	8
127	2
129	12
142	15
143	15
158	3
169	6
170	10
174	15
177	11
183	8
187	10
190	8
193	8
195	3
196	2
200	9
Market 53
2	2
6	9
28	14
40	12
42	4
49	9
55	5
61	12
62	3
78	6
86	6
98	1
107	14
110	6
113	2
114	15
118	6
119	13
121	10
123	7
124	12
125	11
128	4
129	13
135	12
136	8
141	9
148	7
155	5
156	3
158	6
165	3
175	8
177	8
185	8
197	15
200	14
Market 206
1	10
4	5
5	10
19	10
21	14
31	6
33	14
40	15
41	14
53	5
63	4
73	6
80	2
81	6
98	10
99	15
103	8
110	4
121	4
122	6
126	2
127	8
129	2
130	11
140	12
144	4
174	14
178	4
182	14
183	13
190	12
191	14
193	10
196	15
197	9
200	8
Market 293
14	14
16	6
17	6
20	2
21	2
31	14
43	7
45	9
46	10
52	11
55	3
56	2
63	4
70	2
73	2
83	14
105	10
123	14
124	1
125	1
143	14
152	9
168	12
175	7
176	11
179	11
185	9
186	9
188	1
194	12
195	8
199	7
Market 5
2	5
5	1
13	13
15	1
21	7
26	2
28	11
33	4
35	1
38	3
43	14
45	7
46	8
47	3
51	3
52	15
53	7
73	7
76	4
84	11
91	15
102	10
107	12
122	5
133	7
151	12
167	4
170	7
174	15
179	15
183	14
186	8
197	1
199	10
200	5
Market 56
41	14
47	2
60	14
69	13
71	13
82	13
83	15
94	7
98	12
107	15
110	1
121	8
126	4
135	1
139	8
141	4
147	8
157	13
168	12
169	12
171	10
177	11
182	13
186	7
Market 63
1	7
4	5
5	11
11	13
15	5
17	4
20	12
21	4
23	10
26	3
28	2
31	4
35	1
40	7
41	5
42	8
52	6
56	14
60	3
73	2
74	7
81	10
86	12
90	2
103	3
118	5
121	14
124	1
126	3
130	9
133	6
135	8
139	5
140	7
141	7
145	6
148	4
150	9
151	5
156	3
163	1
185	5
186	3
187	11
191	6
199	4
Market 144
31	2
55	5
58	14
69	2
75	10
79	4
81	2
103	11
114	2
126	8
127	15
147	3
150	4
155	13
169	1
171	8
174	9
178	11
179	6
182	13
190	2
Market 37
4	10
14	10
15	14
17	15
23	15
25	3
26	6
33	15
42	10
43	4
51	9
56	8
57	6
75	1
79	4
87	1
91	10
123	8
134	4
136	11
138	9
140	14
149	8
150	14
156	3
166	14
185	1
194	8
Market 40
4	6
15	12
31	14
33	6
41	11
60	6
62	1
63	2
69	14
70	3
73	3
87	3
94	5
107	10
110	4
111	9
119	6
121	3
127	11
134	2
136	11
145	4
148	6
150	1
157	1
170	15
182	7
186	7
188	10
195	11
197	5
Market 133
12	5
15	3
17	8
25	1
33	11
38	9
48	11
51	14
52	1
53	10
55	13
62	4
75	13
95	6
108	12
119	7
122	6
123	4
134	13
141	5
142	3
148	14
170	1
197	13
200	7
Market 163
4	1
6	15
15	13
20	15
25	3
37	13
41	3
54	1
60	10
62	3
73	10
88	6
94	5
105	8
110	14
116	9
136	3
152	8
155	3
160	2
164	8
169	4
170	9
176	1
178	11
182	6
186	15
190	12
199	9
Market 103
18	14
25	13
28	1
29	6
32	7
33	1
38	7
40	15
44	1
49	7
56	6
63	2
83	8
90	7
91	1
94	8
108	9
109	11
121	2
124	3
134	5
135	4
136	7
143	7
144	7
145	13
156	2
160	13
165	3
176	15
179	9
Market 211
2	3
12	1
13	9
23	1
25	7
33	3
37	4
47	2
54	15
55	8
90	8
91	4
108	3
112	10
119	8
127	5
135	4
145	8
148	4
150	4
151	1
176	12
Market 159
4	3
6	9
14	4
16	3
19	7
33	3
49	6
54	15
55	11
62	14
63	4
72	10
79	12
84	1
88	9
94	5
102	9
110	2
113	4
119	2
120	13
121	14
122	3
126	4
136	4
138	2
141	5
143	9
144	2
148	13
155	8
158	14
170	8
175	7
178	11
183	15
185	5
187	8
190	10
196	1
199	4
Market 284
20	14
60	11
68	1
71	3
74	13
76	2
82	4
94	13
97	9
100	12
105	4
107	3
110	12
121	1
127	8
128	10
133	15
134	2
135	6
137	11
138	8
139	12
140	12
161	13
168	13
170	7
176	12
183	1
191	9
193	14
194	6
200	5
Market 62
14	8
23	5
28	13
43	2
54	5
62	8
74	3
116	13
119	14
130	9
141	13
143	14
155	5
161	7
169	11
178	13
184	9
195	5
Market 234
14	11
15	13
16	1
28	4
29	6
37	6
41	6
47	5
51	8
54	14
67	3
102	11
110	11
124	1
125	6
130	11
138	15
144	10
150	8
161	8
174	9
183	7
192	10
193	5
198	2
Market 86
20	10
29	12
31	15
33	8
57	13
78	4
82	5
83	4
84	6
88	3
94	3
98	9
114	1
121	10
127	12
138	6
150	10
159	9
161	11
174	2
182	3
183	4
189	8
191	14
Market 209
3	5
6	15
16	3
25	13
28	9
33	3
37	13
43	8
45	7
48	6
54	3
56	1
60	14
65	1
84	6
91	6
96	6
124	4
127	11
134	13
145	1
160	5
177	6
195	5
199	13
Market 151
8	10
15	7
21	3
28	1
29	13
32	15
40	5
41	2
43	8
44	9
46	9
51	8
55	7
56	13
73	3
108	1
111	4
134	12
138	9
153	1
159	4
185	13
187	7
190	11
Market 76
4	1
17	9
33	8
47	1
60	4
63	14
70	5
73	9
79	2
82	4
83	3
87	6
91	5
101	5
109	10
124	4
133	13
141	3
143	11
145	14
150	5
169	7
174	4
176	10
179	3
182	5
188	11
200	5
Market 100
25	11
63	5
70	9
83	5
84	11
99	11
113	12
122	15
123	10
141	13
143	10
152	8
155	11
157	11
159	4
166	1
169	7
185	6
188	9
Market 204
58	1
60	13
61	5
107	8
110	8
119	14
121	10
124	1
134	6
138	9
140	4
145	6
147	1
154	12
155	2
158	12
168	5
175	6
186	15
188	2
189	10
199	14
Market 89
4	3
16	6
30	4
35	4
47	11
51	8
57	10
62	3
63	7
71	15
73	1
80	5
81	2
82	4
85	1
102	8
108	5
110	1
119	13
123	2
124	4
129	13
131	6
135	7
136	1
138	12
146	8
157	1
160	8
167	15
174	11
178	10
180	8
183	7
185	7
Market 125
4	1
10	7
12	4
23	2
25	14
28	7
38	2
41	7
47	9
49	8
54	2
55	15
65	3
71	4
84	6
90	12
92	1
94	6
100	10
101	10
113	1
122	3
123	2
135	4
144	10
146	6
149	4
150	11
158	11
160	10
167	4
169	2
170	9
175	12
177	3
183	2
185	8
186	15
191	9
197	12
200	3
Market 242
15	1
17	9
31	2
41	12
47	3
63	4
71	6
79	2
84	1
91	5
94	5
95	4
104	6
109	12
122	13
127	13
128	1
130	10
141	6
156	5
166	15
175	6
179	5
187	4
194	2
Market 185
2	1
11	2
14	5
25	2
28	7
31	1
38	13
41	1
50	9
52	14
53	4
60	3
61	14
73	13
76	14
88	4
100	6
101	5
110	9
129	9
135	12
144	10
145	7
146	5
150	3
154	8
166	12
174	7
185	15
189	14
Market 172
4	9
61	11
63	2
73	13
75	8
79	2
88	14
111	7
121	8
127	9
129	5
144	14
157	4
169	7
183	12
185	5
191	14
195	8
197	2
199	10
200	7
Market 73
4	15
8	3
10	13
16	15
17	6
31	11
41	11
42	5
47	1
48	1
49	7
57	6
59	4
60	11
69	15
71	6
73	7
76	15
79	13
82	9
91	15
97	12
100	14
110	13
127	4
129	3
135	9
136	1
140	7
145	1
150	6
165	7
169	3
174	11
177	9
188	9
190	9
193	15
Market 147
15	7
16	9
17	11
33	13
41	15
54	13
57	9
58	11
66	1
72	9
73	7
79	4
83	6
86	5
92	14
99	3
101	4
110	15
121	9
126	3
127	6
128	6
129	3
133	11
136	8
138	5
150	10
151	13
155	10
157	3
158	12
166	15
168	12
172	5
178	9
184	15
191	6
193	13
195	7
197	6
199	4
Market 178
15	7
19	1
20	10
29	14
37	7
60	6
74	14
84	1
94	7
97	2
104	4
111	4
122	14
123	14
128	1
140	13
143	6
144	6
154	13
158	12
166	7
176	9
177	1
183	1
200	9
Market 121
4	13
12	14
20	5
23	7
26	11
31	14
38	5
39	1
41	13
45	11
51	3
52	10
53	8
54	10
71	12
74	15
82	1
113	7
118	13
119	4
123	3
129	5
134	14
142	8
145	4
150	4
156	2
165	5
170	2
174	10
185	3
188	7
190	1
197	2
Market 244
20	11
41	15
79	11
81	15
84	4
88	10
100	3
103	9
110	13
111	7
119	13
121	2
128	9
143	7
150	5
156	11
177	1
182	8
186	1
195	11
197	11
199	13
Market 240
4	7
88	7
110	5
140	6
144	12
157	8
161	11
166	4
186	12
199	12
200	8
Market 131
4	2
15	3
20	7
41	10
55	3
59	4
69	4
74	9
75	13
76	10
82	14
85	1
88	2
94	3
99	12
110	3
117	2
121	12
123	13
125	3
127	9
133	6
136	3
150	14
154	3
160	6
167	1
178	10
183	9
187	10
200	6
Market 28
20	8
28	14
33	9
47	15
70	9
74	4
75	4
76	7
82	7
110	8
121	11
127	6
130	6
140	9
144	9
153	1
166	3
175	9
186	13
188	9
191	8
194	10
195	8
197	7
Market 250
4	9
6	15
15	10
17	12
20	8
33	7
41	2
47	6
55	5
64	12
69	10
91	15
92	8
101	3
102	15
103	8
107	14
108	11
119	13
120	8
123	1
127	1
129	12
132	10
141	4
148	15
151	11
158	14
166	3
168	15
169	14
182	1
187	13
200	2
Market 298
2	7
5	1
6	13
11	1
17	5
28	6
31	1
38	8
47	2
49	11
51	2
52	7
53	7
54	2
55	1
56	9
60	13
62	2
71	1
81	12
82	6
83	5
86	1
87	7
103	3
112	5
118	7
123	14
124	4
126	12
128	9
133	11
136	10
138	11
148	2
150	8
152	9
155	14
156	2
157	7
158	5
161	13
166	4
170	10
178	8
182	4
185	14
186	8
190	3
199	13
Market 136
4	11
31	2
54	13
74	5
101	11
130	7
137	10
140	1
147	11
159	9
160	10
169	11
170	15
174	10
179	4
182	10
184	6
186	2
194	15
195	6
Market 213
3	5
6	3
13	7
15	11
16	11
17	1
20	13
23	11
26	7
31	11
34	3
36	1
37	7
38	3
48	1
50	14
54	4
57	3
62	11
78	5
84	10
85	3
89	3
91	11
100	5
110	6
116	8
119	13
123	5
125	6
128	2
135	10
144	7
148	10
151	9
155	4
156	3
161	12
163	8
172	7
178	2
180	1
197	14
Market 246
6	15
9	5
11	2
14	12
16	13
19	12
20	11
23	4
25	13
29	15
31	8
37	4
52	15
53	3
54	14
60	15
62	1
65	3
75	11
81	9
87	7
105	15
121	10
124	1
134	6
140	10
147	10
151	15
152	10
155	15
158	6
180	5
187	11
188	8
191	13
194	11
Market 215
2	3
19	1
25	6
26	15
28	3
33	13
42	6
46	14
53	9
62	10
71	8
74	11
78	2
82	12
83	2
87	12
88	11
96	10
98	9
101	11
109	13
113	11
122	7
123	7
127	15
130	8
140	2
141	11
145	6
157	3
184	1
188	15
197	11
199	11
200	2
Market 11
17	2
20	6
25	10
31	12
37	9
38	8
53	4
54	3
71	11
72	11
74	12
87	8
114	13
116	9
120	15
126	7
133	8
135	4
139	1
147	3
155	13
158	6
159	5
168	1
177	8
185	9
190	12
199	6
Market 124
58	11
60	14
63	10
68	6
70	12
74	1
109	14
110	1
124	4
134	12
138	14
150	2
152	12
168	1
174	15
176	5
182	6
195	11
Market 283
14	4
16	6
20	5
31	15
41	9
55	5
62	2
83	3
84	7
87	5
88	1
107	2
113	3
122	4
128	14
134	3
144	2
152	13
158	11
161	10
163	7
169	3
191	9
196	10
199	12
Market 179
4	12
14	9
31	12
54	14
55	8
65	15
81	8
84	2
92	10
98	3
113	10
114	4
138	15
144	9
147	3
155	6
157	4
160	13
171	4
183	8
188	8
189	3
200	12
Market 22
28	15
41	6
51	11
55	7
60	15
64	12
74	10
75	3
80	1
81	14
83	13
87	6
88	1
101	15
130	1
138	5
160	3
167	1
170	5
172	5
182	4
186	8
194	10
200	15
Market 191
5	12
6	5
8	10
11	5
12	12
14	1
18	1
19	4
25	5
35	1
38	12
51	8
63	15
65	15
71	4
74	6
76	7
88	4
105	4
109	2
110	12
127	10
135	5
157	12
167	6
170	11
186	13
Market 7
5	14
6	7
8	10
13	10
16	1
21	9
28	9
29	2
33	1
38	11
56	3
57	14
59	9
63	5
74	7
80	9
94	13
101	7
119	7
130	2
144	1
155	14
174	8
177	5
182	6
191	8
200	15
Market 248
20	13
33	1
71	4
74	2
80	9
81	5
83	7
84	4
105	5
109	3
146	8
154	12
155	9
157	15
177	10
191	6
199	7
Market 233
3	8
8	9
13	10
16	6
27	7
29	11
31	6
43	1
48	9
54	3
65	9
72	2
101	1
105	8
107	10
116	9
119	7
123	11
141	11
143	2
148	12
157	14
178	4
183	11
184	8
185	10
190	6
196	2
Market 41
6	8
12	11
13	1
14	2
16	7
21	4
23	15
25	4
29	4
37	7
40	5
42	10
43	10
44	7
47	5
49	4
55	13
61	10
66	12
76	7
78	8
82	5
83	11
97	11
119	9
127	7
138	3
141	3
144	7
145	1
146	12
158	3
161	9
171	7
186	2
190	12
195	4
199	5
200	14
Market 92
4	15
33	12
41	10
62	2
69	11
78	2
80	14
94	10
98	12
101	5
104	12
110	13
123	6
127	5
130	4
158	9
170	2
174	7
177	1
182	3
189	12
200	5
Market 105
12	8
13	13
15	13
16	3
17	11
19	6
33	5
39	6
42	14
43	4
47	4
49	2
53	1
62	6
67	8
73	3
78	11
83	5
88	9
92	5
98	9
102	14
110	2
117	13
118	8
129	11
136	9
143	1
163	15
172	2
173	1
183	7
199	12
Market 58
4	1
5	14
9	10
14	12
15	15
20	14
21	3
25	6
33	13
41	4
49	10
52	7
54	3
57	6
60	10
63	13
65	3
75	13
78	2
81	4
82	15
105	6
109	7
119	1
124	14
125	5
130	11
138	5
144	6
148	7
169	7
175	13
182	8
195	5
200	9
Market 274
4	8
14	6
28	13
31	1
47	3
80	14
82	14
101	8
119	11
121	4
123	1
129	6
130	4
136	2
138	6
140	4
141	11
142	5
143	12
144	2
151	14
166	13
169	6
172	5
187	4
200	14
Market 180
4	9
54	5
68	3
71	5
72	14
78	4
79	3
88	11
101	14
105	15
107	11
110	2
113	4
114	11
119	10
123	3
127	11
133	3
136	15
139	6
140	4
143	10
147	11
152	13
156	5
157	1
179	14
183	6
184	14
187	7
191	11
199	9
Market 44
20	4
47	7
62	10
79	2
84	11
98	6
101	12
109	2
110	12
121	12
123	6
127	1
128	6
130	10
140	7
143	12
147	6
148	11
154	8
158	7
161	4
167	5
176	9
178	6
184	1
186	7
190	5
Market 47
2	9
4	6
11	4
13	15
21	12
23	5
37	3
40	5
43	6
50	15
66	3
73	3
81	10
88	6
98	15
105	5
107	4
110	10
113	1
123	1
128	9
145	10
152	4
160	14
161	13
168	12
170	8
174	15
175	10
182	7
183	15
189	8
192	15
199	4
Market 16
20	11
28	7
41	10
60	9
75	11
76	12
88	6
95	11
113	9
121	14
122	8
130	9
135	7
157	2
160	6
166	8
174	12
178	6
179	11
182	13
184	12
186	2
194	6
195	2
197	11
Market 43
6	7
25	3
28	12
33	6
43	7
49	15
57	10
60	11
69	2
71	4
84	4
86	12
97	12
100	6
101	3
111	15
121	5
130	4
135	12
137	15
138	12
144	12
155	8
170	3
174	15
176	2
182	8
190	14
191	15
199	8
Market 15
2	10
29	6
37	13
49	2
58	7
62	9
80	7
84	10
86	15
94	10
99	4
118	6
121	1
126	12
129	5
133	12
138	4
139	6
140	4
151	5
166	11
169	14
186	1
191	13
Market 3
4	15
25	5
33	8
41	12
72	11
73	12
79	2
83	13
84	11
94	7
108	9
136	13
144	2
148	15
155	13
156	3
174	4
193	9
Market 38
2	13
4	8
5	10
11	13
14	5
21	10
29	2
37	13
40	11
43	10
44	9
55	7
65	15
75	3
78	3
81	10
107	4
127	6
143	15
144	8
150	15
166	7
167	5
175	11
178	15
187	14
191	11
194	11
198	10
Market 46
6	12
16	5
28	7
31	10
41	4
43	3
47	11
53	14
56	13
60	13
62	7
70	13
79	6
84	14
89	1
91	11
99	3
109	11
110	9
112	7
116	4
119	14
121	10
130	11
136	11
138	3
152	15
160	1
166	12
169	12
178	4
182	9
185	12
191	13
194	9
200	3
Market 237
13	13
15	15
19	3
20	7
25	15
26	9
27	5
28	7
29	9
34	2
35	1
37	14
38	14
41	11
47	12
52	5
54	14
71	3
76	5
78	10
79	2
82	4
85	14
89	2
100	3
119	13
121	7
123	11
135	4
143	1
147	10
149	8
155	9
158	5
161	13
171	11
175	8
178	9
180	7
186	12
188	9
190	13
193	8
197	10
200	6
Market 277
2	11
16	6
20	10
29	5
31	9
45	12
47	5
50	10
53	15
56	3
57	4
61	1
62	3
69	14
74	12
81	12
86	4
88	2
89	9
102	2
110	7
121	5
144	14
147	4
151	6
155	8
161	2
177	1
183	10
199	2
Market 223
6	11
11	2
15	2
20	10
29	8
33	7
44	4
50	1
70	3
73	13
75	1
79	2
82	6
117	5
119	4
129	14
144	14
163	1
173	14
174	2
196	1
197	12
Market 132
62	10
69	11
81	10
88	9
121	14
122	8
150	12
161	10
184	15
190	9
197	5
200	5
Market 158
15	2
31	7
33	8
37	15
47	2
49	3
55	5
73	6
77	5
80	3
81	9
95	11
98	9
101	10
113	8
121	1
124	15
130	15
135	12
140	4
143	10
145	15
147	4
157	6
160	5
174	9
177	9
178	10
183	13
189	8
200	7
Market 238
4	4
17	13
20	3
25	12
33	15
55	2
59	12
62	8
73	10
79	13
81	12
98	14
103	14
116	5
123	1
126	7
142	8
151	13
158	6
165	3
169	14
171	4
174	10
175	9
176	2
180	5
182	13
184	15
186	15
187	13
190	2
195	7
197	12
199	4
Market 235
15	3
47	9
60	13
75	7
78	10
94	10
104	7
107	14
119	1
128	7
143	2
145	4
185	14
194	12
Market 109
6	6
12	6
16	8
17	2
33	12
41	11
42	4
62	14
73	14
75	10
80	6
83	13
88	12
109	15
122	12
124	8
150	1
152	2
157	13
160	8
174	8
188	7
190	11
194	4
Market 174
6	8
20	3
43	4
47	2
53	13
54	13
78	7
81	12
83	5
88	11
98	3
123	8
140	9
144	10
145	8
155	2
158	2
159	4
187	2
189	5
Market 115
6	4
17	13
28	12
33	10
37	7
47	8
49	1
62	4
75	10
82	12
87	8
90	8
100	10
108	13
123	13
134	9
136	8
138	14
152	13
154	12
170	9
176	10
178	1
188	14
197	15
Market 90
6	8
14	2
15	7
41	1
51	13
55	10
62	9
83	12
103	9
105	6
110	4
119	3
128	15
135	1
139	14
158	5
170	11
172	4
178	14
182	11
186	10
190	15
193	4
199	2
200	7
Market 88
70	9
73	7
82	3
87	15
92	10
101	9
105	1
107	13
109	11
119	8
123	12
130	3
134	9
140	7
141	11
147	4
151	14
158	8
159	1
163	13
175	13
185	4
186	8
187	11
Market 74
28	9
33	6
47	3
62	11
72	11
78	6
79	15
114	5
116	4
121	6
128	15
138	6
140	4
141	8
161	9
178	11
186	15
196	11
Market 59
14	8
17	1
19	15
20	11
41	6
55	11
60	5
73	13
81	2
82	3
83	3
84	8
92	13
105	5
106	12
110	15
113	11
119	12
127	6
140	10
146	9
161	9
168	14
177	9
186	8
Market 247
37	15
44	6
54	1
56	2
84	10
89	7
94	2
104	7
130	7
135	11
140	8
144	1
152	9
176	4
182	13
199	3
Market 84
41	11
74	3
78	8
84	13
89	1
94	13
106	2
107	4
110	1
116	4
119	13
123	15
133	5
141	10
144	2
150	1
152	8
178	5
186	12
189	8
191	15
195	2
199	8
Market 126
6	15
15	8
16	5
28	7
33	1
41	4
43	1
53	14
54	9
57	9
70	9
74	15
82	5
91	15
100	7
110	9
127	10
133	3
138	12
141	4
151	4
154	15
155	10
157	1
158	3
161	6
171	10
176	13
178	15
182	2
184	7
194	6
Market 134
4	11
6	15
15	9
25	11
28	8
43	5
49	3
51	6
57	2
60	9
61	7
62	1
71	13
78	14
80	6
83	11
88	1
99	7
107	14
110	7
114	3
116	14
119	1
122	15
135	2
141	9
143	6
147	3
161	12
166	1
170	13
188	2
190	6
195	10
Market 224
25	4
28	2
73	12
76	5
80	14
81	13
88	3
91	4
98	15
110	11
113	13
119	9
124	13
136	4
137	14
138	15
140	3
143	1
148	7
152	7
173	1
174	7
178	2
185	12
186	2
197	8
199	4
200	7
Market 39
1	2
2	15
8	9
18	13
26	4
35	7
38	3
40	5
44	14
49	4
52	8
53	14
61	1
68	7
78	15
81	13
83	6
84	3
88	15
98	10
107	5
115	2
133	15
136	6
140	10
147	9
155	4
156	8
158	6
161	12
171	15
177	14
190	1
197	6
Market 152
4	14
14	14
41	2
43	4
54	3
55	9
61	8
70	15
77	5
80	9
91	6
107	13
111	9
112	6
113	12
121	7
122	2
134	9
145	6
155	7
158	2
166	4
179	6
186	11
Market 155
15	14
37	4
43	15
47	15
49	2
54	9
78	2
80	11
88	3
99	3
101	8
105	7
122	14
134	1
144	15
147	14
150	2
155	5
158	9
174	15
176	15
177	4
179	5
183	5
190	7
197	1
Market 186
6	8
15	13
20	13
43	2
55	8
58	14
61	3
71	10
78	11
84	2
86	13
103	15
107	5
116	6
119	5
123	15
128	11
158	11
168	15
171	12
172	9
183	10
184	8
199	10
Market 256
4	5
20	6
28	8
63	5
69	8
73	12
75	12
79	2
80	9
91	14
101	5
108	7
110	8
118	10
119	1
121	5
126	7
127	3
130	2
133	7
135	11
136	12
138	7
139	10
141	3
142	12
150	9
151	2
158	11
166	2
169	3
175	13
182	11
185	10
190	8
193	6
195	8
197	3
199	7
Market 175
1	12
4	11
6	3
14	11
18	2
19	1
20	12
31	12
33	5
35	4
37	6
40	13
44	4
47	15
53	6
55	15
60	12
64	12
70	15
71	10
74	8
75	5
76	9
79	3
81	13
82	14
95	12
97	14
101	9
109	15
110	5
111	15
113	2
118	12
119	12
123	6
128	14
134	1
137	4
145	14
146	10
150	8
159	13
160	9
161	5
163	13
174	5
176	8
177	12
182	4
186	2
189	14
194	13
195	8
200	3
Market 87
11	10
13	15
14	1
26	12
28	1
29	3
35	8
37	11
38	10
43	13
47	10
56	14
57	14
62	1
71	3
80	8
82	2
83	2
93	6
105	7
117	15
121	8
122	14
123	7
124	3
129	9
138	8
141	5
143	4
150	5
151	1
155	9
166	1
170	10
174	5
175	14
193	7
Market 261
5	12
6	12
9	1
15	11
19	14
24	2
28	12
41	2
50	11
56	2
58	13
65	7
68	5
81	5
85	10
86	11
98	4
101	6
110	5
115	11
116	10
121	1
127	15
130	8
141	3
144	14
147	3
167	6
180	2
184	8
190	11
199	15
Market 260
31	4
63	10
71	9
84	14
88	7
98	11
106	5
121	9
124	1
138	12
143	4
150	5
155	12
158	13
177	1
188	7
195	1
199	13
Market 212
25	2
41	6
71	13
73	15
80	12
81	13
83	8
84	8
98	1
101	9
102	6
105	14
109	13
113	1
121	6
126	15
130	12
135	2
141	13
143	14
145	6
147	12
161	9
179	13
180	14
185	1
195	13
200	12
Market 150
4	6
7	6
9	14
13	3
14	1
21	8
24	7
28	5
31	7
37	5
41	5
43	7
46	7
47	10
48	1
49	8
50	15
54	6
55	13
57	2
60	5
72	14
73	8
89	11
103	12
107	5
114	12
119	2
126	5
128	4
133	15
135	5
141	2
145	13
147	6
158	3
171	8
174	9
175	1
187	3
196	11
Market 9
8	8
17	8
19	10
20	15
21	14
23	4
25	9
29	13
47	3
49	9
53	7
56	4
74	6
77	11
79	12
81	9
88	9
97	15
105	6
110	7
123	7
128	9
130	12
139	4
145	8
150	9
170	3
178	1
182	14
185	3
187	3
191	12
197	4
Market 239
6	5
8	1
11	8
33	1
35	1
42	4
43	2
49	15
51	3
56	11
60	1
62	12
64	4
82	10
84	7
88	14
91	4
105	6
110	12
111	4
113	13
129	1
138	9
141	5
145	4
148	12
154	9
159	4
176	12
182	6
190	13
197	7
Market 19
6	3
15	14
16	7
20	6
25	5
28	9
31	1
47	11
55	11
57	3
61	7
63	2
65	1
76	4
88	9
91	12
92	11
97	1
101	2
102	6
113	13
121	12
125	12
127	6
128	5
131	2
138	14
144	1
158	7
160	6
161	6
175	15
177	15
180	12
195	14
Market 153
6	7
16	7
19	11
23	9
33	6
37	11
49	13
51	15
52	3
53	1
54	6
56	2
72	14
73	2
83	5
86	6
92	12
102	3
105	11
107	6
110	14
136	2
140	6
148	1
158	11
163	1
172	5
180	3
192	11
195	1
199	10
200	6
Market 12
4	3
20	2
33	6
43	13
47	4
55	15
71	14
72	13
80	2
87	9
99	11
105	3
107	5
113	5
119	13
123	11
124	13
127	5
135	4
136	6
140	2
148	2
150	13
152	15
159	15
166	14
170	3
172	10
179	5
190	15
191	5
Market 70
1	1
2	3
8	1
12	9
14	11
17	15
18	7
20	14
26	12
29	7
33	9
38	4
40	9
41	2
49	11
54	10
55	12
56	4
57	9
61	7
63	10
70	1
73	9
75	9
87	3
101	9
112	4
134	14
135	3
143	4
145	8
152	7
153	5
155	7
182	13
189	5
191	4
195	13
199	2
Market 42
4	4
6	13
19	1
20	13
25	7
28	6
31	11
41	12
43	4
47	13
55	1
69	4
73	9
79	13
81	14
82	5
84	15
87	10
89	10
91	10
104	10
109	6
111	13
113	8
116	9
121	15
127	3
137	5
148	13
152	11
157	15
158	10
162	4
170	14
172	15
174	4
180	5
182	13
183	13
187	4
190	8
192	8
195	13
197	4
199	3
200	12
Market 85
16	1
20	3
23	13
35	3
41	3
43	9
49	6
51	14
55	7
62	11
84	5
90	7
93	3
122	1
126	13
130	8
133	2
138	7
145	6
151	15
156	5
193	1
Market 116
4	9
41	11
61	11
71	4
73	12
83	7
94	10
124	14
141	5
143	8
147	12
Market 181
11	4
12	7
14	2
23	5
25	14
31	13
33	5
37	5
42	11
47	14
53	4
56	5
60	11
62	14
75	11
87	14
91	13
113	12
123	3
127	13
140	2
141	6
170	13
187	4
188	6
197	4
Market 26
31	3
33	3
57	8
60	4
74	2
84	10
86	1
88	5
92	6
107	11
114	10
130	2
141	10
158	11
171	10
184	9
191	6
197	1
199	5
Market 127
1	12
4	3
11	14
16	6
17	1
26	12
32	1
33	12
35	14
38	9
41	7
43	8
44	14
46	3
49	2
52	7
66	7
72	6
84	14
88	9
90	6
94	3
95	10
100	5
102	4
105	11
107	9
119	8
127	2
133	1
138	7
142	15
145	9
154	8
155	4
156	4
160	5
165	4
168	4
170	5
174	10
182	11
186	5
188	3
190	2
Market 184
73	7
87	13
134	9
137	4
140	14
152	8
188	1
199	11
Market 166
6	1
8	1
13	10
16	3
18	1
20	15
21	6
23	13
28	5
29	1
33	15
35	9
38	3
42	1
44	6
45	4
47	5
56	11
60	5
63	3
66	14
70	11
73	1
79	10
82	4
84	13
86	2
87	8
91	5
99	1
100	3
101	12
105	4
111	4
123	9
125	1
129	14
132	9
140	5
141	14
143	15
150	2
152	13
155	5
161	10
168	15
175	13
176	2
179	13
180	8
182	13
185	6
190	6
192	3
196	15
Depot
