CapEuclideo.200.150.1.5
Total Cost:448144
|M*|: 199
Depot
Market 50
1	13
2	8
3	2
4	6
5	2
6	8
10	5
12	12
14	9
15	7
17	15
21	3
24	14
25	15
26	7
28	8
29	10
32	5
35	10
38	12
39	14
41	9
44	2
47	8
50	2
56	8
58	4
62	6
64	11
67	2
68	13
73	3
75	2
79	7
81	8
83	12
87	5
89	13
92	7
96	7
98	6
99	12
103	15
104	1
105	1
107	11
110	7
113	8
116	12
120	13
123	11
124	6
125	4
128	13
132	6
137	6
141	11
143	1
148	6
150	12
Market 197
2	12
3	6
5	13
6	6
7	12
12	5
14	3
15	12
17	4
19	11
22	13
24	5
25	4
26	8
27	12
28	15
29	6
31	10
32	9
33	10
36	6
39	1
42	6
44	4
49	1
50	1
53	9
56	1
57	5
59	10
64	7
67	13
72	11
74	5
75	12
76	9
79	11
82	10
83	5
84	3
85	5
87	6
89	15
90	11
93	6
97	9
98	11
99	13
101	15
103	15
105	15
108	15
112	1
113	14
115	9
116	7
118	3
120	3
121	8
124	8
127	3
128	12
129	10
134	2
139	5
142	8
143	10
144	12
150	13
Market 115
1	13
2	12
3	12
5	7
10	2
12	8
13	12
15	15
17	8
19	7
21	10
24	15
25	9
26	6
27	15
28	9
29	15
32	4
35	11
36	10
39	2
41	11
42	13
43	15
50	10
62	6
63	7
64	14
67	13
68	7
73	6
75	9
79	8
81	15
83	3
84	3
86	12
89	9
96	8
97	15
98	1
99	6
101	3
102	1
104	3
105	9
107	6
108	3
113	3
115	6
121	13
124	6
125	11
127	7
129	8
130	9
137	14
141	2
143	14
144	14
147	2
150	8
Market 153
1	8
3	15
4	10
6	6
10	10
13	10
14	13
15	7
17	13
19	15
24	15
26	10
27	10
28	13
29	2
32	5
34	5
36	14
37	9
39	11
44	11
45	14
46	7
50	10
54	1
58	7
61	12
63	10
64	5
66	4
67	13
68	14
72	9
73	14
75	8
77	2
78	13
79	14
81	8
83	12
85	1
89	2
91	3
92	4
95	2
97	1
98	2
99	10
101	2
103	7
105	5
109	3
113	11
115	2
118	13
121	3
124	1
127	6
129	13
136	11
141	1
143	2
146	9
147	7
Market 162
1	1
2	7
3	7
4	11
6	2
11	10
15	11
17	3
21	6
25	7
26	10
28	6
33	11
35	4
41	7
44	13
47	1
50	6
56	5
58	11
62	7
64	6
68	2
73	10
75	6
79	11
82	9
84	7
87	7
92	9
96	10
98	7
100	13
103	2
104	5
107	7
110	3
113	11
116	12
120	13
123	14
126	6
128	11
137	12
141	1
143	15
149	12
150	7
Market 56
1	7
2	1
3	14
4	5
5	13
6	8
10	3
14	12
15	14
17	12
19	6
21	13
26	3
32	1
35	2
36	12
37	3
39	5
41	7
42	7
43	2
46	9
50	7
56	2
58	14
62	1
63	3
67	1
75	13
81	6
86	10
92	6
97	11
99	12
101	10
102	13
104	1
105	13
107	10
110	11
113	15
124	14
125	11
127	4
130	9
137	14
141	10
147	3
Market 3
1	7
2	8
3	13
6	6
12	8
13	7
14	2
15	11
19	15
22	12
24	10
25	8
26	10
27	4
28	4
29	2
32	12
33	4
35	13
36	8
37	5
39	1
41	10
42	8
43	7
44	5
46	11
50	5
58	3
62	13
63	7
64	11
67	2
68	6
73	1
74	10
75	12
79	6
81	7
83	4
84	11
85	6
89	5
92	5
95	9
98	13
99	13
101	6
103	14
104	1
105	12
107	10
108	7
113	4
119	4
123	14
124	1
125	12
129	15
134	8
137	3
141	14
143	8
144	11
147	7
Market 82
1	4
2	15
3	1
4	12
13	1
15	10
17	2
21	3
24	15
26	15
28	13
29	4
32	10
35	5
36	2
37	15
39	12
41	14
42	14
43	5
46	2
50	4
55	11
58	4
62	4
73	6
75	12
79	8
81	12
83	6
85	3
89	7
92	9
97	11
98	3
99	12
101	8
103	15
104	7
105	6
107	5
113	2
115	3
120	1
124	14
125	9
127	1
130	1
137	13
141	14
143	7
147	5
150	2
Market 106
2	12
3	12
5	6
8	4
12	1
15	11
17	10
19	6
24	14
25	6
26	14
27	14
28	2
32	11
36	4
39	13
42	5
45	12
50	9
53	1
57	1
61	1
63	8
64	10
67	15
68	7
72	1
74	14
75	8
76	13
80	5
83	8
85	10
89	13
91	5
94	3
97	2
99	12
101	7
103	13
105	8
108	14
112	4
115	1
118	7
121	15
124	15
127	8
129	8
135	5
140	5
141	6
143	6
145	12
150	11
Market 126
2	2
3	5
5	4
9	11
12	12
15	1
17	4
19	2
24	7
25	13
26	1
27	6
29	7
32	2
34	6
36	13
39	14
42	15
45	8
50	8
53	9
57	1
61	4
63	13
64	5
67	10
68	6
72	13
74	7
75	10
80	9
83	13
85	12
89	4
91	4
95	13
97	12
99	3
101	8
103	9
105	9
109	1
112	6
113	5
115	10
118	1
121	1
124	15
127	15
129	6
135	5
140	13
141	12
143	5
145	11
150	12
Market 40
2	6
3	11
5	8
8	4
12	11
15	5
17	6
19	11
23	10
25	1
26	9
27	10
32	4
34	5
36	2
39	15
42	10
44	12
50	2
53	14
57	12
60	4
63	15
64	1
67	11
72	15
74	2
75	6
79	9
83	13
84	5
88	11
91	15
94	15
97	1
98	5
101	14
103	4
105	15
112	13
115	8
118	11
121	2
127	10
129	9
134	13
140	1
141	3
143	15
144	2
150	10
Market 121
1	11
2	3
3	13
4	6
6	9
10	13
13	15
15	6
17	2
19	15
24	10
26	13
27	8
29	2
32	6
34	5
37	7
41	11
43	14
46	14
50	13
55	4
58	10
62	5
63	1
66	4
68	13
73	2
75	15
78	1
81	12
83	12
85	10
89	5
92	6
95	12
98	14
99	2
101	5
104	2
106	11
109	14
113	2
115	5
119	11
122	10
125	11
127	2
129	10
137	9
141	3
147	7
150	4
Market 28
3	8
5	6
10	10
12	13
15	11
17	12
19	14
24	14
26	7
27	8
29	1
32	1
34	13
36	3
39	1
42	1
45	11
50	2
54	15
57	12
61	8
63	7
66	12
68	13
72	3
75	14
76	4
81	8
83	13
85	5
89	2
91	1
95	15
97	1
101	10
103	7
105	15
109	4
112	11
113	13
115	13
118	12
121	5
124	4
127	11
129	11
135	4
141	4
143	2
146	9
Market 160
2	4
3	5
6	4
10	1
13	7
15	15
17	15
19	8
24	8
25	15
26	8
27	10
28	7
29	3
32	1
34	15
37	14
39	15
42	8
46	9
50	3
54	9
58	2
61	11
63	2
66	14
67	2
68	3
73	4
75	10
78	8
79	5
81	13
83	12
84	15
85	8
89	9
91	14
95	15
97	4
98	7
99	4
103	9
104	15
105	8
109	8
113	7
115	4
119	5
121	2
124	5
129	13
136	5
141	9
143	14
147	4
150	5
Market 87
1	8
2	13
3	7
5	3
6	3
9	13
12	10
14	12
16	7
17	1
18	3
19	3
22	8
24	1
25	9
27	7
28	14
29	7
30	5
32	13
33	2
34	14
35	14
39	6
41	10
42	1
45	2
48	1
50	4
51	12
54	6
56	10
57	6
59	10
61	15
62	14
63	12
64	8
66	12
67	9
68	12
69	9
72	3
73	11
74	11
75	9
76	12
79	2
81	10
82	11
83	1
84	9
85	4
87	11
89	9
90	6
91	1
92	5
95	9
96	13
97	7
98	10
99	10
101	14
103	10
105	13
108	5
109	2
111	4
112	7
113	15
115	3
116	4
118	13
120	5
121	3
124	3
126	7
127	12
128	13
129	9
134	2
135	1
141	14
142	12
143	5
144	12
146	12
150	5
Market 182
1	3
2	6
3	15
4	2
5	7
6	10
11	3
12	8
14	14
17	15
19	15
21	11
22	14
25	9
26	15
27	8
28	9
32	13
33	6
35	10
36	6
39	2
41	11
42	1
44	13
47	2
50	10
56	2
58	10
62	3
63	2
64	12
67	10
68	12
73	11
74	8
75	9
79	13
84	3
87	2
89	3
92	2
96	4
97	14
98	11
100	4
101	6
103	9
105	15
108	14
111	13
112	10
113	1
116	4
120	2
121	12
123	1
124	3
126	10
128	1
129	4
132	6
134	7
137	12
141	3
142	5
143	10
144	4
149	3
150	14
Market 12
1	5
2	3
5	14
6	4
12	13
14	15
16	4
17	4
18	13
22	10
25	7
26	4
28	4
30	8
32	4
33	3
35	1
39	14
42	1
44	7
47	15
50	14
51	2
56	7
59	9
63	2
64	13
67	11
68	2
74	8
75	4
79	12
82	4
83	15
84	14
87	3
89	8
92	7
96	6
98	5
100	2
103	6
105	8
108	1
111	8
113	5
116	14
120	4
124	4
126	4
128	10
133	3
138	1
141	15
144	3
150	12
Market 131
1	15
2	3
3	3
5	15
6	3
12	14
14	9
16	8
18	13
19	10
22	15
25	8
26	2
27	12
28	5
30	15
31	7
33	14
35	8
36	15
39	2
41	8
42	2
44	6
47	15
49	6
51	11
56	9
59	13
62	5
63	11
64	4
67	1
68	8
70	7
74	11
75	9
76	9
79	7
82	1
84	14
87	5
89	13
92	9
93	6
96	5
97	10
98	6
100	5
101	9
103	2
105	10
108	14
111	9
112	4
113	8
116	13
117	10
120	8
121	3
124	10
126	13
128	2
129	15
133	8
134	4
141	14
142	5
143	11
144	5
150	10
Market 48
1	2
2	8
3	4
5	3
6	1
10	12
13	12
15	12
17	12
19	9
24	3
26	3
27	10
29	13
32	1
34	9
36	9
39	10
42	13
45	1
50	6
54	10
58	2
61	13
66	15
68	2
72	6
75	6
77	8
81	8
83	3
85	13
89	5
91	8
92	1
97	4
99	5
101	10
104	3
105	8
109	10
113	13
115	12
119	15
121	9
124	13
127	2
129	8
136	14
141	3
143	10
146	1
Market 166
1	10
2	11
3	11
5	3
10	3
12	5
15	10
17	1
19	6
24	7
26	1
27	2
32	14
34	10
36	6
39	2
42	9
45	15
50	6
54	15
57	6
58	10
61	10
63	2
66	5
68	1
72	14
77	6
81	9
83	3
85	11
89	9
91	11
95	1
97	4
99	5
101	6
104	5
105	5
109	15
113	8
115	7
118	5
121	5
124	11
127	8
129	4
136	11
141	15
143	14
146	14
Market 128
1	5
2	8
4	9
10	8
13	10
15	15
17	4
24	2
26	12
28	4
29	9
32	3
35	2
37	3
39	4
41	5
42	15
46	10
55	12
62	1
63	14
67	8
68	10
73	12
81	6
83	6
89	13
92	1
97	9
98	10
99	6
101	11
104	3
105	14
107	1
110	8
113	6
115	5
120	14
123	6
124	12
125	6
127	6
130	1
137	13
141	10
143	4
147	15
150	8
Market 77
1	10
2	11
3	2
4	11
6	2
11	1
14	6
15	7
18	13
22	5
25	3
26	1
28	7
30	12
33	7
35	9
39	3
41	12
44	12
47	11
50	3
56	7
58	15
62	4
64	9
67	14
68	12
73	2
75	9
79	14
82	3
84	4
87	11
92	3
96	2
98	6
100	5
103	10
105	12
107	8
111	11
113	13
116	2
120	5
124	1
126	14
128	4
132	5
137	14
141	6
143	3
149	12
150	5
Market 103
1	1
2	6
3	2
6	2
11	15
14	14
15	4
17	6
26	3
28	7
30	1
32	14
33	1
35	4
41	7
44	5
47	6
50	15
56	15
58	11
62	1
63	8
64	14
67	11
68	11
73	5
75	13
79	11
82	15
84	13
87	8
89	2
92	8
96	12
98	5
103	10
105	1
107	13
110	2
113	11
116	13
120	15
126	11
128	14
132	9
137	7
141	3
143	6
149	8
Market 45
2	7
3	4
6	9
14	6
16	12
17	7
18	14
25	14
26	8
28	2
30	2
36	15
39	7
42	14
44	8
48	8
50	12
51	3
59	15
63	9
64	5
67	5
68	6
74	7
75	1
79	1
82	12
87	4
90	12
92	12
97	12
98	4
101	6
103	12
105	6
108	5
113	12
116	11
124	2
126	5
128	13
134	15
138	2
141	11
144	11
150	10
Market 171
1	2
2	12
3	3
4	15
6	3
12	15
14	6
15	14
17	12
19	4
21	12
22	15
25	10
26	7
27	1
28	3
32	12
33	9
35	2
36	15
39	3
41	9
42	3
44	14
50	4
53	10
57	15
58	8
62	10
63	2
64	1
67	15
68	14
72	11
73	2
74	15
75	5
76	6
79	13
83	6
84	2
87	13
88	12
89	14
91	9
92	8
94	14
97	4
98	13
101	6
105	7
107	3
108	13
112	8
113	7
114	12
118	1
120	15
121	11
123	6
124	6
127	5
129	12
137	2
140	13
141	14
142	2
143	3
144	3
150	12
Market 7
1	4
3	14
4	12
6	8
8	11
10	13
12	11
14	2
15	9
21	13
24	5
25	4
26	9
27	6
29	11
35	6
36	5
38	10
39	5
41	2
46	3
50	3
57	9
60	2
64	7
67	4
68	15
72	3
73	14
74	1
76	6
79	8
81	10
83	8
84	8
86	3
88	6
89	1
91	14
92	13
94	11
96	2
97	13
98	13
99	7
101	11
103	9
104	1
105	15
107	5
108	10
110	3
112	3
114	5
118	15
120	3
123	15
124	8
125	6
127	10
129	5
140	8
142	9
143	11
144	3
147	13
Market 97
1	4
2	4
3	7
5	14
6	15
12	8
14	5
15	5
16	1
17	4
18	12
22	7
25	10
26	12
28	1
30	1
33	1
35	12
39	13
41	8
42	9
44	13
47	8
50	12
56	14
59	9
62	13
63	15
64	3
67	9
68	9
75	15
79	11
84	8
87	15
89	12
92	8
98	12
100	7
103	15
105	9
108	13
111	5
113	1
116	8
120	15
124	13
126	14
128	15
133	2
138	14
141	15
143	5
150	9
Market 16
1	2
2	8
3	4
4	11
6	12
10	2
13	4
15	9
24	15
26	14
27	10
29	8
32	4
34	5
36	6
37	6
39	8
41	8
42	6
46	9
55	1
58	14
62	10
66	4
68	9
73	4
81	15
83	2
85	10
89	9
92	2
95	14
97	5
98	13
99	14
101	10
104	15
105	5
106	5
110	11
113	14
115	10
124	3
125	15
127	13
129	3
141	2
Market 63
2	11
3	3
5	2
6	13
10	14
12	4
14	11
15	11
16	4
17	7
19	4
21	7
22	2
24	11
25	13
26	2
27	2
29	2
31	8
32	15
33	3
35	6
36	6
39	10
41	14
42	7
46	8
48	2
50	9
56	14
58	12
59	10
62	8
63	4
64	14
67	8
68	3
70	7
73	4
74	13
75	9
79	7
81	13
82	5
83	2
90	11
92	11
96	2
97	1
98	3
99	1
101	13
103	8
104	11
105	9
107	8
108	15
110	3
112	8
113	2
120	3
121	2
123	15
124	11
126	13
127	4
128	7
134	4
137	5
138	8
141	11
142	2
143	8
144	8
147	14
150	10
Market 69
1	6
2	11
3	6
4	6
5	4
6	4
9	7
13	13
21	6
24	12
25	3
26	9
27	5
28	11
29	9
32	14
34	5
35	11
36	5
37	3
39	9
41	11
43	6
45	12
46	14
50	6
53	11
56	13
57	11
58	14
61	6
62	13
63	2
67	10
68	15
72	11
73	5
74	3
75	14
76	3
79	12
80	6
81	9
83	5
89	3
91	7
92	12
94	6
95	12
97	13
98	7
99	1
101	4
103	15
104	8
110	2
112	10
113	13
115	9
118	11
120	2
124	7
125	5
127	1
129	12
130	14
135	11
137	10
140	2
141	5
143	11
145	10
147	8
150	1
Market 114
1	10
2	10
3	8
5	7
10	1
13	7
15	8
17	11
19	6
24	13
26	3
27	6
29	2
32	11
34	9
37	2
39	11
42	4
45	11
50	3
54	8
61	11
63	2
66	10
68	14
73	10
75	15
81	5
83	4
85	9
89	6
91	6
95	6
97	7
99	2
101	11
103	12
104	14
109	14
113	15
115	11
119	13
121	9
124	6
127	9
129	3
136	11
141	10
150	7
Market 109
1	14
2	3
3	2
4	3
6	15
10	1
15	14
17	13
21	11
24	11
26	4
28	15
29	6
32	9
35	13
38	5
39	15
41	8
44	4
47	8
50	11
56	9
58	10
62	9
64	11
67	7
68	6
73	7
75	10
79	7
81	15
87	1
89	8
92	11
96	1
98	7
99	10
103	15
104	5
107	12
110	10
116	5
120	1
123	10
125	8
127	10
132	4
137	10
143	1
147	6
Market 61
1	5
2	4
3	1
4	6
5	15
10	5
11	7
12	1
14	1
15	9
17	13
19	1
21	12
24	8
25	5
26	8
27	5
28	3
30	7
32	7
33	5
34	15
35	8
39	11
41	15
42	11
44	15
45	9
47	12
50	6
54	3
56	14
58	5
61	8
62	6
63	14
64	15
66	3
67	10
68	11
72	14
73	3
75	5
77	1
79	8
81	15
82	3
83	1
84	3
85	3
87	10
89	15
91	10
92	2
95	9
96	14
97	9
98	12
99	14
100	14
101	11
103	3
104	6
105	11
107	3
109	14
110	15
113	7
115	1
116	15
118	12
120	6
123	7
124	2
126	5
127	2
128	6
129	4
132	3
136	9
137	6
143	10
146	8
149	12
150	12
Market 117
1	6
2	2
4	6
5	15
6	5
8	6
10	13
12	14
14	15
15	15
16	12
17	2
18	8
19	15
21	15
22	9
23	2
25	2
26	3
27	9
28	6
30	8
32	5
33	15
35	8
36	1
38	14
39	11
41	15
42	9
44	7
47	3
50	9
51	6
56	14
57	11
58	6
59	3
60	10
62	15
64	10
67	7
68	13
72	13
73	3
74	11
75	6
76	4
79	1
81	4
82	4
83	11
87	2
88	5
89	13
91	11
92	10
94	14
96	9
98	5
99	7
100	5
101	8
103	10
104	2
105	5
108	2
110	5
111	15
112	13
113	9
114	10
118	15
120	12
121	7
123	4
124	1
125	8
126	10
127	9
128	2
129	13
132	12
133	2
134	8
137	12
138	4
140	12
141	13
142	13
143	6
148	6
150	6
Market 137
2	4
3	13
5	7
6	9
7	2
12	3
14	5
17	11
18	11
19	12
22	1
26	5
30	15
32	14
33	8
36	7
39	8
42	10
44	5
48	5
50	11
51	5
56	8
57	4
60	14
63	14
64	6
67	7
68	12
72	8
74	1
75	1
76	13
79	1
82	6
84	1
87	3
89	12
90	14
91	14
92	7
94	11
97	6
98	8
103	13
105	15
111	11
112	9
113	10
114	8
116	5
118	10
120	10
121	14
124	2
126	7
127	14
128	9
129	2
134	4
138	1
140	5
141	15
142	6
144	6
150	3
Market 189
1	11
2	11
3	9
6	9
12	11
14	1
16	4
17	3
18	7
22	8
24	12
25	11
26	1
30	5
32	9
33	10
39	12
41	15
47	7
50	3
51	2
56	3
62	1
68	9
73	1
75	2
79	14
82	15
83	1
84	9
92	4
98	12
99	3
100	12
101	11
105	9
108	1
111	12
113	4
115	12
116	3
120	3
124	6
126	5
127	12
128	12
133	9
138	10
141	5
150	8
Market 151
2	2
3	15
5	11
7	15
12	8
14	2
15	5
17	9
19	10
22	14
25	6
26	4
27	5
28	7
31	9
32	11
33	5
36	10
39	12
42	2
44	14
49	8
53	5
57	15
59	2
63	11
64	5
67	1
68	8
72	5
74	8
75	14
76	10
79	12
82	6
84	15
87	14
89	13
90	2
93	9
97	4
98	13
101	12
103	1
105	5
108	8
112	10
113	9
114	15
118	8
121	9
124	6
127	12
129	14
134	11
139	10
141	7
142	13
143	11
144	9
150	4
Market 27
2	8
3	10
5	11
8	3
12	3
15	6
17	9
19	3
23	5
25	9
27	3
28	4
32	14
34	15
36	5
39	4
42	1
44	2
53	9
57	6
61	14
63	5
67	4
72	10
74	6
79	10
89	12
94	8
97	5
99	4
101	7
103	14
105	9
108	15
112	3
115	9
118	7
121	5
124	15
127	11
129	10
134	12
140	3
143	14
144	2
150	6
Market 108
1	6
2	10
3	14
4	4
10	4
13	11
15	6
17	1
19	2
24	13
26	11
27	5
28	4
29	6
32	2
35	6
37	4
39	8
41	3
43	7
44	6
46	12
50	14
55	5
58	8
62	2
63	4
66	6
67	2
68	7
73	7
75	5
79	3
81	5
83	8
85	4
89	7
92	10
95	9
98	11
99	2
101	3
103	14
107	15
110	5
113	8
115	6
119	10
122	8
125	7
127	7
129	10
137	13
141	13
143	6
Market 172
2	13
3	9
5	12
9	2
12	12
15	3
24	9
27	6
29	4
32	11
34	15
36	2
39	11
42	10
50	15
53	1
57	7
63	3
67	2
72	5
74	3
76	8
80	3
83	3
85	4
91	14
95	8
97	14
99	10
101	3
105	11
109	12
112	5
118	9
121	4
124	4
127	13
129	1
135	10
141	1
143	12
150	11
Market 159
1	4
2	13
3	11
4	6
5	4
6	5
9	14
10	7
12	12
13	12
17	6
19	15
24	1
25	2
26	9
32	8
34	12
35	8
36	13
37	13
39	7
41	1
42	6
45	7
46	11
50	3
53	2
54	1
57	13
61	10
62	13
63	15
65	4
66	1
68	10
72	4
73	9
75	3
76	3
78	7
79	8
80	14
81	14
83	15
85	13
89	7
91	9
92	7
95	11
97	13
98	6
99	5
101	5
103	11
104	14
105	6
107	4
109	14
113	8
115	8
118	13
119	8
121	4
124	11
127	9
129	1
135	5
136	6
137	5
141	15
143	11
145	15
147	14
150	14
Market 46
2	4
3	12
7	12
12	14
14	14
17	8
22	14
25	6
26	11
27	7
28	4
31	5
33	14
36	15
39	6
42	9
44	13
49	11
50	15
53	1
57	3
59	13
63	9
64	5
67	1
68	5
72	10
74	5
75	15
76	13
79	11
82	7
84	6
87	15
90	12
97	12
98	10
101	3
103	6
105	2
108	14
114	2
118	8
121	14
124	12
134	11
139	6
141	10
142	2
144	2
150	7
Market 98
1	12
2	14
3	7
4	9
5	13
6	5
11	11
12	13
14	12
15	9
16	11
17	6
19	3
21	7
25	6
26	6
27	15
28	4
31	15
32	7
33	9
35	7
39	13
41	12
44	5
50	11
56	1
58	1
63	2
64	10
67	15
68	6
70	1
74	8
75	8
79	13
82	4
84	1
89	14
90	10
92	8
96	15
97	13
98	2
101	5
103	3
108	8
110	11
113	9
120	12
121	10
124	12
126	12
128	14
132	13
134	3
137	2
138	7
141	11
143	13
144	10
150	6
Market 58
2	14
3	9
5	4
6	6
12	2
14	10
15	3
16	12
17	10
18	7
19	10
22	2
25	6
26	12
27	12
28	14
30	14
33	12
36	2
39	2
42	2
44	3
47	7
50	4
51	5
56	6
59	9
63	8
64	3
67	12
68	9
74	9
79	14
82	7
87	1
89	4
92	12
96	15
98	13
100	1
101	5
103	11
111	12
113	5
116	6
120	5
124	4
126	6
128	9
133	7
138	12
141	8
143	1
144	13
150	12
Market 120
1	2
2	9
3	9
4	11
5	15
6	8
10	3
12	10
14	14
15	15
19	8
21	12
24	3
26	14
27	14
28	11
29	7
32	4
34	8
35	2
36	3
38	14
39	1
42	11
44	8
45	5
46	2
50	10
54	8
56	7
57	4
58	2
61	15
62	2
63	13
64	8
66	11
67	12
68	2
72	7
73	3
75	7
77	13
79	12
81	5
83	6
85	4
87	6
89	7
91	6
92	10
95	8
96	8
97	11
98	12
103	2
104	12
105	3
107	14
110	15
113	12
115	15
120	3
121	14
123	11
124	7
125	2
127	3
129	11
131	14
137	8
141	1
143	1
146	2
147	9
150	11
Market 149
1	10
2	13
3	13
4	2
6	12
10	6
13	1
14	2
17	10
21	7
26	7
28	11
29	14
30	5
32	4
35	11
37	8
39	13
41	14
43	8
44	4
46	2
47	1
50	4
56	7
58	14
62	1
63	5
64	11
67	3
68	6
73	14
75	15
81	5
82	9
83	10
84	14
85	9
87	10
89	3
92	12
95	5
96	6
99	12
100	14
101	3
103	8
104	10
105	3
110	13
115	13
116	13
120	1
123	10
125	10
126	2
127	1
128	13
130	3
132	2
137	14
141	2
143	10
149	8
150	5
Market 107
2	11
3	13
5	5
6	12
10	15
13	2
14	12
15	10
17	15
18	14
19	12
22	3
25	15
26	15
27	14
28	9
29	5
30	2
32	13
33	9
34	6
36	3
39	5
42	7
44	4
48	13
50	12
51	8
54	14
56	15
57	4
59	9
61	10
63	6
64	12
66	15
67	13
68	3
72	7
74	8
75	13
77	1
79	12
81	6
82	15
83	3
84	7
85	7
87	2
89	2
91	4
92	10
95	13
97	6
99	12
101	2
103	1
104	1
105	1
108	3
109	2
111	9
113	5
115	13
116	10
118	5
120	3
124	7
126	10
127	9
129	6
133	5
136	7
138	9
141	12
143	8
144	15
146	5
150	9
Market 6
2	7
3	8
5	2
6	2
12	6
14	13
15	3
16	12
17	2
19	7
22	9
25	7
26	15
28	8
30	4
32	6
33	8
39	4
42	1
44	2
48	2
51	13
56	11
59	8
63	1
67	15
70	7
75	15
82	11
83	6
84	4
87	9
89	2
90	6
92	13
97	8
98	11
101	7
103	3
105	6
108	2
111	7
113	8
120	15
124	1
126	12
127	6
128	4
134	5
138	2
143	9
144	12
150	2
Market 72
2	4
3	6
5	10
6	9
8	2
12	1
14	6
16	13
17	9
19	11
22	3
24	10
25	10
27	10
28	13
31	6
32	2
33	8
34	5
36	11
39	8
42	11
44	13
50	7
52	6
53	15
57	3
59	14
61	14
63	14
64	11
67	12
71	2
72	5
74	4
76	9
79	2
80	11
82	1
84	12
87	15
89	9
90	3
91	12
93	3
98	3
99	4
101	7
103	8
105	2
108	9
113	14
115	4
118	9
121	6
124	1
126	3
127	6
129	9
134	12
135	12
139	5
140	9
142	2
143	1
144	9
150	12
Market 60
2	3
3	8
5	1
8	12
12	13
15	6
17	12
19	10
24	14
25	7
27	15
28	2
32	15
34	15
36	6
39	12
42	2
44	2
53	12
57	14
61	8
63	5
64	9
67	5
72	8
75	13
76	14
79	8
80	15
83	8
84	2
87	7
89	10
91	14
94	10
97	1
98	1
99	4
101	14
103	3
105	8
108	4
112	8
115	13
118	11
121	9
124	6
127	12
129	8
135	6
140	14
143	8
145	10
150	14
Market 143
1	8
2	10
3	9
5	8
10	7
12	7
14	11
15	2
16	10
17	14
18	12
19	5
22	14
24	6
25	11
26	10
27	5
28	3
29	12
30	15
32	12
33	6
34	13
35	3
36	5
39	12
41	2
42	1
44	6
47	15
50	2
54	10
56	5
57	1
59	10
61	8
62	7
63	14
64	2
66	14
67	8
68	9
72	12
73	4
75	10
77	2
79	14
81	7
82	8
83	13
84	13
85	10
87	10
89	3
91	13
92	2
95	3
96	11
97	9
99	1
100	2
101	15
103	8
104	2
105	9
108	13
109	14
111	14
112	8
113	2
116	3
118	9
120	7
124	3
126	10
127	7
128	10
129	2
133	11
135	15
138	5
141	10
143	12
146	14
Market 164
2	7
3	2
5	10
7	11
12	2
17	4
19	7
22	6
25	3
27	4
28	11
31	9
33	11
36	12
39	7
42	2
44	5
49	6
52	2
56	14
59	5
63	8
67	13
71	3
74	9
76	8
79	6
82	5
84	10
87	15
89	3
90	11
93	15
97	6
98	8
101	11
103	9
105	15
108	5
112	12
114	12
118	7
121	7
124	4
126	9
129	11
134	13
139	9
142	14
144	5
150	12
Market 145
2	15
3	7
8	6
12	14
15	12
17	8
19	2
23	14
25	4
26	5
27	11
28	15
32	12
33	9
36	1
39	4
42	3
44	12
50	2
53	5
57	1
60	4
63	7
64	2
67	12
68	2
72	8
74	10
75	9
76	12
79	8
83	9
84	1
88	5
89	4
91	1
94	3
97	4
98	10
101	8
103	10
105	4
108	10
112	9
113	4
114	13
118	2
121	7
124	4
127	2
129	7
134	3
140	7
141	13
144	10
150	6
Market 132
1	3
2	11
3	11
5	2
6	3
8	1
15	14
19	15
23	10
25	6
26	9
27	5
28	7
29	15
34	8
36	1
39	2
42	6
44	14
53	15
57	15
58	4
60	15
64	11
67	10
68	14
72	3
74	15
75	13
76	13
79	1
83	14
84	1
94	12
97	6
99	2
101	13
103	1
104	14
105	13
108	4
112	2
113	12
118	11
121	2
124	13
129	6
134	12
140	9
143	10
144	8
150	11
Market 17
1	11
2	2
3	5
4	11
5	6
6	1
10	13
12	8
14	7
16	11
17	4
18	15
21	4
22	14
25	2
26	10
29	14
30	15
32	14
33	4
35	13
39	12
41	3
46	11
47	9
50	12
56	3
58	12
59	2
62	2
64	4
67	15
68	2
73	14
75	2
79	1
82	1
84	5
87	1
89	15
92	13
96	4
98	4
99	5
100	15
103	8
104	5
105	9
108	6
110	4
111	8
113	3
115	14
116	12
120	10
124	15
125	8
126	13
127	10
128	14
131	8
133	6
138	6
141	4
143	8
147	7
150	4
Market 129
1	15
2	8
3	15
4	7
6	13
11	10
14	12
15	10
21	8
25	5
26	10
28	15
29	6
32	4
35	13
38	15
39	7
41	7
44	7
47	10
50	4
56	1
58	8
64	6
67	10
68	11
73	1
75	10
79	5
81	2
84	12
89	2
92	15
96	1
98	8
100	6
103	3
104	10
105	6
107	15
110	11
113	15
116	2
123	10
124	10
126	4
128	12
132	15
137	9
141	1
143	4
148	14
Market 163
1	8
2	10
3	14
5	3
6	6
9	7
12	10
14	6
15	6
16	3
17	10
18	11
19	11
22	1
24	3
25	9
26	15
27	14
28	1
30	3
32	11
34	8
36	5
39	11
44	12
45	7
50	12
51	14
53	14
57	8
59	5
64	6
66	9
67	1
68	12
72	11
74	4
75	6
76	14
79	9
84	9
85	2
87	1
89	4
91	7
92	7
95	2
96	9
97	12
98	9
99	6
100	4
101	4
103	14
105	5
108	10
109	10
111	10
112	4
113	12
115	2
116	5
118	6
120	9
121	3
124	7
126	2
127	3
128	4
133	1
138	4
141	15
143	3
144	5
145	1
150	2
Market 26
2	7
3	7
5	1
6	2
7	15
12	12
14	9
15	1
16	2
17	15
19	12
22	5
25	12
26	5
27	5
28	11
31	6
32	2
33	1
36	10
39	10
42	4
44	5
49	3
50	15
52	4
53	5
56	8
57	2
59	9
60	6
63	15
64	5
72	11
75	7
76	7
79	9
82	4
83	12
84	14
87	4
88	14
89	12
90	14
91	4
92	15
94	5
97	2
98	14
105	7
108	1
112	10
113	14
114	14
117	6
118	10
120	9
121	13
124	3
126	2
127	1
129	6
134	3
138	14
140	8
141	14
142	1
143	15
144	8
Market 31
1	4
2	10
3	10
4	2
6	1
10	1
11	11
13	4
14	6
15	9
17	7
21	1
24	11
25	3
26	12
28	6
29	2
30	14
32	11
33	9
35	13
39	3
43	12
44	14
46	13
47	7
55	3
56	13
58	13
62	5
63	7
64	11
67	9
68	9
73	6
75	3
79	14
82	1
83	14
84	12
85	12
87	14
92	15
96	12
98	5
99	9
100	1
104	8
105	1
107	1
110	12
111	13
113	11
116	10
120	6
123	15
125	15
127	12
128	5
130	2
132	10
137	10
141	15
143	11
147	6
149	10
Market 83
1	10
2	7
3	1
4	11
5	3
6	12
11	8
12	5
14	1
15	12
19	13
21	15
25	6
26	15
28	13
29	10
32	3
33	8
35	15
38	13
39	6
41	10
42	3
44	12
47	11
50	13
56	5
58	7
62	13
63	8
64	15
67	7
68	4
73	4
74	14
75	11
79	9
81	7
84	4
87	7
89	7
92	12
96	1
97	6
98	12
100	15
101	13
103	1
104	14
105	5
107	9
108	3
110	11
113	11
116	4
120	9
123	15
124	3
126	14
128	9
132	4
137	1
141	3
143	2
144	9
148	2
150	6
Market 123
1	2
2	5
3	14
4	15
5	1
6	5
11	6
14	13
15	1
17	8
19	13
22	14
24	4
25	4
26	14
27	4
28	12
30	2
32	9
33	14
34	10
35	3
36	4
39	13
41	15
42	1
44	11
47	12
50	13
56	4
61	7
62	14
64	8
67	12
68	9
72	2
73	13
75	3
79	9
82	8
83	15
84	3
87	5
89	15
91	2
92	9
97	13
98	9
99	10
100	4
101	7
103	15
105	5
111	4
115	6
116	9
120	4
121	3
124	10
126	8
127	4
128	2
129	7
132	10
137	10
141	9
150	11
Market 186
1	12
2	8
3	3
5	14
10	14
13	13
15	1
19	6
24	7
26	10
27	4
32	13
34	2
36	14
39	3
42	9
45	13
50	14
54	4
58	15
61	9
63	14
64	13
66	13
67	8
68	8
72	10
75	6
78	9
83	10
85	3
89	5
91	3
95	2
97	3
99	15
101	12
103	9
104	8
113	11
115	8
119	13
121	14
124	1
127	7
129	8
136	4
141	10
143	4
147	10
150	4
Market 84
1	12
3	8
5	6
12	4
14	11
16	13
18	3
25	4
26	5
28	7
30	9
33	5
35	12
39	12
41	12
44	7
47	8
50	8
51	14
56	13
59	6
62	10
64	2
67	6
68	1
74	1
75	12
79	8
82	1
84	3
87	5
89	11
92	14
98	5
100	3
103	15
105	7
108	11
111	15
113	12
116	4
120	12
124	15
126	13
128	10
133	13
138	7
141	2
143	15
150	14
Market 55
1	4
3	6
4	5
6	7
10	4
13	3
15	4
17	3
19	11
24	6
26	8
27	12
28	2
29	4
32	11
34	14
35	10
37	12
39	3
41	13
42	14
43	11
46	3
50	12
54	8
55	3
58	9
61	12
62	8
66	11
67	11
68	2
73	12
75	5
78	11
79	8
81	10
83	13
85	6
89	6
92	8
97	5
98	4
99	11
101	11
103	8
105	12
107	4
109	13
110	9
113	1
115	5
119	2
121	8
122	3
124	12
125	10
127	2
129	15
136	5
137	4
141	6
143	8
147	15
150	3
Market 188
1	2
2	13
3	9
4	6
6	9
11	9
14	10
15	10
17	13
21	4
25	9
26	1
28	6
29	4
32	6
35	10
38	10
39	12
41	10
42	13
44	11
47	3
50	8
56	7
58	14
62	9
63	11
64	15
67	11
73	1
75	5
79	13
81	12
84	7
87	7
89	1
92	7
96	14
98	8
100	11
103	13
104	13
105	12
107	2
110	9
113	9
116	15
120	6
123	15
126	6
128	2
132	5
137	14
141	10
143	10
148	8
150	6
Market 124
2	3
3	14
5	12
6	6
12	7
14	2
16	10
18	6
26	3
28	12
30	5
33	11
36	9
39	14
42	11
44	6
48	2
50	14
51	14
56	15
59	12
63	7
64	8
67	4
68	13
69	12
74	5
75	4
79	12
82	3
84	8
87	14
89	7
90	4
92	12
97	11
98	2
101	11
103	14
105	14
108	14
111	15
113	13
116	11
120	2
124	12
126	9
128	7
134	5
138	8
141	15
142	6
143	5
144	14
150	14
Market 122
1	11
2	1
3	3
4	4
6	10
10	9
14	5
15	14
17	4
21	15
26	1
28	11
29	5
32	3
35	1
38	5
41	8
44	15
46	14
50	2
56	8
58	7
64	5
67	11
68	10
73	14
75	15
79	11
81	6
83	11
87	13
89	13
92	3
96	5
98	13
103	13
104	2
105	7
107	12
110	1
113	12
115	13
116	4
120	5
123	13
125	8
127	7
131	13
137	5
141	3
143	4
147	11
Market 102
1	9
2	1
3	13
4	14
6	13
10	4
14	2
15	1
17	3
21	13
24	13
26	1
28	12
29	2
32	7
35	13
38	1
39	10
41	11
42	10
44	14
46	3
50	3
56	2
58	8
62	6
63	3
64	1
67	5
68	6
73	8
75	15
79	7
83	5
86	7
89	7
92	4
96	4
98	13
99	7
102	11
104	2
107	12
110	15
113	7
115	4
120	4
123	11
124	9
125	13
127	12
130	7
137	14
141	13
143	10
147	9
Market 78
2	4
3	5
8	13
12	1
15	14
16	10
17	15
18	14
19	7
22	15
23	8
25	3
26	2
27	12
30	11
32	6
33	12
34	14
36	12
39	10
42	12
44	2
48	9
50	5
51	5
53	10
57	9
60	9
64	10
67	1
69	9
72	12
74	10
75	3
76	14
82	10
83	7
84	3
87	10
89	6
90	9
91	14
92	12
94	15
97	12
99	6
101	7
105	8
108	8
112	3
113	6
118	5
120	3
121	2
124	10
128	9
129	8
134	12
138	1
140	9
141	2
143	2
144	14
150	4
Market 146
2	13
3	11
5	9
9	7
12	13
15	13
17	14
19	13
24	3
25	11
26	6
27	2
28	4
29	6
32	9
36	2
39	14
42	10
45	7
50	11
57	9
61	3
63	6
64	15
67	13
68	2
72	2
74	2
75	14
76	10
80	14
81	7
83	6
85	6
89	12
91	5
94	9
95	13
97	6
99	11
103	11
105	6
108	15
109	10
112	3
115	13
118	2
121	3
124	8
127	12
129	2
135	13
140	12
141	10
143	5
145	9
150	7
Market 93
1	13
2	4
3	9
4	8
5	9
6	15
8	13
12	4
15	5
17	8
19	10
24	11
25	1
26	2
27	4
28	12
29	14
32	5
34	5
36	11
39	15
42	9
44	14
45	1
50	12
53	15
58	6
61	6
63	5
64	9
68	1
72	2
73	6
74	13
75	13
76	6
79	12
80	8
81	13
83	8
84	6
85	6
89	6
91	8
92	12
94	2
97	4
99	8
103	10
104	9
105	13
108	8
113	2
115	7
118	14
121	12
124	5
127	14
129	11
135	11
140	11
141	8
143	2
144	1
145	1
150	15
Market 118
2	8
5	5
6	1
12	6
14	3
15	4
16	1
17	10
19	2
22	9
24	1
25	13
27	12
28	4
31	12
32	7
33	11
36	3
39	2
42	5
44	13
49	5
50	1
52	13
56	7
59	5
63	5
67	9
71	8
74	2
76	9
79	2
82	8
83	3
84	8
87	7
89	12
90	5
93	8
97	13
98	14
99	13
101	12
103	2
105	7
108	13
112	10
115	10
121	3
124	10
126	9
127	5
129	3
134	12
139	11
142	1
143	9
144	6
150	8
Market 150
2	15
3	12
5	15
6	14
12	3
14	11
15	8
16	10
17	2
18	7
22	11
25	7
26	10
28	7
30	13
33	9
36	11
39	12
42	13
44	13
48	8
50	9
51	12
56	12
59	6
63	6
64	13
67	13
68	11
74	7
75	10
79	15
84	10
87	4
89	8
90	14
92	8
97	11
98	7
101	15
103	6
105	15
108	1
111	12
113	5
116	6
120	2
124	14
126	9
133	11
138	9
141	15
143	8
144	9
150	12
Market 19
2	6
3	2
5	4
6	5
7	4
12	9
14	10
16	1
17	14
19	11
22	7
25	4
26	2
27	13
28	6
30	10
33	1
36	5
39	1
42	10
44	15
48	7
49	7
50	11
51	10
53	6
56	2
57	11
63	2
64	9
67	14
70	13
72	7
74	15
75	7
76	11
79	4
82	6
83	6
84	13
87	9
89	9
90	1
92	12
94	8
97	2
98	7
101	13
103	4
105	5
108	2
111	3
112	15
113	9
114	15
116	6
118	6
120	2
121	10
124	2
126	15
127	2
128	14
129	9
134	5
140	7
142	10
143	1
144	1
150	5
Market 139
2	12
3	10
5	10
9	6
12	4
15	9
17	2
19	6
24	6
25	12
26	2
27	10
28	7
32	11
34	10
36	1
39	9
42	3
45	4
50	14
53	7
57	2
61	7
63	12
64	10
67	9
68	6
72	3
74	7
75	15
76	7
79	10
80	1
83	1
85	6
89	12
91	3
94	9
97	2
99	3
101	5
103	7
105	10
108	3
112	6
113	9
115	8
118	8
121	1
124	14
127	10
129	6
135	8
140	9
141	12
143	12
145	10
150	3
Market 85
1	11
3	7
4	8
5	11
6	11
10	9
13	14
14	14
15	14
17	1
19	11
22	5
24	3
25	9
26	5
28	2
29	9
31	13
32	8
33	11
34	15
36	10
37	4
39	7
44	8
46	13
49	13
50	4
52	6
54	3
56	7
58	10
62	12
63	11
64	3
66	3
67	8
68	4
70	13
74	4
75	6
76	15
79	15
82	7
83	13
84	14
85	5
87	3
89	11
90	13
92	5
93	5
95	2
97	13
98	14
99	13
101	10
103	10
104	14
105	15
108	9
109	1
112	8
113	12
115	8
116	5
119	1
121	14
124	12
126	2
127	1
129	6
134	3
138	9
141	14
142	9
143	4
144	15
147	9
150	5
Market 99
1	11
3	13
5	5
8	13
12	5
13	9
15	6
17	12
19	6
23	14
24	3
25	3
26	7
27	2
28	6
29	6
32	6
33	10
36	14
39	11
42	3
44	9
45	12
50	12
53	12
54	13
57	2
58	15
60	15
61	3
63	15
66	8
67	1
68	13
72	13
74	2
75	11
76	11
78	11
79	4
81	1
83	1
84	5
85	5
88	2
91	6
94	7
95	3
97	5
98	2
99	6
101	6
103	5
104	7
105	1
108	9
109	14
112	13
113	12
114	5
115	12
118	12
119	15
121	14
124	12
127	10
129	4
134	4
136	4
140	6
141	1
142	14
143	11
144	11
147	3
150	7
Market 158
2	4
3	15
5	7
8	11
12	5
14	8
17	12
22	10
25	5
26	4
27	9
28	9
32	7
33	7
39	6
42	14
44	10
50	2
53	12
57	5
60	14
63	15
64	10
67	13
72	8
75	12
76	12
79	8
83	5
84	2
88	14
91	4
94	4
97	11
98	9
101	7
103	14
105	12
108	2
112	13
114	12
118	10
121	1
124	1
129	3
134	7
140	11
142	1
144	13
150	9
Market 119
1	13
2	1
3	6
5	4
6	15
8	9
10	10
12	8
13	5
14	14
15	5
17	1
19	9
24	10
25	6
26	8
27	2
28	15
29	10
32	6
34	12
35	5
36	6
39	9
42	6
44	15
45	14
47	6
50	14
53	14
54	12
56	11
57	9
58	5
61	13
63	10
64	15
66	2
67	2
68	7
72	2
74	3
75	7
76	3
78	9
79	15
80	14
81	11
83	8
84	5
85	9
87	9
89	4
91	4
92	10
94	12
95	11
96	7
97	14
98	7
99	4
103	4
104	10
105	6
108	5
109	7
112	13
113	5
115	6
116	6
118	5
119	5
120	1
121	10
124	4
127	10
128	4
129	2
135	13
136	7
140	1
141	9
143	8
145	9
147	6
150	2
Market 168
1	1
2	12
3	7
4	12
5	3
6	10
10	6
12	7
14	5
15	2
19	1
21	11
22	6
24	4
25	9
26	7
27	13
29	12
32	15
33	1
35	12
36	4
38	5
39	11
41	13
44	4
46	4
50	12
56	9
59	11
62	2
63	3
64	14
67	9
73	11
74	2
81	4
83	10
84	14
90	10
92	11
96	8
97	6
98	1
99	1
101	2
103	15
104	9
105	1
107	9
108	4
110	8
113	8
120	12
121	11
123	13
124	10
125	7
127	11
131	15
134	15
137	4
141	14
142	11
143	14
144	10
147	2
150	4
Market 38
1	4
3	15
5	14
6	1
12	6
14	4
16	14
18	5
22	3
25	6
26	6
30	4
33	6
35	11
39	6
47	4
50	2
56	3
59	3
62	2
64	9
67	7
68	9
73	11
79	7
82	2
84	4
87	6
89	8
92	9
96	7
98	4
100	14
103	14
105	6
108	12
111	8
113	11
116	1
120	11
124	12
126	13
128	11
133	7
138	10
141	12
143	3
150	10
Market 76
1	12
2	15
3	3
4	3
5	4
6	1
10	3
14	12
15	3
17	7
19	12
21	8
24	5
26	15
28	9
29	7
32	13
35	13
36	4
38	10
39	8
41	10
42	8
44	4
46	3
50	14
56	4
58	12
63	8
64	6
67	10
68	6
73	10
75	4
81	5
83	14
87	12
89	3
92	8
96	3
97	8
98	15
99	2
101	1
103	12
104	7
105	4
107	9
110	13
113	2
115	4
120	15
123	7
124	4
125	14
127	6
131	6
137	10
141	7
143	4
Market 104
1	5
2	3
3	11
5	2
6	8
12	3
14	8
22	9
25	6
26	12
28	2
30	6
36	10
42	15
44	14
48	13
50	9
51	7
56	8
59	12
63	12
64	8
68	5
74	4
75	5
79	15
82	12
87	15
89	12
96	12
98	6
101	9
103	8
105	15
111	12
116	1
120	12
126	15
128	4
133	14
138	15
141	3
150	13
Market 179
1	2
2	11
3	15
4	1
5	4
6	4
12	4
14	4
15	10
17	11
19	6
21	11
24	6
25	5
26	3
28	8
29	13
34	14
36	5
41	4
42	6
44	5
45	9
50	7
54	11
56	4
57	13
58	4
61	1
62	10
63	7
64	7
66	9
67	4
68	1
72	1
73	12
74	10
75	5
76	4
79	11
81	8
83	4
85	12
89	8
91	15
92	1
96	15
97	3
98	7
99	3
101	2
103	12
105	15
107	5
109	9
110	1
112	1
113	5
115	4
118	10
120	9
121	12
123	15
124	13
127	4
129	3
135	11
137	2
141	2
143	14
146	13
150	13
Market 170
2	14
3	6
5	8
6	8
12	6
14	12
16	11
17	13
19	13
22	2
25	9
28	4
30	12
33	12
36	7
39	5
42	13
44	7
48	15
50	12
51	6
56	15
59	11
63	5
64	7
67	13
74	2
75	8
79	13
82	4
84	15
87	2
90	4
92	9
97	14
98	15
101	6
103	12
105	10
108	5
111	4
113	7
116	1
120	9
124	14
126	15
128	4
134	3
138	9
142	9
144	9
150	5
Market 174
1	2
3	8
4	7
5	11
6	11
10	1
13	1
14	9
15	11
17	3
26	6
28	8
29	7
32	1
37	2
39	4
42	14
43	10
44	12
46	5
50	10
55	12
58	5
62	9
63	8
64	3
67	6
68	4
73	10
75	9
79	13
81	8
85	14
89	15
95	4
98	10
99	4
101	6
103	5
104	3
105	9
107	11
113	7
115	11
120	10
123	4
124	8
125	2
127	13
130	13
137	7
141	6
143	4
147	9
Market 199
1	13
2	6
4	13
5	11
6	12
10	9
11	9
12	12
13	6
14	15
15	5
17	3
19	4
21	9
24	13
25	6
26	6
27	2
28	10
29	13
32	2
33	3
35	14
36	10
39	13
41	9
42	9
44	15
45	12
47	3
50	3
53	10
54	4
56	11
57	4
58	15
61	3
62	3
63	3
64	9
67	13
68	8
72	3
73	6
74	1
75	12
77	1
79	10
81	3
82	3
83	5
84	11
85	15
87	1
89	14
91	3
92	10
94	14
95	10
96	14
97	10
100	12
103	10
104	15
105	12
107	15
108	11
109	5
110	4
112	5
113	7
115	14
116	3
119	11
120	7
121	5
123	3
124	3
127	9
129	1
132	15
135	4
136	5
137	4
140	11
141	1
143	15
147	14
149	2
150	8
Market 169
1	10
2	11
3	9
4	2
6	9
11	3
13	5
14	2
15	3
16	2
17	10
18	15
20	10
22	10
25	11
26	6
27	11
28	10
29	3
30	1
32	4
33	9
35	5
37	1
39	2
41	1
43	1
44	5
46	1
47	15
50	11
55	12
56	6
58	15
62	11
63	12
64	14
66	2
67	6
68	10
73	9
75	4
79	2
81	7
82	12
84	1
85	6
87	9
89	9
92	13
95	6
96	6
98	7
99	15
100	14
101	1
103	10
104	14
105	4
107	12
113	8
115	15
116	15
119	9
123	3
124	10
125	1
126	5
127	6
128	2
129	14
133	7
137	5
147	15
150	14
Market 24
3	7
4	3
6	12
11	10
14	15
15	14
17	4
21	9
25	13
26	3
28	3
29	10
32	3
35	7
39	5
41	11
44	4
47	2
50	15
56	4
58	11
62	8
63	9
64	9
68	6
75	2
79	7
81	11
84	12
87	1
89	3
92	14
96	7
98	11
100	2
103	11
104	15
107	11
110	1
113	10
116	6
120	14
123	3
126	1
128	5
132	11
137	10
141	6
143	8
150	11
Market 5
1	12
3	5
4	14
5	13
6	7
10	7
11	13
13	3
14	15
15	1
16	15
17	15
18	15
19	8
22	7
24	13
25	1
26	3
27	1
28	13
29	13
30	11
32	11
33	10
34	11
35	8
36	3
39	11
41	4
42	12
44	15
45	6
47	4
50	13
54	12
56	11
57	15
58	5
62	4
63	14
64	7
66	6
67	4
68	4
72	7
73	14
75	2
77	5
79	13
81	2
82	4
83	12
84	12
85	4
89	10
91	8
92	12
95	4
96	3
97	2
99	4
100	15
103	5
105	3
108	7
109	12
111	9
113	3
115	12
116	14
118	9
120	3
121	10
124	6
126	8
127	9
128	8
129	13
133	11
136	4
137	2
141	2
143	10
146	5
150	11
Market 79
2	14
3	6
4	9
5	11
6	3
12	11
15	15
17	1
19	8
22	12
25	8
26	13
27	15
28	12
33	6
35	2
36	15
39	15
41	5
42	4
44	8
47	6
50	12
53	9
56	11
57	12
58	1
60	15
62	1
63	2
64	5
67	3
68	2
72	10
75	15
76	4
79	7
83	7
84	10
87	11
89	8
91	4
92	8
94	4
96	9
97	5
98	15
101	6
103	5
105	10
107	14
108	5
112	4
113	1
114	11
116	14
120	14
121	13
124	1
127	2
129	12
132	13
137	5
140	12
141	5
142	7
143	8
144	3
150	9
Market 194
1	15
2	4
3	8
4	9
6	13
10	14
14	15
15	14
17	8
21	10
24	11
25	4
26	11
28	10
29	13
35	15
38	10
39	11
44	2
46	5
50	4
56	1
62	10
67	2
68	9
79	8
81	7
87	13
89	15
92	9
96	15
98	3
99	15
103	12
104	11
105	9
107	6
110	9
113	1
115	10
120	6
123	4
125	14
127	4
130	10
137	2
141	1
143	6
147	14
Market 165
2	12
5	5
8	2
15	4
17	6
24	3
25	6
27	6
28	11
32	8
34	13
36	6
39	13
42	3
44	14
50	11
53	5
57	7
61	5
63	3
64	14
67	14
72	1
74	9
75	10
76	5
80	3
83	14
84	6
89	3
91	6
94	5
97	2
99	1
101	6
103	8
105	4
108	7
112	1
115	3
118	11
121	6
127	13
129	15
135	7
140	4
143	11
145	13
150	3
Market 141
1	1
2	1
3	15
4	15
6	14
10	13
13	14
15	13
17	11
20	6
26	15
27	10
28	3
29	1
32	1
35	10
37	12
39	10
41	3
42	14
43	8
46	7
50	11
55	11
62	11
63	15
66	9
67	10
68	8
73	8
75	4
79	12
81	8
83	4
85	7
89	11
92	2
95	3
98	14
101	11
103	15
104	9
105	6
107	13
110	2
113	6
115	11
120	12
123	5
125	6
127	11
129	4
137	15
141	7
143	7
147	5
Market 176
1	13
2	10
3	5
5	11
6	12
12	4
14	4
15	4
16	13
17	4
18	12
19	8
22	8
24	15
25	7
26	15
27	7
28	2
29	2
30	6
32	15
33	7
35	15
39	5
42	1
47	12
50	13
51	10
56	8
59	4
63	1
64	11
67	2
68	15
74	15
75	5
79	1
82	10
83	4
84	5
85	12
87	6
89	13
92	3
95	8
96	12
97	14
98	13
99	4
100	2
103	4
105	12
108	5
109	9
111	5
113	8
115	4
116	11
120	12
124	2
126	2
127	3
128	9
129	2
133	1
138	15
141	4
143	7
144	3
150	10
Market 100
2	1
3	8
5	6
9	1
12	1
15	13
17	8
19	1
24	15
26	14
27	15
28	8
29	4
34	12
36	12
39	1
42	4
44	13
45	3
53	3
61	4
63	4
65	11
68	6
72	3
75	2
76	4
79	7
81	3
85	15
91	2
95	6
97	10
98	6
99	4
101	15
103	12
105	11
109	13
112	12
115	14
121	3
124	15
127	14
129	4
135	12
141	13
143	9
145	11
150	9
Market 191
2	10
6	13
8	2
14	3
15	5
17	5
19	12
23	15
25	7
27	3
28	15
32	12
34	1
36	9
39	14
42	1
44	6
50	6
53	13
56	4
57	10
60	2
63	5
64	5
67	7
72	1
74	5
75	10
76	4
79	12
83	6
84	10
89	4
91	4
94	9
97	3
98	11
101	4
103	2
105	12
108	11
112	10
113	2
115	3
118	12
121	1
124	3
127	6
129	10
134	8
140	13
143	5
144	2
150	12
Market 67
1	14
2	12
3	11
4	10
5	15
6	2
9	13
10	13
12	15
13	9
14	14
15	8
16	10
19	14
22	13
24	8
25	11
26	8
27	14
28	9
29	5
31	13
32	15
33	5
34	11
36	11
37	10
39	11
41	11
42	8
44	9
45	15
46	13
48	12
50	9
53	3
54	11
56	6
57	5
58	5
59	4
62	10
64	8
66	8
67	7
68	3
70	15
72	12
73	8
74	8
75	2
76	7
78	2
79	4
80	6
81	2
82	12
83	8
84	11
85	13
87	13
90	5
91	7
92	15
95	8
97	3
98	6
99	10
101	13
103	13
104	5
105	4
108	10
109	10
112	10
113	13
115	3
116	9
118	15
119	3
120	3
121	9
125	1
127	10
128	4
134	13
135	9
138	12
141	8
142	14
143	6
144	9
145	5
147	11
150	10
Market 135
1	12
3	5
5	1
6	3
10	6
12	1
14	5
15	14
17	14
21	13
24	3
26	8
28	4
29	3
32	14
36	6
38	3
39	2
42	7
44	14
46	10
58	3
63	13
64	2
67	1
73	2
75	3
79	8
81	1
83	7
87	3
89	1
92	7
96	5
97	3
98	12
99	12
101	11
103	4
104	10
105	9
107	5
110	1
113	11
115	13
120	6
123	1
124	12
125	15
127	14
131	10
141	8
150	14
Market 57
1	13
3	6
4	2
6	3
11	4
14	4
15	5
17	5
21	12
25	13
28	13
30	14
33	15
35	10
39	1
41	4
44	10
47	1
50	11
56	5
58	5
62	7
64	4
67	15
68	14
73	9
75	7
79	6
82	12
84	13
87	5
89	15
92	2
96	14
100	4
104	14
105	11
107	6
110	15
113	12
116	7
120	1
123	6
126	10
128	7
132	13
137	2
141	8
143	4
Market 42
1	8
2	14
6	13
10	6
13	6
15	7
17	15
19	6
24	14
26	4
27	7
29	13
32	4
34	13
37	4
39	10
42	6
46	13
50	15
54	15
58	11
62	7
63	10
66	11
68	9
73	7
78	14
81	9
83	13
85	8
89	6
92	9
95	6
97	15
99	11
101	6
104	8
105	11
109	4
113	9
115	15
119	10
121	12
124	13
127	7
129	10
136	6
141	9
143	6
147	11
150	2
Market 195
1	8
2	5
3	10
4	9
6	10
11	6
14	9
15	7
17	15
21	7
25	4
26	12
28	4
30	4
33	6
35	15
39	11
41	11
44	12
47	3
50	12
56	14
58	6
64	13
67	4
68	9
73	9
75	10
79	1
82	14
87	15
89	14
92	15
96	8
98	4
100	14
104	7
105	2
107	15
110	4
113	15
116	7
120	14
123	4
126	2
128	10
137	6
141	15
143	6
149	15
Market 14
3	8
5	8
8	1
17	5
19	8
24	8
25	4
27	13
28	14
32	14
34	9
36	15
39	13
42	15
44	3
50	15
57	6
61	1
63	4
64	15
67	11
68	6
72	15
74	4
75	2
76	3
80	12
83	5
84	5
89	6
94	1
97	10
99	11
101	6
103	4
105	11
112	7
113	1
115	2
124	2
127	1
129	12
135	15
141	1
143	13
145	10
150	8
Market 187
1	12
2	5
4	9
6	9
9	4
10	3
12	6
13	15
15	9
17	2
19	9
21	1
24	6
25	14
26	9
27	11
28	6
29	9
32	1
34	10
35	1
36	12
37	2
41	3
43	9
45	7
46	8
50	14
53	4
55	2
57	8
58	5
61	1
62	1
63	9
64	10
67	12
68	5
72	9
73	10
74	12
75	14
76	7
80	4
81	6
83	14
85	15
89	7
91	5
92	7
95	10
97	7
98	8
99	15
101	9
103	7
104	2
105	5
107	13
109	8
110	10
112	4
113	4
115	5
118	15
120	10
121	10
123	12
124	15
125	6
127	10
129	1
130	4
135	1
137	6
140	11
141	11
143	4
145	3
147	7
Market 39
1	11
2	11
5	1
6	10
10	10
12	6
14	4
15	5
16	2
19	6
22	13
24	15
26	7
27	14
28	11
29	7
31	11
32	7
33	6
34	2
36	4
39	6
42	14
44	15
45	2
48	3
49	6
50	5
51	11
54	12
56	4
58	5
59	13
61	4
63	8
64	12
67	2
68	3
70	12
72	11
74	11
75	11
78	9
79	12
81	7
82	4
83	15
84	2
85	5
87	11
89	9
90	3
91	9
92	12
95	9
97	12
98	3
99	5
101	11
103	15
108	11
109	10
111	9
113	4
116	4
119	11
120	11
121	12
126	13
127	13
128	12
129	4
134	6
136	14
138	4
142	7
143	9
144	4
147	3
150	15
Market 192
2	10
3	8
5	14
9	11
12	7
15	8
19	14
24	11
27	9
28	2
29	9
32	15
39	7
42	2
44	13
50	1
53	10
57	6
63	1
64	4
66	15
67	10
72	2
75	5
76	6
81	7
83	2
89	9
97	11
99	12
101	9
103	15
105	13
109	3
112	12
115	4
118	13
121	11
124	6
127	8
129	13
135	7
141	7
143	2
146	8
150	11
Market 64
1	15
2	4
3	3
4	13
6	3
14	10
15	8
16	4
17	8
18	7
19	5
22	4
24	14
25	1
26	14
27	5
28	1
29	5
30	4
33	6
34	1
39	5
41	11
42	1
47	7
50	1
56	9
58	8
62	15
63	10
64	10
67	4
68	1
75	14
79	12
82	14
83	5
84	1
85	6
89	13
92	11
96	14
98	10
99	5
100	5
103	2
105	7
107	10
109	14
111	3
113	12
115	8
116	12
120	1
121	12
124	5
126	9
127	12
128	12
129	9
133	10
137	6
141	11
143	1
150	5
Market 36
1	3
2	2
3	14
4	15
6	12
10	12
13	12
15	14
17	4
21	10
24	1
28	1
29	6
32	3
35	13
37	7
41	9
43	10
46	2
50	1
55	5
58	11
63	13
67	12
68	12
73	12
75	8
81	13
83	4
85	12
89	4
92	11
98	12
99	6
104	7
107	4
110	14
113	6
115	12
120	13
123	3
125	8
127	6
137	11
143	9
147	13
Market 80
2	4
3	12
5	5
9	13
12	15
15	12
17	11
19	13
24	12
25	15
27	4
28	5
29	2
32	15
34	3
36	15
39	5
42	11
45	10
50	10
53	12
57	8
61	10
63	13
67	14
72	2
74	7
76	14
80	14
83	4
85	5
89	14
91	5
94	10
97	7
99	11
101	3
103	9
105	14
109	5
112	7
115	4
118	4
121	14
124	10
127	5
129	14
135	6
140	13
143	8
145	7
150	12
Market 52
1	9
3	2
4	12
5	1
6	9
10	5
12	3
14	13
15	9
16	6
21	10
22	1
26	7
28	12
29	12
30	15
32	5
33	15
35	11
36	3
38	6
41	3
42	14
44	13
47	2
48	4
50	15
51	7
58	6
59	14
62	6
63	12
64	12
68	14
70	11
74	5
79	13
81	7
82	7
84	13
87	11
89	4
90	12
96	2
97	8
98	10
99	9
101	10
104	4
105	8
107	8
110	14
111	14
113	9
116	7
120	6
123	1
124	6
125	15
128	2
132	3
134	8
137	13
138	7
141	10
142	4
143	15
144	11
148	11
150	15
Market 112
2	6
3	10
5	15
8	14
12	15
14	2
17	4
19	15
22	7
25	5
27	7
32	9
36	4
39	2
42	1
44	10
50	11
53	5
60	15
63	7
64	7
67	15
72	5
74	10
76	11
83	7
84	11
88	4
91	11
94	1
97	11
98	13
101	6
103	5
105	6
108	4
114	11
118	13
121	11
127	8
129	5
134	4
140	5
144	7
150	9
Market 134
1	13
2	6
4	2
6	5
10	15
13	10
14	11
15	5
17	4
19	14
24	5
26	2
28	1
29	13
32	7
34	6
39	5
41	14
44	12
46	8
50	11
62	11
63	15
64	4
66	1
67	5
73	4
75	6
78	13
79	15
81	10
83	3
89	10
92	10
95	15
97	3
98	1
99	12
101	13
104	8
105	1
109	9
113	11
115	9
121	12
124	1
125	12
127	12
129	6
136	13
141	11
143	7
Market 8
2	8
3	7
5	3
9	9
12	8
15	8
17	13
24	2
25	2
26	14
27	4
28	12
29	5
32	11
34	7
39	11
42	3
45	3
50	14
53	2
57	4
61	4
63	4
65	2
67	4
68	14
72	14
75	8
76	10
80	1
85	12
89	1
91	15
95	8
97	6
99	11
101	4
103	15
105	3
109	13
112	13
115	5
118	14
121	5
124	1
127	1
129	15
135	7
141	1
143	5
145	14
150	7
Market 75
1	13
3	7
4	2
5	9
6	2
10	13
12	5
13	5
14	11
15	7
16	11
17	1
19	12
22	7
24	5
25	12
26	14
28	13
29	5
32	7
33	2
34	6
36	6
37	1
39	12
41	10
42	2
44	7
46	2
48	2
50	4
51	5
54	4
56	1
58	10
59	11
62	2
63	10
64	9
66	3
67	7
68	4
73	10
74	14
75	6
78	1
81	8
82	12
83	3
84	4
85	11
87	12
89	3
92	6
95	9
97	10
98	4
99	15
101	10
103	6
104	11
105	14
108	6
109	1
111	9
113	6
115	12
116	1
119	10
121	10
122	10
124	7
125	13
126	6
128	8
129	11
136	7
137	10
138	10
141	5
143	3
144	8
147	12
150	13
Market 111
1	15
2	12
3	9
5	2
6	7
12	5
14	8
15	12
16	3
18	5
19	10
22	11
25	11
26	13
28	3
33	10
36	3
39	11
42	7
44	13
48	14
50	2
51	9
56	8
59	8
63	4
64	6
67	8
68	10
70	11
75	3
79	2
82	14
84	9
87	9
89	10
90	12
92	8
96	2
98	7
100	8
101	11
103	11
105	11
108	13
113	15
120	6
124	3
126	2
127	13
128	11
133	8
138	12
141	11
142	12
143	7
150	7
Market 101
1	3
2	13
3	5
4	3
5	9
6	15
10	11
12	15
13	3
15	14
17	13
19	3
24	2
26	15
27	2
29	8
32	1
36	7
37	2
39	3
42	1
46	6
50	10
53	15
54	8
57	10
58	7
62	6
63	13
67	7
68	3
72	15
73	11
75	2
76	8
78	8
79	11
81	10
85	4
89	2
91	12
95	15
97	6
98	7
99	1
101	9
103	5
104	15
105	8
112	10
115	9
118	13
119	13
121	5
124	3
127	6
129	4
136	11
141	2
143	10
147	15
150	12
Market 9
1	6
2	10
3	2
6	2
10	8
14	8
15	5
17	15
19	15
27	11
32	9
34	4
37	5
39	11
42	5
44	15
45	9
50	14
56	2
58	14
61	15
64	15
66	14
67	9
68	15
73	6
75	10
78	13
79	7
81	6
83	10
85	3
87	6
89	4
91	8
92	3
98	10
99	1
101	5
103	11
104	11
105	12
109	4
113	4
115	2
119	12
121	4
129	13
136	11
143	6
147	10
Market 89
1	12
2	11
3	11
4	12
5	8
6	10
10	13
12	14
14	11
15	3
16	10
17	1
19	12
21	12
24	2
25	6
26	7
27	14
28	3
29	12
32	2
33	13
35	11
38	6
39	10
41	9
42	9
44	13
46	10
50	15
51	6
56	2
58	4
59	15
62	1
63	7
64	10
67	9
68	4
73	12
74	7
75	15
79	12
81	4
82	5
83	10
84	2
87	15
89	3
92	2
96	6
98	14
99	6
101	13
103	1
104	13
105	15
107	14
108	4
110	15
113	10
115	4
116	9
120	12
123	12
124	9
125	11
126	3
127	4
128	14
129	13
131	15
137	3
138	4
141	3
143	12
144	10
147	4
150	6
Market 62
2	10
3	4
4	15
6	3
10	13
13	8
15	11
17	13
19	9
27	7
29	10
32	7
34	15
37	2
39	8
41	12
42	1
43	13
46	10
55	14
58	6
62	4
63	11
64	5
66	10
67	2
68	5
73	14
75	3
78	2
79	2
81	2
83	7
89	9
92	2
95	14
97	9
98	1
99	9
101	15
103	7
104	9
105	6
107	9
110	11
113	5
119	3
121	9
122	8
124	1
125	7
127	2
129	15
137	1
141	10
143	13
150	15
Market 190
1	14
2	5
5	6
12	13
14	5
15	14
16	13
17	13
19	2
22	3
24	4
25	10
27	15
28	6
31	3
32	15
33	7
34	13
36	2
39	13
42	4
49	8
50	9
52	9
56	2
59	1
61	12
63	1
64	10
67	12
68	12
70	8
74	1
75	7
79	15
83	15
84	5
87	1
89	7
90	14
91	7
92	3
97	2
98	7
99	4
101	8
103	8
105	7
108	4
112	3
113	15
115	2
116	13
120	3
124	13
126	5
127	9
129	14
134	11
138	13
141	15
142	11
143	5
150	4
Market 167
2	14
3	4
5	10
6	7
9	2
10	10
12	13
13	4
15	6
17	12
19	12
24	4
25	9
26	7
27	14
28	6
29	10
32	2
34	8
36	11
37	7
39	12
42	8
43	4
45	14
50	1
55	5
57	6
58	4
61	3
62	11
63	6
65	14
66	1
67	10
68	15
72	4
73	14
75	11
76	10
78	5
81	8
83	13
85	8
89	14
91	5
92	7
95	9
101	6
103	7
104	13
105	14
107	5
109	14
110	11
112	5
113	3
115	10
118	8
119	12
121	3
122	13
124	4
127	15
129	3
135	9
137	5
141	14
143	5
145	5
147	14
150	14
Market 96
1	3
2	12
4	14
5	8
6	7
10	15
14	14
15	14
17	11
19	1
21	6
25	11
26	1
27	15
28	1
29	8
32	5
36	10
38	3
39	12
41	6
42	4
44	10
47	3
50	10
56	9
58	15
62	12
63	10
72	14
73	5
75	12
81	15
83	2
84	15
87	2
89	15
91	15
92	12
96	10
97	10
98	11
99	8
101	15
103	9
104	11
105	1
107	6
110	9
113	11
116	2
120	4
121	2
123	3
124	11
125	9
127	6
128	12
129	11
132	7
137	4
141	5
143	1
148	4
150	11
Market 70
1	4
2	6
3	6
4	9
6	12
11	2
15	15
17	3
21	5
25	11
26	12
29	11
33	14
35	13
39	4
41	10
44	5
47	12
50	5
56	5
58	13
62	2
63	10
64	14
67	5
68	9
73	9
75	6
79	11
81	2
84	10
87	12
89	6
92	6
96	8
98	6
100	10
101	9
103	13
104	7
107	14
110	11
113	6
116	15
120	4
123	4
126	6
132	11
137	15
141	12
143	13
148	15
Market 18
1	1
2	6
3	4
4	7
6	15
11	6
14	2
15	10
18	2
22	10
25	13
26	2
28	9
30	1
33	14
35	10
39	11
44	15
47	10
50	8
56	2
58	4
62	9
63	10
64	13
67	2
68	2
73	8
75	9
79	12
82	14
84	10
89	8
92	9
96	6
98	3
100	8
103	7
105	4
107	11
111	9
113	10
116	3
120	3
124	14
126	3
128	4
132	6
137	5
141	8
143	13
150	9
Market 200
1	9
2	13
3	2
6	6
10	9
13	13
15	13
17	1
19	9
24	2
26	15
27	13
29	2
32	2
35	3
37	11
41	3
43	6
46	3
50	13
55	13
58	9
62	2
63	9
64	14
66	10
68	11
73	1
75	15
79	10
81	3
83	1
85	10
89	7
92	15
95	11
98	13
99	2
101	1
103	11
104	5
105	7
107	13
110	10
113	12
115	11
119	3
123	6
125	7
127	6
129	13
137	11
141	11
143	11
147	12
Market 54
1	8
2	6
3	11
5	14
6	12
9	1
12	10
14	4
16	3
17	1
19	4
22	12
24	6
25	11
26	10
27	10
28	15
29	15
32	11
33	4
34	13
36	2
42	12
44	12
45	13
50	2
53	8
56	4
57	14
59	10
63	1
64	3
65	13
67	11
68	11
72	4
75	8
76	7
79	11
81	9
82	9
83	3
84	12
87	10
89	1
95	9
97	3
99	11
101	8
103	8
105	15
108	2
109	11
112	15
113	15
115	6
118	8
121	15
124	4
126	4
127	13
129	11
135	14
141	2
143	10
150	2
Market 88
1	11
2	3
3	11
4	15
5	5
6	4
10	8
14	13
15	8
17	12
19	12
22	9
24	11
26	5
27	12
28	2
29	3
33	6
37	9
39	3
41	12
42	14
44	9
46	14
50	15
54	6
56	13
58	13
59	9
63	4
64	6
66	1
67	7
68	10
73	7
78	4
79	12
81	14
82	2
83	12
84	3
85	2
87	10
89	5
92	13
95	15
97	5
98	1
99	13
101	3
103	9
104	11
105	15
108	11
109	14
113	3
115	9
119	3
124	1
126	7
127	4
129	6
136	15
138	11
143	11
147	10
150	15
Market 105
2	6
3	3
4	15
5	11
6	3
7	10
10	13
12	5
14	8
15	9
17	14
19	7
21	7
22	5
24	4
25	2
26	11
27	9
28	14
29	8
31	5
32	5
33	15
35	9
36	8
38	9
39	3
41	14
42	12
44	12
47	10
49	4
50	8
52	8
56	10
57	3
58	11
59	3
63	4
64	4
67	11
68	14
72	4
73	6
74	8
75	14
76	6
79	8
81	1
82	10
83	13
84	11
87	2
89	3
90	1
93	15
96	11
97	8
98	3
99	15
101	3
103	15
104	6
105	13
107	1
108	14
112	5
114	10
116	5
118	12
123	6
124	8
125	9
127	12
129	12
131	12
134	3
137	5
139	14
141	9
142	8
144	3
147	3
150	13
Market 116
1	3
2	13
3	7
4	15
6	3
11	7
14	12
15	10
17	1
21	14
25	13
26	6
29	13
33	4
35	13
39	15
41	7
44	3
47	12
50	15
56	7
58	15
62	15
63	9
64	13
67	8
68	2
73	14
75	11
79	10
82	3
84	4
87	9
89	13
92	14
96	5
98	7
100	8
101	5
103	7
104	12
107	2
110	8
113	12
116	3
120	14
123	3
126	7
128	10
132	5
137	9
141	4
143	5
149	9
Market 11
1	7
2	10
3	5
4	13
6	3
10	13
11	11
14	5
15	8
17	10
21	6
24	6
25	8
26	1
28	6
29	3
30	3
32	3
38	9
41	9
44	3
46	4
47	7
50	7
56	3
58	4
62	7
63	8
67	9
68	13
73	13
75	14
79	14
81	4
82	13
83	2
84	14
86	15
87	8
89	8
92	4
96	8
102	10
103	14
107	15
110	7
113	3
115	14
120	6
123	12
125	14
126	4
127	6
128	12
130	11
132	13
137	5
141	4
143	15
147	15
149	10
Market 142
1	12
2	7
3	4
4	4
6	11
10	13
11	11
13	5
14	3
15	10
17	11
19	3
21	15
24	13
25	1
27	9
28	13
29	15
32	6
37	9
38	9
39	7
41	3
44	15
46	12
47	10
50	4
56	2
58	14
62	7
63	6
64	1
66	14
67	5
68	10
73	1
75	13
79	6
81	9
83	8
84	2
85	15
87	8
89	4
92	9
95	14
96	4
98	10
99	8
101	4
103	3
104	14
105	11
107	6
110	1
113	6
115	8
116	9
119	6
120	14
123	2
125	1
127	9
129	5
132	10
137	10
141	11
143	13
147	8
148	4
150	9
Market 198
2	14
3	1
5	10
9	6
12	15
15	1
17	10
19	1
24	10
25	10
27	1
28	7
32	11
34	6
36	9
39	8
42	7
45	1
53	5
57	13
61	13
63	11
64	10
67	8
72	5
74	3
76	10
80	4
83	2
85	1
89	11
91	1
94	9
99	8
101	13
103	13
105	3
108	12
112	8
118	10
121	10
124	11
127	1
129	7
135	7
140	12
143	15
145	8
150	13
Market 23
1	15
2	8
3	3
4	6
6	4
10	4
13	11
14	12
15	13
17	2
21	10
24	14
25	14
26	4
28	7
29	11
32	9
35	13
37	12
41	8
43	8
44	13
46	2
50	12
58	7
62	15
63	15
64	14
67	1
68	12
73	5
75	3
79	15
81	12
83	9
84	3
85	11
87	14
89	3
92	6
95	5
98	9
99	8
101	14
103	5
104	3
107	6
110	1
113	3
115	13
120	5
123	6
125	10
127	11
130	12
137	13
141	3
143	3
147	10
150	3
Market 177
5	3
6	12
12	11
14	15
16	3
17	9
19	12
22	1
25	1
26	9
27	14
28	8
31	11
33	4
36	14
39	13
42	5
44	8
49	8
52	1
56	9
59	7
63	4
64	3
67	3
68	15
71	9
74	15
75	9
76	10
79	13
82	8
84	10
87	11
89	6
90	8
93	11
97	7
98	2
101	14
103	9
105	3
108	4
112	8
113	12
117	7
121	4
124	3
126	4
129	5
134	1
138	3
141	4
144	8
150	8
Market 49
1	12
2	13
3	5
4	7
5	14
6	9
9	2
10	11
12	8
13	3
15	2
17	7
19	10
24	9
25	15
26	2
27	10
28	9
29	9
32	4
34	10
35	4
36	13
37	2
39	3
41	4
42	8
44	2
45	3
46	11
50	4
53	1
55	14
57	2
58	4
61	3
62	9
63	5
64	14
65	3
66	12
67	6
68	2
72	2
73	6
74	9
75	8
76	15
79	12
80	14
81	5
83	12
85	4
89	11
91	2
92	8
97	7
98	4
99	3
101	14
103	15
104	2
105	12
107	4
109	15
110	11
112	12
113	6
115	4
118	10
119	13
121	9
123	2
124	2
125	13
127	12
129	7
135	2
137	11
141	9
143	7
145	6
147	5
150	10
Market 43
2	2
4	7
5	10
12	5
14	13
16	3
17	11
19	12
21	13
22	12
24	3
27	15
28	14
29	4
31	8
32	3
33	10
36	14
38	2
39	14
41	3
42	5
44	12
46	15
49	15
50	10
52	8
58	7
59	1
62	12
63	6
64	9
71	7
73	13
74	10
75	7
76	9
79	10
81	10
82	11
84	8
86	7
87	15
89	1
90	15
92	14
93	14
96	13
98	2
101	12
103	13
104	15
107	9
108	4
110	10
112	1
113	1
115	5
118	1
120	6
121	6
123	15
125	5
126	15
127	9
129	9
130	11
134	8
137	2
139	1
141	3
142	5
143	13
144	14
147	7
150	10
Market 15
2	6
3	14
5	2
10	10
12	11
15	4
17	11
19	13
24	4
25	3
26	11
27	10
28	13
32	3
34	15
36	12
39	13
42	12
45	1
54	6
57	11
61	11
63	6
66	2
67	4
68	10
72	13
75	8
77	6
79	3
81	9
83	10
85	8
89	10
95	1
97	4
99	11
101	8
103	7
104	11
105	13
113	2
115	13
118	14
121	2
124	8
127	7
129	5
135	15
141	11
143	7
146	13
150	4
Market 51
1	4
2	10
3	11
5	12
6	6
12	11
14	12
16	10
17	5
18	6
22	15
25	15
26	7
30	15
33	5
35	3
39	14
41	13
44	1
47	5
50	2
56	12
59	10
62	2
63	12
64	4
67	1
68	7
73	1
74	12
75	10
79	15
82	14
84	7
87	8
89	3
92	1
96	15
98	7
100	14
101	14
103	6
105	12
108	7
111	5
113	7
116	3
120	13
124	2
126	8
128	7
133	6
138	9
141	14
143	11
150	14
Market 90
2	1
3	13
4	9
6	6
11	14
14	15
15	12
17	15
21	10
25	3
26	4
28	5
30	6
33	1
35	12
41	13
44	4
47	13
50	13
56	9
58	14
62	3
63	9
64	15
67	3
73	10
75	12
79	9
82	10
84	13
87	3
89	12
92	4
96	12
98	3
100	12
103	13
105	2
107	5
110	2
113	3
116	8
120	4
123	7
126	3
128	3
132	9
137	9
141	1
143	2
149	2
150	1
Market 181
1	15
2	2
3	13
4	8
5	8
6	3
10	7
12	8
14	2
15	14
16	1
17	9
19	1
21	12
22	3
24	4
25	6
26	3
27	15
28	15
29	7
31	13
32	5
33	1
35	12
36	6
38	4
39	11
41	11
42	1
44	3
46	6
49	7
50	2
52	1
56	13
58	15
59	8
62	7
63	15
64	3
67	1
70	14
73	10
74	8
75	1
79	11
81	13
82	14
83	8
84	2
87	14
89	10
90	7
92	13
93	13
96	5
97	11
98	12
99	2
101	9
103	12
104	4
105	8
107	3
108	7
110	10
112	8
113	3
115	5
117	1
120	9
121	13
123	4
124	1
125	15
126	4
127	6
129	14
131	3
134	13
137	2
138	13
141	1
142	13
143	9
144	3
147	13
150	10
Market 20
2	6
3	1
5	5
12	7
14	2
17	11
19	10
22	5
25	4
27	3
28	14
32	8
33	7
36	15
44	15
50	8
53	5
57	5
60	9
63	2
64	4
67	14
72	15
74	14
75	7
79	15
83	10
84	1
88	5
92	13
94	3
97	15
98	13
101	3
103	13
105	7
108	8
112	15
113	7
114	4
118	3
121	13
129	12
140	4
142	10
144	5
Market 136
1	7
3	14
4	3
5	10
6	4
11	3
12	13
14	13
15	8
17	4
21	7
25	14
26	14
28	15
30	10
33	1
35	6
36	13
39	12
41	10
42	2
47	11
50	8
56	12
58	8
62	12
63	9
67	5
68	4
73	7
75	2
79	1
82	13
84	14
92	9
96	11
98	8
100	6
103	14
105	4
107	2
111	14
113	8
116	2
120	6
123	2
124	9
126	6
128	1
137	2
141	14
143	12
149	2
150	12
Market 175
1	7
2	3
3	10
4	12
5	4
6	3
11	8
12	8
14	11
15	13
17	8
19	15
25	8
26	2
27	12
28	14
29	14
30	13
32	13
33	8
35	15
36	13
39	8
41	8
42	13
44	12
47	15
50	3
56	2
57	5
58	1
62	7
63	14
64	6
67	11
68	14
72	2
73	15
74	6
75	10
76	10
79	1
81	5
82	5
83	9
84	4
87	11
89	6
91	15
92	6
96	5
97	12
98	7
101	3
103	11
104	3
105	6
107	11
110	5
112	8
113	5
116	7
118	15
120	8
121	13
123	12
124	8
126	3
127	6
128	12
129	11
132	15
137	7
141	8
143	12
148	12
149	5
150	3
Market 74
2	11
3	12
5	14
10	7
12	5
14	2
15	9
17	1
19	5
24	12
25	14
26	2
27	6
29	5
32	13
33	8
36	11
39	2
42	13
44	13
45	10
50	6
54	11
56	14
57	8
61	1
63	15
64	12
66	14
67	5
68	15
72	10
75	5
77	10
79	6
81	4
83	15
84	15
85	8
89	15
91	9
95	10
97	6
98	4
99	10
101	2
103	6
105	11
109	6
112	6
113	8
115	9
118	13
121	9
127	10
129	5
135	8
141	3
143	5
146	12
Market 180
1	5
2	6
3	12
4	9
6	7
10	8
13	13
15	15
17	2
19	14
24	13
25	8
27	9
28	5
32	4
37	8
41	9
42	12
44	6
46	6
54	4
58	7
62	1
63	5
64	13
66	12
67	6
68	9
73	4
75	8
78	5
81	9
83	5
84	7
85	10
89	15
92	14
95	11
97	8
98	9
99	10
101	13
103	15
104	1
105	5
109	10
113	10
115	5
119	7
121	9
125	3
127	6
129	13
136	5
141	10
143	13
150	7
Market 37
1	15
2	14
4	8
6	10
11	8
14	2
15	7
17	14
18	13
19	10
21	10
22	9
24	2
26	9
27	9
28	7
29	1
30	8
32	8
33	14
35	12
38	12
39	5
41	12
44	13
47	4
50	2
56	10
58	4
62	12
63	10
64	15
67	9
68	11
73	12
75	12
79	8
81	5
83	11
84	9
85	8
87	5
89	3
92	13
96	8
98	7
99	10
100	6
101	4
103	10
104	6
105	3
107	14
110	5
111	9
113	1
115	13
116	7
120	6
123	12
124	15
126	12
127	6
128	5
129	10
132	11
137	12
141	6
143	6
148	8
149	1
Market 113
2	12
3	15
5	12
8	9
12	4
15	14
17	14
19	8
24	5
25	6
27	1
28	10
32	2
33	15
34	1
39	7
42	4
44	6
45	13
50	2
53	2
57	9
60	1
61	2
63	10
64	12
65	2
67	6
68	9
74	8
76	5
80	2
83	5
84	5
85	2
88	5
89	5
91	4
94	5
95	15
97	9
98	10
99	13
101	5
105	10
108	10
109	13
112	10
114	9
115	8
118	9
121	13
127	6
134	3
140	9
141	14
143	8
145	11
150	4
Market 140
1	11
2	8
3	1
5	6
10	1
13	7
15	8
19	13
24	14
26	2
28	4
29	11
32	3
34	1
36	5
39	15
42	5
44	10
50	2
54	3
58	1
61	4
63	13
64	13
66	5
67	14
68	1
72	9
75	14
78	10
79	7
81	15
85	3
89	15
91	7
95	10
97	1
98	5
99	13
101	10
104	3
105	7
109	4
113	9
115	8
119	13
121	14
124	15
127	8
136	13
143	12
150	14
Market 148
1	3
2	8
3	5
4	4
5	11
6	7
10	12
12	12
15	7
17	1
21	4
22	5
24	14
25	2
26	5
28	15
29	9
32	2
33	14
35	6
36	12
38	9
41	5
42	3
44	10
46	2
50	3
56	11
58	12
59	7
62	6
63	14
67	1
68	2
73	14
74	15
75	1
79	11
81	5
82	2
84	14
86	2
87	5
89	13
90	15
92	2
96	11
98	14
99	7
101	12
103	2
104	14
105	9
107	13
108	1
110	3
115	15
120	12
123	5
124	4
125	3
127	1
130	11
134	11
137	5
141	12
143	4
144	13
147	2
150	11
Market 155
2	11
4	15
5	10
6	1
11	12
12	13
14	12
16	1
17	3
18	14
19	9
21	4
22	4
24	10
25	11
26	8
28	9
29	8
30	10
33	7
35	10
36	4
38	1
39	2
41	15
44	7
47	2
50	14
56	5
58	7
62	11
63	13
67	6
68	5
73	13
75	6
81	9
82	7
83	15
84	6
87	6
89	8
92	7
96	2
97	8
98	7
99	14
100	6
101	8
103	15
104	4
105	9
108	15
110	8
111	5
113	15
116	13
120	1
124	12
125	1
126	3
127	6
128	7
132	7
133	9
137	7
143	15
148	15
150	14
Market 2
2	1
3	10
5	10
10	6
13	7
15	4
17	5
19	13
24	11
26	1
27	15
29	5
32	10
34	15
39	6
42	8
45	3
50	13
58	9
61	3
63	7
66	13
68	4
72	10
75	1
77	3
81	13
83	6
85	5
89	15
91	12
95	2
97	15
99	6
101	7
103	10
105	1
109	15
113	4
115	7
118	7
121	7
127	11
129	4
141	3
146	3
150	4
Market 41
1	2
2	14
3	6
5	1
6	11
9	1
11	5
12	10
14	6
15	9
17	10
19	1
21	9
24	2
25	14
26	12
27	15
28	5
29	2
30	13
32	5
33	6
34	11
35	15
36	3
39	5
41	1
42	10
44	2
45	3
47	6
50	3
53	10
56	13
57	10
58	6
61	7
62	4
64	7
66	9
67	8
72	15
73	14
75	3
76	2
79	5
81	2
82	15
83	14
84	5
85	1
87	3
89	9
91	5
92	1
95	3
96	11
97	5
98	11
99	13
100	6
101	1
103	3
105	13
107	12
109	5
110	2
112	11
113	15
115	11
116	8
118	6
120	13
121	4
123	13
124	10
126	3
127	9
128	12
129	12
135	6
137	14
141	1
143	3
145	14
149	7
150	2
Market 73
3	5
6	5
8	1
12	11
15	8
17	15
19	14
25	1
26	3
27	4
28	4
32	7
34	13
36	14
39	9
42	1
44	8
50	12
53	11
57	5
63	3
64	5
67	14
74	1
75	8
76	10
79	1
83	11
91	12
92	3
94	14
97	4
99	6
101	10
103	3
105	2
108	3
112	12
113	8
115	8
118	3
121	6
124	7
127	6
129	12
135	3
143	5
Market 193
1	15
2	10
3	1
4	3
6	13
10	9
13	15
14	1
15	13
17	5
24	11
26	2
27	12
28	11
29	10
33	8
34	6
37	6
39	15
40	13
42	15
43	13
46	10
50	14
54	5
56	6
58	4
62	15
64	3
66	7
67	14
68	8
73	4
75	3
78	6
79	5
81	1
83	1
84	1
85	6
87	5
89	5
92	5
95	6
97	5
98	4
99	15
101	14
103	3
104	11
106	12
109	13
113	9
115	11
116	9
119	5
121	11
122	10
124	8
125	5
126	7
127	10
128	4
129	15
136	2
141	13
143	10
147	13
Market 10
1	13
2	8
3	13
4	15
5	4
6	12
10	1
12	4
14	4
15	7
17	10
21	14
24	7
26	7
28	8
29	1
32	12
35	13
37	15
39	7
41	7
43	9
50	2
56	14
58	3
62	5
63	3
67	2
68	7
73	10
75	8
79	5
81	7
83	14
86	7
89	4
92	15
96	10
98	7
99	10
102	1
103	6
105	9
107	3
110	8
113	6
115	7
120	11
123	2
124	3
125	10
127	10
137	3
141	3
143	6
147	4
150	12
Market 81
1	4
2	7
3	1
4	5
5	3
6	15
10	8
13	11
14	3
15	1
17	4
19	3
21	3
24	10
25	3
26	11
27	10
28	15
29	10
32	4
34	2
35	8
38	8
39	1
41	4
42	8
44	15
47	4
50	4
54	1
56	5
58	8
61	5
62	13
63	11
64	1
66	9
67	12
68	10
73	11
78	14
79	12
81	5
83	2
84	8
85	2
87	8
89	14
92	10
95	13
97	9
98	11
99	7
100	8
101	5
103	1
104	3
105	15
107	15
109	14
110	6
113	14
115	14
116	3
119	14
120	3
121	1
124	13
126	14
128	10
129	9
132	11
136	15
137	11
141	1
143	6
147	1
148	12
Market 30
1	10
2	1
3	2
4	13
6	8
10	6
14	13
15	4
17	5
24	13
26	15
28	12
29	8
32	12
35	15
38	5
39	4
41	1
44	5
46	14
50	6
56	14
58	4
62	13
63	13
64	11
67	15
68	8
73	4
75	1
79	7
81	5
83	8
87	10
89	7
92	15
96	7
98	6
99	2
101	10
103	4
104	5
107	14
110	8
113	10
115	13
120	4
123	13
125	4
127	15
131	5
137	8
141	15
143	5
147	5
150	10
Market 110
1	8
2	8
3	8
4	5
6	4
11	11
14	2
15	14
16	10
17	2
18	5
22	3
25	15
26	5
28	14
30	1
33	10
35	6
39	6
41	12
44	11
50	13
56	5
58	6
62	13
63	9
64	3
67	10
68	5
75	15
79	1
82	12
84	9
87	15
89	8
92	8
96	12
98	10
103	9
105	11
108	13
111	10
113	6
116	9
120	2
124	5
126	1
133	2
137	15
141	8
143	10
150	15
Market 44
1	3
2	6
4	12
6	3
11	5
14	8
15	5
21	6
25	15
26	11
28	4
30	12
33	2
35	6
39	9
41	1
44	7
47	3
50	3
56	4
58	14
62	12
64	8
67	15
68	3
73	12
75	9
79	12
82	5
84	7
87	12
89	7
92	4
96	2
98	14
100	10
103	6
105	8
107	4
110	3
113	9
116	3
120	2
123	8
124	3
126	5
128	15
132	15
137	4
141	10
143	14
149	3
150	2
Market 33
2	7
3	12
5	8
7	1
10	12
14	12
15	2
17	4
19	5
22	7
24	6
25	14
26	8
27	3
28	7
29	4
31	5
32	4
33	4
34	8
36	8
39	6
42	11
44	4
45	15
49	4
50	8
53	5
57	15
59	15
61	10
63	13
64	1
67	5
68	5
72	12
74	10
75	2
76	4
79	2
81	2
83	9
84	7
85	12
87	9
89	6
91	10
94	6
97	13
98	12
99	11
101	7
103	4
104	1
105	12
108	2
112	10
113	6
114	3
115	11
121	12
124	15
127	4
129	15
134	14
135	7
140	13
141	6
142	8
143	7
144	3
145	1
150	4
Market 127
1	6
2	2
3	14
5	1
10	12
13	9
14	7
15	9
19	5
24	4
25	14
26	1
27	11
28	13
29	7
32	15
34	12
35	2
39	6
44	1
45	10
47	2
50	12
54	15
56	5
58	1
61	15
63	3
64	9
66	10
67	7
68	12
72	12
75	7
78	6
79	6
81	4
83	7
84	9
85	12
87	3
89	4
91	4
92	8
95	10
96	5
99	6
100	4
103	3
104	3
105	6
109	7
113	5
115	6
116	2
119	1
120	12
121	9
124	10
126	15
127	12
128	10
129	5
136	14
141	5
143	2
147	9
Market 147
1	14
2	11
3	11
4	9
5	7
6	4
10	4
12	11
13	15
17	12
19	15
24	13
26	10
27	12
29	12
32	14
34	7
36	10
37	10
39	3
42	2
46	6
50	14
54	3
58	4
62	3
63	14
66	2
68	5
73	10
75	12
78	10
81	2
83	15
85	10
89	8
92	7
95	9
97	15
99	8
101	14
103	8
104	4
105	7
109	4
112	2
113	13
115	11
119	8
121	2
124	10
127	7
129	12
136	13
141	15
143	8
147	9
Market 25
1	11
2	13
3	13
4	4
5	8
6	13
9	1
11	2
12	1
14	4
15	11
16	4
17	7
18	8
19	8
24	11
25	4
26	4
27	4
28	7
29	5
30	6
32	12
34	7
35	12
36	4
39	2
41	9
42	4
44	5
45	6
47	4
50	10
51	9
54	11
56	9
57	15
59	10
61	10
62	4
63	1
64	12
66	13
67	1
68	14
72	6
73	11
74	6
75	2
76	6
79	15
81	11
82	1
83	4
85	14
87	14
89	1
91	6
95	11
96	4
97	14
98	3
99	15
100	7
101	7
103	6
105	15
108	7
112	6
113	8
115	8
116	8
120	6
121	6
124	10
126	2
127	15
129	14
133	11
135	9
137	9
138	8
141	1
143	15
146	9
150	10
Market 47
2	6
3	2
5	6
6	8
8	13
12	11
17	2
19	13
24	5
25	15
26	3
27	2
28	4
29	5
32	14
36	10
39	4
42	2
45	7
50	10
53	15
56	14
57	1
61	15
63	4
64	3
67	12
68	9
72	5
74	3
75	2
76	10
79	5
80	8
83	13
85	2
89	15
91	13
94	5
95	1
97	11
98	5
99	2
101	4
103	5
105	11
108	12
112	8
113	10
115	4
118	7
124	10
127	13
129	1
140	4
141	2
143	12
145	5
150	5
Market 157
2	4
3	3
5	8
6	2
7	3
12	15
14	2
16	3
17	2
19	4
22	9
25	10
27	10
28	7
30	10
33	12
36	13
42	2
44	10
48	6
50	15
51	7
52	6
56	15
59	4
63	6
64	15
70	12
72	8
74	12
75	7
76	9
82	2
84	12
87	1
89	2
90	1
92	3
93	5
97	7
98	12
101	15
103	1
105	8
108	4
111	2
112	11
114	5
116	3
118	2
121	11
126	4
127	5
128	8
129	15
134	8
138	1
139	9
142	13
144	5
150	3
Market 161
1	14
2	15
4	9
5	3
6	7
7	4
10	9
12	5
14	4
15	2
17	13
19	5
21	3
22	5
24	2
25	10
26	14
29	5
31	8
32	15
33	1
35	1
36	11
37	9
39	12
41	7
42	10
43	15
44	12
46	12
49	12
50	8
52	6
56	2
57	4
58	9
59	3
62	7
63	14
64	5
67	15
68	4
72	7
73	1
74	7
75	10
76	13
81	9
83	8
84	7
86	13
87	11
89	13
90	14
92	3
93	10
97	11
98	11
99	9
101	8
102	9
103	4
104	12
105	15
107	12
108	5
110	2
112	12
114	9
115	6
118	12
120	4
121	12
123	15
124	1
125	15
126	11
127	11
129	14
130	13
137	9
139	11
141	6
142	14
143	3
144	9
147	5
150	4
Market 4
1	10
2	15
3	3
4	15
6	9
10	14
14	1
15	2
17	3
21	1
24	13
26	3
28	3
29	14
32	4
38	9
41	1
44	13
50	14
58	5
62	15
64	4
67	9
68	7
73	15
75	14
79	9
81	13
83	2
87	12
89	4
92	4
96	13
98	12
99	1
103	13
104	1
107	5
110	14
113	3
116	10
120	12
123	14
125	6
127	7
132	3
141	3
143	6
Market 53
2	5
3	15
5	6
8	8
14	9
17	5
22	11
25	5
27	5
28	11
32	9
36	1
39	7
44	6
50	1
57	6
64	1
72	14
74	6
75	12
79	9
83	5
84	8
87	2
91	5
97	11
98	7
101	7
103	9
105	12
108	8
112	11
114	14
118	9
121	10
124	14
127	9
129	9
134	5
140	4
142	8
144	8
150	3
Market 35
1	15
2	2
3	9
5	12
10	2
12	5
13	2
14	11
15	2
17	1
19	1
22	14
24	7
25	3
26	4
27	4
28	4
29	5
32	10
33	13
34	5
36	3
39	4
42	9
44	5
45	14
50	2
54	1
56	6
58	8
59	4
61	9
63	8
64	7
66	14
67	5
74	10
75	7
78	9
79	11
81	12
82	10
83	6
84	13
85	9
87	15
89	2
90	7
91	11
95	9
97	2
98	11
99	2
101	8
103	9
104	6
105	5
109	6
113	9
115	3
119	11
121	12
126	4
127	15
129	8
134	7
141	11
142	1
143	2
144	3
147	13
150	7
Market 125
1	11
2	4
5	13
6	13
7	1
10	8
12	13
14	10
15	3
17	12
19	15
21	7
22	14
24	8
25	2
26	8
27	4
28	15
29	2
32	11
33	8
35	9
36	15
38	15
41	7
42	10
44	2
46	3
50	1
53	11
57	7
58	8
60	6
62	12
63	11
64	4
67	5
68	14
73	12
76	4
79	11
81	15
83	12
87	8
89	9
91	9
92	12
94	7
96	13
97	2
98	13
99	8
101	5
103	14
104	13
105	3
107	12
108	1
112	8
113	7
114	14
115	12
118	6
120	15
121	8
123	13
124	9
125	5
129	10
131	14
134	15
140	6
141	8
142	9
143	3
144	9
147	14
150	15
Market 133
2	8
3	8
5	6
6	5
9	8
12	11
14	6
15	3
16	8
17	5
18	15
19	12
22	6
24	5
25	6
26	9
27	7
28	11
29	5
30	14
32	8
33	15
34	1
36	5
39	9
42	9
44	9
45	9
48	1
50	7
56	7
57	3
59	2
61	11
63	3
64	8
66	12
67	5
68	6
72	6
74	6
75	8
76	6
79	3
81	9
84	5
85	4
87	12
89	14
90	5
91	10
95	11
97	10
99	6
101	9
105	6
111	12
113	3
115	6
116	14
121	3
126	6
127	2
128	12
129	10
134	4
135	10
138	15
141	1
144	12
150	1
Market 91
1	5
2	11
3	2
5	11
6	6
10	9
12	15
14	3
15	11
16	15
17	5
18	5
19	14
22	7
24	12
26	10
28	2
29	2
30	3
32	13
33	5
34	2
36	6
39	1
42	10
44	9
48	3
50	15
51	14
54	11
56	6
58	10
61	3
63	1
64	12
66	13
67	12
68	5
74	9
79	10
81	13
82	7
83	12
84	3
85	3
87	5
89	3
90	7
92	7
95	7
97	10
98	10
99	15
101	6
103	8
104	9
108	6
109	2
111	15
115	11
116	1
120	2
121	11
124	8
127	6
128	3
134	8
136	5
138	2
143	3
144	14
150	2
Market 156
1	8
2	1
3	2
4	3
6	12
14	13
17	13
19	5
22	15
25	12
26	9
27	3
28	2
30	14
33	6
35	7
39	14
41	4
44	5
47	5
50	13
56	13
62	8
63	12
64	7
67	15
73	9
75	6
82	8
83	4
84	10
87	14
89	15
92	5
96	14
98	2
100	1
101	15
103	9
105	12
108	4
111	5
113	6
116	13
120	10
124	8
126	4
127	3
128	7
129	6
133	13
138	14
141	7
143	5
150	10
Market 13
1	12
2	2
5	2
6	6
12	13
14	9
15	2
16	3
17	5
18	3
19	6
25	2
26	14
27	13
28	11
29	10
30	5
31	15
33	3
35	12
36	13
44	10
47	10
49	7
50	12
52	12
56	15
59	12
63	2
64	6
67	10
68	11
71	2
74	13
75	15
82	4
84	6
87	9
89	6
92	12
93	14
96	2
97	7
98	8
100	11
101	4
103	1
104	4
105	8
108	11
111	13
112	10
113	6
114	5
116	9
118	7
120	3
121	2
129	1
134	13
139	2
141	11
142	5
143	14
144	12
150	8
Market 71
1	4
2	1
3	6
5	11
6	7
12	11
14	11
16	15
18	4
22	13
25	9
26	15
28	15
30	3
33	11
35	7
39	9
42	9
44	9
47	11
50	3
51	7
56	2
59	15
63	11
64	4
67	10
68	8
74	3
75	13
79	1
82	14
84	9
87	13
89	11
92	14
96	9
97	12
98	11
100	5
101	12
103	11
105	7
108	13
111	14
113	1
116	6
120	8
124	10
126	9
128	11
133	1
138	2
141	4
143	13
144	15
150	13
Market 29
2	13
3	14
4	14
5	7
6	15
10	5
12	10
15	7
17	5
19	6
24	7
26	6
27	8
29	9
32	4
34	3
36	2
37	4
41	6
42	13
50	8
54	12
58	15
62	14
64	5
66	10
67	3
68	7
73	7
74	15
75	14
78	6
83	10
85	15
89	1
92	10
95	11
97	11
99	3
101	7
103	11
104	13
105	2
109	12
113	14
115	7
119	9
121	7
124	4
129	5
136	12
143	8
147	2
150	2
Market 184
2	13
3	1
5	14
7	5
12	11
14	1
17	11
19	4
22	4
25	8
26	11
27	5
28	10
32	13
33	8
36	5
39	5
42	12
44	9
50	10
53	1
57	8
60	1
63	6
64	12
67	1
68	15
72	14
74	2
75	8
76	1
79	13
83	9
84	13
87	15
89	11
91	14
97	15
98	14
101	1
103	13
105	5
108	3
112	1
113	11
114	15
121	7
124	1
127	8
129	9
134	1
140	2
141	11
142	6
144	13
150	9
Market 65
2	4
3	12
5	3
6	12
16	9
17	1
19	7
22	3
25	13
26	2
27	14
28	11
30	2
33	3
36	10
39	11
42	8
44	8
48	5
50	7
51	8
56	12
59	4
63	13
64	6
67	10
70	12
74	8
75	1
76	10
79	7
82	11
87	8
89	2
90	11
92	12
98	4
101	7
105	14
108	2
111	5
112	3
113	2
116	11
118	13
120	4
121	9
124	8
126	6
128	12
129	14
134	9
138	3
143	11
144	5
Market 22
1	13
2	13
3	6
5	6
10	11
13	4
15	6
17	1
19	9
24	14
26	7
29	4
32	9
34	4
36	9
39	14
42	9
45	13
50	3
54	8
58	14
61	14
63	9
66	3
67	14
68	15
72	12
78	5
81	8
83	10
85	13
89	1
91	2
95	9
97	12
99	11
101	6
103	1
104	3
105	3
109	1
113	4
115	7
119	9
121	9
124	3
127	2
136	7
141	5
143	15
147	12
150	8
Market 183
1	4
2	14
3	15
4	13
5	12
6	11
12	4
16	5
17	2
18	9
19	10
21	12
22	5
25	8
28	8
30	4
33	12
35	14
36	2
39	15
41	11
42	15
44	6
48	9
50	11
51	6
56	1
58	13
59	13
62	3
63	10
64	11
67	10
68	8
69	4
73	9
74	1
75	1
79	10
82	12
84	7
87	2
89	10
90	1
92	3
97	10
98	4
101	12
103	1
104	13
105	6
107	14
108	12
110	7
111	6
113	15
116	8
120	8
123	4
124	7
126	3
128	8
134	13
137	1
138	5
141	1
143	10
144	8
150	1
Market 152
2	15
3	3
8	10
12	9
14	6
15	2
17	3
19	3
24	3
25	6
27	9
28	14
32	1
34	1
36	3
39	12
42	8
45	8
50	4
53	5
61	11
63	8
64	10
67	4
68	10
72	5
74	6
76	10
79	14
80	11
83	12
85	3
89	3
91	9
94	12
97	15
98	2
99	6
103	3
112	12
115	9
118	5
121	6
124	4
127	13
129	3
135	9
140	9
141	2
145	7
Market 92
2	11
3	2
5	14
7	7
12	15
14	1
15	4
17	6
19	6
22	7
25	13
28	3
31	4
33	11
36	2
39	2
42	10
44	12
49	4
53	7
57	10
59	11
63	13
67	8
68	9
72	13
75	10
76	1
83	12
84	14
87	11
89	7
90	11
93	6
98	1
101	6
105	1
108	11
112	5
118	6
121	11
124	10
127	10
129	3
134	2
140	4
141	14
142	6
144	9
150	12
Market 59
1	9
2	6
5	2
6	7
7	14
12	15
14	3
15	14
16	15
17	6
18	6
22	11
24	14
25	15
26	11
27	12
28	8
29	6
30	13
31	15
32	1
33	6
34	1
35	12
39	8
44	15
47	15
49	15
50	2
51	5
52	1
56	7
59	9
63	13
64	11
67	8
68	14
70	12
71	5
74	3
75	8
76	5
79	14
81	10
82	12
83	8
84	15
85	5
87	4
89	9
90	10
92	4
93	5
95	8
97	3
98	8
99	11
100	5
105	12
108	11
111	6
112	8
113	14
115	8
116	14
118	11
120	14
121	2
124	4
126	14
127	9
129	7
133	9
134	9
138	11
139	14
141	4
142	10
143	4
144	14
150	10
Market 34
3	5
9	3
12	8
14	7
15	15
17	13
19	1
24	13
25	15
26	7
27	9
28	6
32	3
34	10
36	10
39	14
42	13
45	4
53	5
57	9
61	3
63	3
64	11
67	2
72	13
74	12
75	7
76	9
79	12
83	14
84	12
85	14
89	14
91	8
94	12
97	13
98	9
101	2
105	15
108	10
112	6
115	5
118	12
121	9
124	8
127	12
129	12
135	4
140	13
141	14
143	3
150	7
Market 178
2	7
3	7
5	6
8	14
12	8
15	8
17	10
19	11
24	14
25	15
28	14
32	14
34	6
36	5
39	8
42	2
44	15
50	14
53	7
57	14
61	14
63	5
64	5
67	2
68	13
72	15
74	13
75	4
76	1
79	11
83	12
84	3
89	8
91	2
97	5
98	15
99	12
101	13
103	1
105	1
108	11
112	10
115	10
118	2
121	11
124	12
127	2
135	15
140	9
141	10
143	7
144	1
150	2
Market 130
1	6
2	14
3	7
5	11
6	14
12	15
14	10
16	15
17	13
18	7
22	14
25	6
26	8
28	11
30	15
33	13
35	9
39	5
47	8
59	9
63	1
64	13
68	13
74	3
75	8
79	13
82	15
84	12
87	5
89	4
92	14
96	7
98	9
103	8
105	1
108	10
111	12
113	10
116	12
120	3
124	8
128	2
138	7
141	10
144	11
150	5
Market 66
5	3
7	10
12	12
17	9
19	14
22	4
25	9
27	3
28	6
32	7
33	8
36	5
39	2
42	13
50	3
53	12
57	1
60	9
64	13
67	6
72	9
74	1
75	10
76	4
79	5
83	7
84	5
88	12
89	1
91	4
94	14
97	1
101	14
103	3
105	11
108	12
112	10
118	1
124	11
127	6
129	12
134	2
140	14
142	15
144	9
150	5
Market 95
1	3
2	6
3	2
4	12
6	12
10	3
13	11
15	6
17	4
20	4
24	14
26	8
27	1
29	1
32	9
35	1
37	14
39	4
41	7
43	8
46	5
50	9
55	12
58	2
62	15
63	3
66	12
67	7
68	1
75	2
83	13
85	7
89	11
92	5
95	1
99	9
101	12
103	4
104	13
105	15
107	10
110	14
113	9
115	9
119	10
123	10
124	15
125	14
127	4
129	4
137	13
143	2
150	9
Market 173
1	8
2	13
3	2
5	2
6	5
10	9
13	9
15	13
17	7
19	1
24	8
26	7
27	2
29	4
32	7
34	11
36	7
39	1
42	5
45	3
50	14
58	8
61	11
63	12
68	3
72	6
75	12
78	9
81	1
83	11
85	5
89	3
91	13
95	5
97	4
99	12
101	13
103	4
104	3
105	13
109	3
113	8
115	5
119	8
121	3
127	9
129	15
136	7
141	14
143	3
147	6
Market 196
2	12
3	2
5	5
6	13
12	8
14	9
16	4
18	14
22	6
25	3
26	15
28	7
30	15
33	6
36	14
39	4
42	15
44	5
48	14
50	15
51	15
56	13
59	6
63	1
64	9
68	9
74	12
75	2
79	10
82	1
84	11
87	5
89	2
90	11
92	9
97	1
98	1
101	7
103	9
105	13
108	6
111	5
113	7
116	14
120	11
124	1
126	8
128	8
134	5
138	1
141	4
143	6
144	13
150	3
Market 21
2	7
3	11
5	3
6	15
9	3
12	6
14	2
15	12
17	9
19	9
24	7
25	6
27	12
28	15
29	3
32	7
34	1
36	10
39	12
42	10
44	5
45	15
50	14
53	7
56	14
57	7
61	2
63	10
72	1
74	7
75	4
79	10
80	6
83	13
87	2
89	9
91	15
92	4
95	5
97	7
98	7
99	4
101	8
103	15
108	10
109	13
112	5
113	9
115	15
118	8
121	8
124	4
127	12
129	14
141	8
143	15
145	13
150	6
Market 185
2	8
3	3
5	14
6	2
9	15
14	7
15	12
17	13
24	15
25	12
28	5
29	3
34	6
36	6
39	13
44	8
45	15
50	15
53	7
56	4
57	12
61	12
63	5
67	10
72	4
74	13
75	13
76	14
79	15
80	5
83	13
85	10
89	14
91	15
92	7
94	1
97	4
98	15
103	1
105	2
108	11
112	1
113	15
115	5
118	12
124	11
127	9
150	6
Market 94
1	12
2	1
3	14
5	12
10	1
12	15
13	1
15	11
17	5
19	9
24	9
26	11
27	4
28	7
32	12
34	12
36	9
39	6
42	3
45	13
50	4
54	12
58	2
61	14
63	3
66	14
67	14
68	2
72	15
75	14
78	3
79	10
81	2
83	6
85	7
89	15
91	8
95	11
98	2
99	3
101	2
104	12
105	7
109	2
113	6
115	9
119	4
121	15
124	6
127	3
136	7
141	5
143	1
147	10
150	7
Market 154
1	12
2	7
3	4
4	11
6	8
10	3
13	15
15	2
17	13
19	11
26	4
27	4
29	15
32	11
35	7
37	2
41	11
43	4
46	13
50	6
55	15
58	13
62	15
66	2
68	4
75	9
81	4
83	7
85	4
92	5
95	4
98	10
99	6
101	3
104	2
107	8
110	10
113	7
115	13
119	15
123	3
125	13
127	3
129	2
137	9
141	11
147	7
Market 86
2	14
3	5
5	10
12	13
14	12
15	6
17	14
19	14
23	10
25	2
27	5
28	7
32	5
34	7
36	5
39	12
42	12
44	13
50	1
53	5
57	14
60	10
63	1
64	7
67	12
72	2
74	2
76	3
79	1
83	15
84	4
89	4
91	1
94	10
97	13
98	7
99	11
101	15
103	3
108	6
112	13
113	11
115	1
118	3
124	5
127	7
129	3
134	2
140	8
143	6
144	13
150	14
Market 144
2	15
3	14
5	13
12	14
14	2
16	3
17	14
19	11
22	9
25	5
27	3
28	15
31	13
33	12
36	4
39	11
42	15
44	4
49	1
51	7
56	3
59	4
63	5
64	9
68	1
70	13
74	15
75	14
82	15
84	2
87	13
89	4
97	13
98	15
101	15
103	11
105	8
108	12
112	15
113	12
116	6
121	5
124	1
126	13
128	14
134	3
138	13
141	10
142	13
143	1
144	9
150	4
Market 68
1	9
2	10
3	13
5	13
10	4
13	1
15	1
17	1
19	1
24	11
26	14
29	3
32	1
34	10
36	15
39	14
42	4
45	8
50	6
54	4
58	14
61	12
63	7
66	15
68	9
75	12
79	14
81	14
83	11
85	13
89	13
91	13
95	9
97	15
98	5
99	2
101	4
103	6
104	7
109	8
113	13
115	10
119	4
121	10
124	3
127	12
129	15
136	7
141	1
143	6
147	2
Market 32
2	4
3	5
5	10
6	14
12	5
14	6
15	11
16	15
17	14
18	8
22	13
28	4
30	11
33	5
36	10
39	7
42	1
44	2
48	14
51	11
56	13
59	5
63	2
64	15
67	7
68	4
69	1
74	8
79	14
82	9
84	1
87	2
89	9
90	14
92	8
97	9
101	9
103	14
105	10
108	9
111	2
113	6
116	5
120	9
124	5
126	3
128	13
134	6
138	7
141	10
143	5
144	4
150	5
Market 138
1	13
2	12
3	10
4	4
5	11
6	12
7	15
12	11
14	15
17	4
19	3
22	1
25	2
26	4
27	8
28	2
31	7
33	3
36	6
39	2
42	2
44	10
49	2
50	4
53	15
58	8
59	5
62	2
63	7
64	8
67	14
68	7
73	12
74	10
75	9
76	5
79	14
83	4
84	14
87	9
89	8
91	12
94	7
97	6
98	10
101	6
103	15
105	12
108	15
112	4
113	12
114	4
118	15
121	10
124	6
127	13
129	15
134	11
140	3
141	3
142	5
143	9
144	5
150	11
Depot
