CapEuclideo.300.50.1.2
Total Cost:213321
|M*|: 299
Depot
Market 114
4	3
6	12
8	10
13	15
15	12
16	2
20	4
23	14
25	2
28	14
31	15
32	13
33	6
35	14
39	3
41	1
43	5
49	13
Market 32
2	11
4	11
6	2
12	5
16	1
17	11
20	3
26	3
33	2
40	10
41	4
42	8
47	9
Market 167
2	5
4	4
5	11
12	12
14	1
15	10
18	1
19	9
20	6
21	13
29	14
33	11
37	10
38	4
43	7
45	14
47	3
Market 68
2	11
5	9
6	1
12	5
15	13
16	3
17	10
18	11
20	7
23	12
25	2
26	1
29	10
31	15
33	1
38	9
40	13
41	7
42	7
47	11
Market 195
2	3
4	5
6	8
11	15
15	1
17	10
19	8
20	2
26	3
28	2
29	7
31	3
33	12
35	1
39	1
41	12
43	3
47	10
50	7
Market 265
2	2
3	8
4	4
5	7
6	3
13	10
14	4
15	1
19	5
20	12
22	4
25	11
27	7
28	14
29	4
31	9
33	13
34	13
37	9
38	3
43	6
46	1
47	2
Market 54
2	10
5	8
8	3
11	15
15	3
17	14
20	15
26	3
29	12
31	12
33	5
37	4
41	4
45	3
48	4
50	5
Market 210
4	12
5	6
6	3
14	15
15	3
16	5
20	7
21	2
23	15
25	14
28	12
29	6
31	11
33	13
37	14
38	4
39	15
40	2
41	10
43	11
46	9
47	2
Market 91
2	13
8	4
13	5
16	7
17	9
19	14
20	15
25	5
26	7
31	6
32	7
33	10
37	15
41	14
43	6
48	4
49	7
Market 199
4	7
9	9
14	1
16	10
17	13
19	10
20	11
25	3
28	14
33	1
35	4
41	12
43	6
49	8
Market 78
3	5
4	3
8	15
13	7
16	13
19	5
20	11
25	12
28	4
31	6
33	10
34	3
41	10
43	6
48	9
Market 80
4	10
6	12
7	10
15	8
16	7
20	1
24	13
29	14
31	6
33	3
38	6
41	2
45	13
46	12
47	12
48	6
Market 94
2	9
6	13
11	15
16	8
17	6
20	9
23	11
25	3
26	7
31	12
33	10
37	1
40	4
41	15
42	14
47	7
49	8
Market 107
2	14
4	15
6	13
10	2
12	15
14	10
15	3
16	8
17	10
20	4
23	9
25	6
26	5
28	11
31	4
33	12
40	10
41	15
42	8
43	13
49	6
Market 110
1	10
2	12
6	3
11	15
15	7
17	2
20	3
21	12
25	5
26	7
31	6
33	9
38	2
47	1
49	9
50	10
Market 128
2	7
4	15
5	14
13	7
15	7
17	6
19	1
20	14
26	11
28	13
29	13
31	10
33	9
35	7
37	9
41	12
43	7
46	9
50	9
Market 192
2	6
6	3
11	13
12	1
14	15
16	1
17	10
18	15
19	11
20	5
23	12
24	15
25	12
26	1
28	4
33	15
35	11
40	9
41	7
42	9
43	9
47	2
50	1
Market 97
1	7
2	2
4	15
6	7
11	5
12	11
14	7
17	3
20	5
21	1
25	5
26	12
28	11
31	3
33	3
37	8
38	5
41	14
42	4
47	2
49	6
Market 48
1	4
4	8
6	5
8	9
11	4
16	6
17	5
19	3
21	6
25	14
29	3
31	12
33	5
38	11
41	4
47	6
48	1
49	14
Market 214
4	3
5	13
6	13
8	6
14	15
16	2
17	12
20	9
25	15
28	11
31	12
32	11
33	11
37	10
41	14
43	3
46	7
47	2
49	13
Market 276
4	4
5	13
6	2
15	9
17	7
25	14
28	13
29	1
41	6
47	11
49	9
Market 146
2	13
4	6
6	5
8	8
11	11
15	14
16	5
17	10
23	3
25	11
31	7
33	11
38	2
39	8
41	2
Market 225
9	10
13	9
15	12
16	12
17	7
19	5
20	6
23	14
25	11
28	11
35	3
40	12
41	5
43	9
47	1
49	4
Market 139
4	9
5	13
6	15
8	9
15	3
16	7
17	8
20	4
21	6
25	4
29	9
31	14
33	8
38	3
47	8
49	4
Market 57
4	10
6	10
12	1
14	13
15	15
16	3
17	6
20	2
21	10
23	13
25	4
26	14
28	14
31	15
33	2
37	5
38	7
40	13
41	4
42	1
44	3
47	3
Market 296
2	1
4	2
6	11
7	14
11	12
14	14
15	14
16	15
17	11
19	3
20	5
23	13
24	4
25	7
28	3
31	11
33	7
35	15
37	11
39	5
40	8
41	5
43	2
47	1
48	5
50	2
Market 168
2	2
4	10
6	9
7	6
13	9
14	14
15	11
16	14
17	11
19	5
20	2
23	7
25	12
26	6
28	13
31	13
33	12
37	13
40	1
41	14
43	7
45	7
47	8
49	15
Market 165
2	6
4	3
5	1
6	10
8	10
11	15
15	12
16	14
17	1
20	1
25	11
26	9
28	6
29	1
31	2
33	8
37	4
38	3
41	15
43	10
46	9
49	13
50	4
Market 20
1	15
2	3
8	5
11	4
14	5
15	13
16	4
17	12
25	2
28	5
29	1
31	12
33	3
37	11
38	2
41	1
43	2
44	11
47	2
49	3
Market 264
6	10
8	12
13	6
15	11
16	1
19	12
25	6
28	1
31	8
32	3
33	15
35	9
41	2
43	9
47	7
49	7
Market 5
4	14
6	6
7	15
14	7
15	6
16	3
19	7
20	13
23	9
28	1
29	14
31	11
33	10
35	8
37	11
39	3
40	13
43	12
45	8
47	4
48	10
Market 293
2	5
4	1
6	6
12	1
13	5
15	7
17	5
19	15
20	5
23	9
25	7
28	12
31	1
33	4
39	14
41	7
42	5
43	13
47	3
Market 206
1	10
2	14
5	15
11	11
12	5
14	10
15	3
17	10
20	12
25	4
28	14
31	12
33	7
37	7
38	10
41	6
42	3
45	4
49	2
Market 53
3	11
5	4
6	12
13	3
15	14
19	10
20	7
25	7
26	4
28	7
29	1
31	11
33	15
37	10
38	1
41	1
43	3
46	14
47	2
49	14
Market 79
2	5
4	10
5	15
8	8
13	12
14	8
15	6
16	12
17	1
18	10
20	11
25	1
26	3
28	12
29	9
31	4
33	6
41	8
42	8
44	15
45	11
48	11
49	7
Market 196
1	12
3	5
4	9
6	11
7	1
11	15
13	2
14	6
15	8
16	5
17	1
19	4
20	1
21	12
23	5
25	4
26	8
28	10
33	14
37	10
38	7
40	5
41	3
43	14
44	11
47	3
48	1
49	10
Market 56
2	2
4	13
6	4
12	7
13	1
14	13
15	14
17	2
19	12
20	11
25	7
28	8
29	1
31	8
33	11
37	6
38	12
41	11
42	1
43	6
45	9
47	14
Market 63
4	2
6	6
8	1
13	2
14	12
15	15
16	15
17	1
19	3
20	12
23	3
25	3
28	8
29	13
31	3
33	7
35	3
38	5
41	9
43	3
47	13
49	14
Market 144
2	1
4	1
6	5
12	3
14	11
15	13
17	10
19	7
20	2
23	5
25	10
26	5
28	9
31	12
33	3
35	7
37	13
38	8
41	10
42	9
43	7
44	7
45	6
47	10
49	14
Market 37
4	14
6	7
13	8
14	9
15	5
17	6
19	1
21	9
23	13
25	4
28	6
29	5
31	3
33	14
37	12
38	11
40	1
41	1
43	7
45	12
47	3
Market 18
4	11
6	5
8	9
13	12
14	9
16	3
19	10
20	5
23	7
25	6
28	14
29	2
31	1
32	13
33	4
35	12
37	5
40	3
41	8
43	5
45	5
47	3
48	14
49	2
Market 122
1	14
2	10
4	8
6	14
11	9
12	3
14	13
15	3
17	12
18	1
20	10
22	11
25	15
26	10
28	13
31	4
33	4
37	7
38	8
41	12
42	1
43	11
47	10
49	12
Market 170
2	5
4	12
6	15
11	1
14	9
15	2
16	4
17	11
20	6
23	6
26	8
28	11
29	14
31	8
33	1
38	11
40	6
41	12
44	15
47	7
50	9
Market 285
4	6
5	14
9	6
14	15
15	15
17	13
20	14
21	14
25	7
28	4
31	5
37	5
38	10
41	7
43	1
44	9
45	12
47	9
49	6
Market 118
2	1
4	7
8	9
14	14
15	4
16	14
17	3
25	11
28	1
29	13
31	6
33	15
41	5
42	2
45	13
49	8
Market 169
2	13
4	6
6	1
12	13
13	15
15	11
16	9
17	11
19	14
23	10
26	1
31	3
33	5
34	9
41	13
42	1
43	13
47	3
Market 270
2	11
4	7
6	9
8	11
11	11
15	15
16	13
17	15
20	3
25	11
26	9
28	3
31	4
33	9
41	12
43	7
47	14
49	12
50	14
Market 55
2	3
4	8
7	9
12	4
14	15
16	11
17	11
18	14
20	10
23	2
25	11
26	6
28	14
29	15
31	10
33	13
37	13
40	5
41	9
42	12
48	4
Market 45
2	15
4	11
6	7
11	5
15	15
16	15
17	6
20	14
23	1
25	11
26	1
28	11
31	11
33	6
37	7
39	5
41	6
43	14
47	9
49	8
50	4
Market 102
4	12
5	10
13	12
14	10
15	6
19	10
20	11
23	11
28	3
29	5
31	11
34	11
38	7
43	14
47	5
Market 218
2	11
5	14
6	12
12	14
14	6
15	5
16	8
17	12
20	4
23	6
26	13
29	8
31	9
33	13
37	11
40	6
41	7
42	4
45	3
47	11
Market 98
2	10
4	13
6	11
10	5
12	14
14	2
17	12
18	15
20	10
25	7
26	12
28	7
31	14
33	12
37	5
41	3
42	13
43	3
47	5
49	10
Market 259
4	7
5	10
6	13
14	7
15	12
17	15
20	1
23	15
25	15
31	13
37	9
38	1
39	15
41	1
43	11
46	11
47	9
49	8
Market 243
4	12
7	5
14	1
16	13
20	13
23	4
25	4
31	4
33	5
37	2
40	14
41	7
44	2
45	9
Market 271
1	14
2	11
4	2
11	1
12	12
13	11
14	10
15	11
16	12
17	5
20	13
23	15
25	13
26	11
28	3
31	12
37	14
40	11
41	1
42	10
43	10
44	15
45	11
47	2
49	3
Market 119
4	9
5	14
8	6
15	8
17	13
20	14
23	4
25	14
28	6
29	8
31	7
32	8
33	8
37	6
38	2
40	6
41	9
44	8
47	8
49	15
Market 190
2	2
3	14
4	1
5	3
6	4
13	1
17	3
19	1
20	6
25	6
28	14
29	8
31	1
33	15
34	15
38	9
41	6
43	12
46	10
47	8
49	15
Market 200
4	4
6	5
8	5
13	12
14	15
15	9
16	10
17	15
19	4
20	7
21	9
23	6
25	10
28	12
31	2
33	10
35	11
37	4
38	3
41	3
43	14
47	15
48	6
Market 182
2	13
4	15
6	2
15	4
16	11
17	9
20	13
22	10
23	2
26	3
29	13
31	1
33	14
37	5
38	2
41	8
42	11
47	4
50	14
Market 30
2	9
3	3
4	9
6	7
12	6
13	5
14	12
15	11
16	7
18	12
19	4
20	2
26	1
27	9
28	7
29	13
31	12
33	5
37	9
38	4
41	8
42	5
43	14
45	13
47	1
Market 282
4	14
6	8
14	6
15	14
16	7
19	9
20	2
21	13
23	15
31	2
33	7
35	10
37	2
38	3
40	14
41	14
44	15
47	13
Market 268
2	11
4	5
5	4
7	7
12	3
14	8
15	13
16	11
17	13
20	7
26	11
31	14
33	1
37	13
40	9
45	10
47	13
Market 4
2	2
4	6
5	7
6	2
8	8
15	1
16	13
18	2
19	10
20	7
21	9
23	15
25	6
26	1
28	7
31	10
32	2
33	10
37	3
38	8
40	4
41	7
45	9
47	15
Market 286
4	7
6	7
10	10
14	5
15	7
16	7
17	10
20	14
21	3
25	13
31	14
33	2
37	6
38	1
41	3
45	12
47	11
49	6
Market 145
4	12
5	5
9	3
14	2
15	11
16	9
17	11
20	11
23	13
25	8
28	14
29	6
31	5
33	4
37	5
40	6
41	4
44	4
46	3
47	5
49	2
Market 51
1	1
4	9
6	3
9	5
11	14
17	4
20	7
25	13
28	9
29	14
31	13
33	6
38	6
41	9
47	7
49	2
Market 289
2	11
4	4
5	10
8	5
14	2
15	13
20	1
25	7
26	1
29	1
31	8
32	10
33	15
37	2
38	15
41	3
45	11
46	3
49	12
Market 266
4	9
5	12
8	8
15	2
16	10
25	10
28	6
29	10
31	11
34	5
37	9
41	9
43	15
47	11
Market 228
3	1
4	4
8	13
13	9
16	14
19	12
20	3
25	7
28	15
31	2
33	8
34	6
41	13
43	3
48	6
Market 6
2	5
6	4
14	2
15	3
16	10
20	14
21	10
23	9
26	7
28	10
31	2
33	15
36	10
40	1
41	14
43	3
47	8
Market 49
2	11
9	5
12	4
14	9
15	3
16	4
17	3
18	12
19	13
20	14
25	3
26	10
31	9
33	7
35	1
37	14
38	13
41	2
42	5
43	13
44	9
47	3
49	12
Market 230
4	14
6	12
7	8
14	8
15	14
16	6
20	6
24	11
25	14
28	9
29	1
31	11
37	13
41	5
44	7
45	4
47	9
48	2
49	5
Market 287
4	7
9	1
10	10
14	12
19	11
20	15
33	14
35	7
37	11
41	12
43	4
49	1
Market 108
2	9
4	4
6	3
11	4
14	14
15	12
17	6
20	10
25	11
28	2
31	10
33	11
37	14
41	7
45	13
47	5
50	15
Market 35
1	14
4	14
8	11
11	10
14	2
15	11
16	10
17	8
20	2
21	7
25	14
28	13
31	8
33	3
37	6
38	5
41	3
45	9
47	3
49	8
Market 156
2	14
4	11
6	15
12	6
16	4
17	3
19	2
23	6
25	15
26	6
28	8
33	12
35	7
40	3
41	5
42	10
43	11
47	4
49	4
Market 273
4	7
6	2
11	2
14	7
15	5
17	3
19	2
20	6
21	13
25	12
28	4
29	10
31	13
33	8
34	4
37	4
38	7
41	3
43	12
45	10
47	14
49	10
Market 300
4	12
5	8
6	13
9	14
13	1
14	6
15	12
17	6
19	1
20	8
25	2
28	3
29	6
31	3
33	1
35	5
41	5
43	13
47	13
49	12
Market 148
4	9
6	13
14	3
15	2
19	4
20	13
21	2
28	12
29	11
31	1
35	7
37	15
38	8
41	14
43	14
45	7
47	2
Market 82
2	1
4	7
11	5
14	14
15	1
17	14
20	5
25	8
26	12
28	2
31	14
33	8
37	15
41	3
44	6
47	13
50	8
Market 290
4	10
6	8
8	6
19	3
20	4
25	11
28	8
29	12
33	5
34	15
41	10
47	12
48	15
Market 231
4	10
6	6
12	10
14	15
16	10
20	7
23	10
26	7
28	2
29	7
31	9
33	6
37	13
40	7
41	14
42	5
43	10
45	7
47	11
Market 297
4	3
6	1
13	10
14	10
15	4
17	2
19	2
21	4
23	5
25	2
28	5
35	4
37	1
38	15
39	2
43	10
47	8
49	2
Market 177
1	13
4	6
5	15
6	2
11	12
13	12
14	11
15	5
17	2
19	13
20	11
25	9
28	8
29	4
31	9
33	13
34	4
38	4
41	1
43	13
46	5
47	6
49	1
Market 294
2	11
4	10
6	14
13	12
14	14
15	3
16	13
17	5
19	9
20	12
25	7
26	8
28	4
31	1
33	8
35	11
37	6
41	1
43	6
44	4
45	12
47	4
50	9
Market 220
2	2
3	14
4	11
6	1
13	13
14	1
15	10
16	15
17	15
19	15
20	10
23	15
26	5
27	10
28	14
31	10
33	6
34	2
37	11
40	6
41	14
43	4
44	10
Market 138
2	5
4	9
6	4
12	9
15	10
17	8
19	1
21	10
25	9
26	8
28	4
29	1
31	3
33	7
35	10
38	12
41	10
42	10
43	5
47	15
Market 291
2	15
4	9
5	15
12	15
13	4
17	9
19	7
20	7
26	13
29	9
33	15
37	15
42	1
43	7
45	15
Market 130
2	13
4	15
7	13
12	4
16	1
17	15
18	3
19	14
20	9
23	8
24	5
26	5
28	15
31	1
33	3
40	3
41	6
42	7
43	15
47	2
48	11
Market 31
4	8
6	6
13	3
14	9
16	14
19	4
20	12
23	1
28	1
29	13
35	7
37	3
40	9
41	8
45	5
47	2
Market 253
2	4
4	7
6	7
8	12
11	11
14	1
15	11
17	9
20	9
23	12
24	9
25	13
26	15
29	11
31	7
33	2
37	15
40	10
41	3
45	12
47	2
48	8
50	14
Market 164
1	7
4	3
5	12
11	13
13	15
14	1
15	6
17	4
19	3
20	3
25	15
28	13
29	4
31	8
33	7
37	11
38	2
41	14
43	1
47	1
Market 65
4	3
6	13
13	2
14	9
15	2
16	3
19	4
22	9
23	10
25	4
28	9
29	14
31	1
34	8
37	14
38	15
41	11
45	4
47	15
48	8
Market 162
4	9
6	10
9	12
11	12
14	14
15	15
17	11
20	10
21	12
25	5
28	4
31	5
33	5
37	13
38	6
41	4
47	1
49	10
50	14
Market 113
3	9
6	3
9	12
13	2
17	15
19	14
20	14
25	15
27	10
29	6
31	12
33	9
38	11
41	3
43	8
47	2
49	12
Market 123
1	10
4	12
5	1
6	15
8	9
11	3
13	10
14	11
16	6
17	15
19	14
20	3
21	6
25	15
28	7
29	1
31	2
33	3
38	10
41	8
43	11
46	7
47	12
48	9
49	10
Market 129
6	11
8	3
13	5
15	10
16	3
19	6
20	7
28	13
29	4
31	5
33	6
35	6
41	14
43	2
45	1
47	1
48	1
Market 201
4	9
5	11
8	12
9	12
14	4
15	13
16	1
17	2
20	3
25	12
28	7
29	11
31	14
33	13
37	14
38	8
41	3
44	8
47	15
48	10
49	10
Market 288
1	11
2	8
4	6
11	10
12	2
13	2
15	3
16	11
17	11
19	11
20	8
23	10
25	9
26	9
28	5
29	14
31	15
33	13
35	14
38	9
39	1
40	7
41	7
42	13
43	13
47	11
49	8
Market 189
4	12
6	4
8	7
9	1
13	1
14	10
16	7
19	15
25	11
28	8
31	3
33	4
35	5
37	8
43	1
47	13
49	2
Market 137
2	11
4	10
9	12
11	1
14	6
16	4
17	2
19	11
25	7
26	13
28	7
31	3
33	6
35	9
41	12
43	4
50	11
Market 275
4	3
6	6
11	2
13	14
14	9
15	5
16	2
17	2
20	13
21	7
23	4
25	5
28	11
30	2
31	12
35	14
38	13
40	10
41	11
43	13
47	6
49	10
Market 272
4	12
6	4
9	14
14	2
15	10
17	8
20	11
25	14
28	11
29	4
31	1
33	11
37	6
38	4
41	5
43	9
47	5
Market 10
1	3
4	3
6	1
11	4
14	7
15	4
16	2
17	3
20	13
21	6
23	5
25	15
28	12
29	3
31	13
33	5
37	15
38	3
39	1
45	3
47	5
49	6
Market 52
2	8
4	10
6	15
8	6
11	11
13	15
16	4
17	4
19	3
20	8
25	1
26	11
28	14
31	7
33	4
37	15
41	5
43	12
47	3
49	13
Market 207
4	11
6	15
15	15
16	13
17	13
20	12
25	1
28	9
33	10
37	6
38	15
40	10
41	2
44	6
47	6
49	7
Market 141
2	1
4	5
5	12
6	2
8	5
9	2
13	13
14	14
15	1
16	10
17	4
19	1
20	13
26	15
28	3
29	7
31	6
33	9
34	15
37	12
41	2
43	14
45	8
47	14
Market 50
4	14
6	9
13	4
14	1
15	8
19	5
20	8
21	15
28	9
31	14
33	15
35	13
37	13
38	10
41	3
43	7
44	9
47	5
Market 64
4	3
5	13
8	10
15	9
16	6
20	11
25	4
28	14
31	10
32	15
33	4
38	3
41	2
47	10
49	6
Market 262
4	7
6	15
9	2
10	10
11	11
13	4
15	12
17	15
19	14
20	15
21	13
25	2
28	4
29	15
31	13
33	4
35	15
38	15
43	10
47	5
49	9
Market 33
4	13
6	15
11	5
12	2
15	6
16	3
17	7
18	14
20	4
25	15
26	9
28	4
31	14
33	3
37	4
41	1
42	12
44	2
47	10
50	8
Market 183
2	8
4	11
6	7
11	2
14	12
15	10
17	2
20	7
25	2
28	15
29	9
33	13
37	5
41	15
44	12
47	12
50	15
Market 280
4	11
6	10
7	11
16	2
17	5
18	11
20	9
23	6
25	14
26	15
28	7
33	11
39	6
40	3
41	4
42	14
47	4
49	5
Market 202
4	3
5	10
8	5
13	7
14	2
15	15
16	12
17	1
19	10
20	11
25	4
28	3
29	2
31	2
33	10
34	13
37	4
41	15
43	1
47	12
49	11
Market 281
2	6
4	11
6	2
12	8
15	6
16	11
20	9
23	11
26	12
28	12
31	11
33	1
39	5
42	14
45	4
47	15
Market 299
6	10
9	5
10	11
14	12
15	6
16	6
17	14
20	10
25	6
28	2
31	3
33	3
38	2
41	14
43	1
47	9
49	3
Market 67
1	2
4	6
8	2
11	6
15	6
16	3
17	4
20	2
25	12
29	7
31	1
33	1
41	2
45	15
48	7
49	9
Market 197
4	4
6	7
14	2
15	2
20	1
22	3
23	13
28	6
31	1
33	11
37	6
38	1
39	8
41	11
43	4
Market 143
4	11
6	7
12	11
14	11
15	15
16	3
18	6
20	5
21	2
23	1
26	10
28	9
31	6
33	14
38	13
40	14
41	8
42	9
43	15
47	12
Market 14
4	3
6	3
8	8
13	10
15	11
16	15
17	14
19	10
20	2
25	14
28	6
29	3
33	2
35	10
38	3
43	8
48	9
Market 101
4	13
8	2
13	2
16	15
17	6
19	10
20	13
25	9
28	9
29	10
31	2
33	15
35	8
41	7
49	11
Market 69
2	14
4	8
6	2
12	9
13	4
14	7
15	15
19	5
20	2
28	9
29	7
31	4
33	4
37	1
38	5
41	3
42	6
43	4
45	10
47	10
Market 279
3	2
4	8
5	2
8	6
13	4
15	8
16	4
19	1
20	13
26	15
28	7
29	14
31	1
33	1
37	14
41	3
43	6
45	10
48	7
Market 258
2	5
4	5
6	15
8	14
11	11
14	8
15	7
16	2
17	5
20	7
25	1
28	11
31	8
33	13
37	8
41	6
44	4
45	11
47	4
49	2
50	14
Market 176
6	6
8	1
13	12
16	1
19	12
20	5
23	2
25	3
28	11
29	11
31	6
32	9
35	1
40	5
41	15
43	9
47	3
49	15
Market 236
2	5
4	6
6	8
12	13
14	12
15	6
17	9
18	12
19	6
21	13
23	5
26	4
31	15
33	8
35	12
37	3
38	15
39	2
42	8
43	12
47	9
Market 99
4	1
6	7
19	3
20	8
21	13
22	6
28	15
33	2
35	2
37	4
38	11
43	11
47	8
Market 135
4	3
6	2
14	3
15	1
19	1
20	7
21	8
28	2
29	12
31	7
35	15
37	5
38	6
43	6
45	11
47	10
Market 25
2	9
4	6
5	8
6	15
7	6
9	9
15	10
16	14
17	12
19	12
20	6
24	7
25	7
28	5
29	2
31	14
33	10
35	12
37	10
38	15
40	1
41	4
43	7
45	7
47	4
48	1
49	13
Market 278
2	3
4	11
5	10
6	5
12	5
13	4
15	9
18	11
19	15
20	8
26	2
28	1
31	6
33	2
37	6
38	2
42	13
43	15
46	12
47	2
Market 72
1	13
4	13
6	6
11	2
14	6
15	4
16	9
17	13
20	3
23	12
25	13
28	5
31	7
33	11
37	2
39	12
41	15
43	8
47	9
49	4
Market 2
2	5
5	2
8	4
15	5
16	15
20	4
25	12
26	10
29	6
32	14
33	1
38	3
41	14
46	8
49	9
Market 104
2	7
4	3
6	11
8	3
13	13
14	2
16	3
19	9
20	11
25	13
26	1
28	1
31	5
33	15
37	7
43	9
44	7
47	1
48	6
Market 257
2	3
6	14
12	1
15	5
16	7
17	9
21	12
23	15
31	6
33	1
38	3
40	5
41	13
Market 117
2	7
4	2
6	3
7	11
12	5
14	3
16	7
17	5
18	11
20	6
24	3
26	13
28	15
31	1
33	5
37	10
41	11
42	1
43	4
44	2
47	11
48	15
Market 252
4	11
5	13
13	1
15	6
19	8
20	10
29	10
33	5
34	14
38	5
43	10
46	10
Market 171
4	1
6	11
13	15
14	4
15	5
17	10
19	11
20	9
23	3
26	12
28	14
31	8
37	8
39	7
41	10
43	13
44	4
47	2
Market 24
4	5
6	11
10	1
14	6
15	5
17	11
19	15
20	11
21	14
25	4
28	8
31	9
33	5
35	10
37	13
38	6
41	4
43	4
44	9
47	4
49	2
Market 255
2	7
4	3
5	1
12	3
14	8
15	1
17	9
20	12
28	12
29	4
31	9
33	8
36	4
37	7
38	7
42	1
45	6
Market 251
1	13
2	8
4	12
8	5
11	12
13	3
14	11
15	13
16	8
17	1
19	12
20	15
25	1
28	10
31	15
32	1
35	8
37	3
41	7
43	7
44	10
49	2
Market 295
4	7
6	3
14	1
16	12
20	14
23	7
25	3
31	15
33	2
37	15
40	5
41	14
44	10
Market 173
4	1
8	10
10	13
14	14
16	11
17	6
20	2
25	15
28	14
31	8
37	7
48	13
49	7
Market 23
4	8
9	2
14	6
15	14
17	1
20	2
25	2
28	8
33	5
37	10
41	8
43	15
49	6
Market 229
2	7
5	14
8	3
12	13
15	15
16	7
20	13
25	13
26	3
28	7
29	2
31	6
33	14
37	3
41	14
42	5
45	1
49	11
Market 187
4	3
6	6
8	7
13	13
14	14
15	6
16	6
19	8
20	11
21	10
25	4
28	2
31	10
33	2
35	14
37	6
38	4
43	8
47	12
48	4
Market 8
2	14
4	12
6	8
8	6
13	1
14	7
15	13
16	1
17	3
19	7
21	7
23	4
26	9
31	12
32	12
33	10
37	5
38	4
39	5
41	6
44	8
47	6
49	9
Market 142
4	15
6	9
8	1
14	3
15	9
17	1
20	10
23	2
25	9
26	3
29	3
31	6
33	1
37	7
40	13
45	7
47	7
48	1
Market 81
2	5
5	1
6	9
12	6
15	1
17	8
20	1
23	2
25	14
26	11
29	5
31	15
33	12
37	10
38	9
40	1
41	7
42	2
46	6
47	4
49	3
Market 227
2	12
4	2
5	14
6	8
8	12
9	1
14	7
16	4
17	10
21	14
25	15
28	6
29	8
31	4
32	8
33	8
35	6
38	13
43	10
46	2
47	5
49	4
50	6
Market 149
1	10
4	5
10	7
11	7
13	10
15	13
17	4
20	11
21	14
25	10
28	5
31	9
37	1
38	2
41	12
43	12
47	3
49	8
Market 77
4	11
5	3
6	8
8	1
14	7
15	2
16	4
19	1
20	11
25	1
28	8
29	14
32	1
33	3
37	10
38	5
41	2
43	1
44	14
46	3
49	11
Market 161
4	8
5	1
9	13
19	7
21	15
25	3
28	9
29	12
33	3
35	2
37	14
38	8
45	10
47	2
49	12
Market 13
4	15
5	5
6	15
9	5
13	7
14	7
15	7
16	8
17	14
19	3
20	8
25	8
28	9
29	6
31	2
33	7
35	9
37	13
38	6
41	13
43	15
46	3
47	12
49	4
Market 36
4	7
8	15
9	8
10	14
14	15
16	10
17	8
19	13
20	9
25	14
28	1
31	9
33	11
36	3
41	5
43	7
Market 232
1	8
2	4
6	15
11	10
15	15
16	2
20	9
21	3
25	6
26	4
31	8
33	4
37	12
38	5
41	1
43	4
44	15
47	9
49	4
50	13
Market 222
1	1
2	9
4	9
6	14
11	15
12	9
14	4
15	12
20	3
21	5
26	6
28	7
33	9
37	9
38	3
41	2
42	5
43	5
47	11
49	3
Market 241
2	4
4	9
6	13
8	5
14	4
16	4
19	7
20	12
23	6
25	9
26	15
28	12
31	12
33	5
37	11
40	15
41	10
48	12
Market 292
2	11
4	4
6	5
8	7
14	2
15	10
16	1
20	12
21	4
25	4
26	5
31	4
33	1
37	3
38	14
41	5
45	10
47	8
48	3
Market 140
2	4
4	8
6	5
8	11
9	1
13	8
14	11
15	6
16	11
19	9
20	9
26	6
28	5
31	11
33	5
34	8
35	8
37	1
38	8
41	15
43	3
47	5
48	13
49	10
Market 111
4	4
6	6
14	13
15	15
17	2
19	2
20	15
21	5
23	15
25	11
28	7
31	4
33	11
35	1
38	10
41	3
43	7
47	7
49	10
Market 263
4	5
6	13
9	14
12	2
15	10
17	12
20	11
21	12
25	4
26	3
31	9
33	4
38	13
41	5
42	10
45	1
49	8
Market 106
2	5
4	10
6	2
9	1
14	5
16	1
17	12
20	11
23	10
25	14
26	2
28	1
31	15
33	8
37	3
40	11
41	15
45	15
47	14
49	8
Market 71
2	9
4	10
6	8
12	7
14	4
15	14
17	12
20	5
23	5
25	7
26	2
28	12
31	1
33	15
37	7
41	10
42	3
47	11
50	15
Market 160
1	8
4	1
11	5
14	7
17	4
19	1
20	8
25	14
31	15
33	10
37	11
41	1
43	7
44	7
49	10
Market 93
4	9
5	13
7	2
14	11
15	1
16	10
20	13
23	15
25	14
28	12
29	4
31	2
37	6
38	1
40	12
41	15
45	1
47	5
48	5
Market 188
6	1
9	12
13	8
14	15
15	1
16	12
17	6
19	7
20	2
25	4
28	5
31	13
33	11
35	2
37	4
38	5
41	5
43	2
44	14
47	14
49	7
Market 60
4	11
6	10
11	13
14	1
15	3
16	6
17	9
20	11
21	2
23	4
28	8
29	3
31	14
33	11
37	8
38	8
40	4
41	11
43	5
45	4
47	1
Market 249
4	13
6	3
14	3
15	8
17	9
19	7
20	8
21	2
23	8
25	8
28	14
30	9
31	4
33	5
35	3
38	15
41	8
43	10
47	9
49	6
Market 157
2	13
4	4
11	7
14	11
15	13
17	15
19	4
20	14
25	14
26	10
28	1
31	12
33	10
35	12
37	10
41	7
43	8
44	7
45	2
47	6
49	11
50	7
Market 245
2	3
4	9
6	12
11	13
14	5
16	11
17	2
20	8
26	6
28	9
31	13
33	14
37	11
41	5
44	4
45	8
47	6
Market 267
2	15
4	2
5	9
6	2
7	13
10	15
12	9
13	8
15	2
16	6
17	9
18	13
19	1
20	11
24	1
25	13
26	4
28	5
29	1
31	5
33	2
35	3
38	6
41	2
42	4
45	4
46	10
47	10
48	14
49	7
Market 96
4	10
6	6
9	2
14	11
15	10
17	11
20	14
23	12
25	8
28	14
29	6
31	11
33	4
37	10
38	8
39	12
41	13
44	9
47	13
49	1
Market 21
4	1
14	6
15	2
20	15
23	2
25	6
28	3
29	2
31	15
33	15
38	13
39	3
41	14
44	5
47	2
49	2
Market 61
4	3
6	5
10	13
14	5
17	5
19	15
20	10
21	10
25	7
28	12
31	2
33	11
35	10
38	7
41	3
43	12
47	9
Market 66
1	9
2	6
4	2
5	14
7	15
11	6
13	13
15	4
16	6
17	6
19	9
20	8
25	4
26	11
28	10
29	13
31	2
33	9
37	12
40	14
41	3
43	14
45	1
49	6
Market 193
2	15
8	13
11	9
12	11
14	11
16	14
17	3
26	11
28	6
29	7
31	15
33	5
37	11
41	10
42	10
45	5
50	3
Market 120
2	11
4	1
6	6
11	5
14	9
15	4
17	13
20	2
23	5
26	5
28	5
33	9
37	14
39	3
41	1
45	14
47	1
50	8
Market 221
2	6
4	8
6	10
11	8
13	1
14	15
17	9
19	7
23	13
25	8
28	11
31	12
33	4
35	12
39	4
43	10
47	5
50	11
Market 83
4	15
6	3
14	11
16	12
20	3
23	3
28	15
33	7
37	9
41	12
44	5
47	11
Market 269
4	6
6	8
8	4
14	13
16	13
20	10
25	15
28	10
31	8
33	9
40	9
41	10
44	4
48	9
Market 17
2	14
4	6
5	8
6	7
12	7
14	14
15	12
20	2
23	13
25	3
26	13
31	1
33	9
37	12
39	5
41	6
42	11
47	13
Market 34
4	15
6	12
8	2
13	13
14	10
15	13
16	4
17	15
19	8
20	3
23	5
25	10
28	15
29	4
31	10
33	15
35	12
37	5
39	13
41	11
43	9
45	1
47	11
49	2
Market 75
1	13
4	7
6	5
8	13
9	4
11	5
14	11
15	2
16	14
17	14
19	1
20	4
25	15
28	1
31	5
33	4
35	7
37	10
41	11
43	3
47	5
48	13
49	11
Market 205
1	1
2	3
7	9
11	11
12	9
15	9
16	3
17	14
18	7
23	11
26	12
31	2
33	3
40	13
41	12
42	9
47	9
Market 219
2	1
5	2
8	14
13	14
14	4
15	13
16	5
17	11
19	12
20	14
25	14
28	15
29	6
31	12
33	7
34	14
37	4
41	6
43	10
45	1
46	1
48	15
49	7
Market 154
2	13
4	9
5	2
11	4
12	8
14	7
16	7
17	6
18	9
20	8
21	1
23	9
26	8
29	4
31	9
33	2
37	1
38	10
40	15
42	1
43	1
45	10
47	2
50	9
Market 217
4	3
9	8
14	14
15	7
16	9
17	1
20	5
25	13
28	8
29	8
31	2
33	15
37	10
48	6
49	5
Market 194
4	15
6	9
9	4
14	13
15	7
16	3
17	14
20	3
21	6
23	5
25	7
28	2
29	2
31	9
33	13
37	3
38	6
40	6
41	8
44	15
45	12
47	6
49	10
Market 40
3	10
4	9
5	4
13	8
19	10
20	9
28	9
29	5
31	4
33	10
34	5
38	8
41	7
43	8
46	3
Market 133
2	8
4	7
6	13
11	4
14	7
15	12
17	10
20	7
23	15
26	2
28	13
31	12
33	9
37	11
39	12
41	1
47	6
50	1
Market 163
5	2
6	9
9	1
13	11
15	10
17	1
19	2
20	5
25	12
28	7
29	8
33	4
35	3
37	2
41	13
43	1
45	5
47	9
49	4
Market 103
4	3
5	12
8	11
9	4
15	9
16	1
17	3
20	15
25	10
29	15
33	4
37	2
41	15
45	3
47	5
48	14
49	12
Market 211
4	15
10	14
11	13
13	6
15	14
17	14
19	1
20	2
21	14
25	9
26	10
31	4
33	1
35	5
38	4
41	14
43	14
47	14
49	10
Market 159
1	11
4	10
6	12
11	3
14	7
15	13
17	4
20	9
22	6
25	3
28	15
31	14
33	10
37	8
38	12
41	7
43	8
47	6
49	8
Market 284
1	15
2	13
4	14
8	4
11	10
14	10
16	6
17	9
20	1
25	4
26	9
28	4
31	11
37	5
41	11
44	1
47	7
49	14
50	12
Market 62
4	2
6	12
14	12
16	10
17	6
19	8
20	9
25	3
28	5
31	15
33	13
35	4
37	2
41	9
47	3
48	11
49	9
Market 234
1	12
4	14
5	5
6	10
11	11
15	2
17	5
20	3
22	4
25	11
29	6
31	3
33	2
38	13
41	14
47	4
49	14
Market 86
2	13
4	6
6	15
13	15
14	14
15	12
19	11
20	10
21	14
26	6
28	13
31	6
33	3
34	5
35	5
38	13
43	6
47	8
Market 209
1	13
2	9
4	8
11	4
15	2
17	7
20	11
25	7
26	3
28	12
31	13
33	8
37	9
42	2
44	11
49	10
Market 151
4	14
5	1
6	5
13	14
14	12
15	9
19	7
20	11
25	11
28	7
29	13
33	14
35	7
37	7
38	4
41	11
43	11
47	2
Market 76
2	7
4	15
6	1
13	9
15	15
19	7
20	8
25	1
29	13
33	6
38	6
41	4
43	8
47	6
Market 100
1	3
4	4
6	7
9	8
10	4
14	12
15	10
17	2
20	8
21	11
23	7
25	3
28	14
29	8
31	6
33	2
37	5
38	7
39	1
47	7
49	14
Market 204
5	15
8	3
10	3
14	6
15	15
16	9
19	1
20	9
25	5
29	9
31	13
35	2
37	2
41	13
45	8
49	6
Market 89
1	12
4	6
6	10
10	13
13	13
14	8
15	9
16	11
17	9
19	6
20	13
25	4
28	8
29	6
31	7
33	3
35	12
36	1
38	9
41	14
43	4
47	14
49	5
Market 125
2	7
4	11
6	6
10	10
12	2
13	3
15	9
17	10
19	5
21	5
25	5
26	2
28	10
31	6
33	12
35	4
38	2
41	12
42	3
43	10
47	13
49	9
Market 242
2	8
4	11
5	6
10	4
12	5
14	4
15	2
17	3
18	6
19	4
20	14
25	2
26	11
28	14
29	5
31	10
33	7
35	13
37	14
41	4
42	5
43	2
45	8
47	1
49	14
Market 185
1	7
4	12
6	9
7	2
8	1
11	3
15	13
16	8
17	12
19	12
20	1
21	3
23	15
25	13
28	5
31	6
32	9
33	15
35	6
38	1
40	6
41	7
43	6
49	3
Market 172
1	6
2	9
4	5
6	11
11	6
13	14
15	8
17	8
18	14
19	1
20	15
21	12
26	3
28	5
31	12
33	13
36	9
38	4
41	5
43	10
47	13
49	7
Market 73
2	11
4	8
6	10
12	15
13	2
16	1
17	15
18	5
19	2
20	4
21	5
26	12
28	1
31	3
33	15
35	14
38	7
40	10
42	13
43	1
47	4
Market 147
4	15
6	15
8	5
11	9
14	12
17	7
20	9
25	14
28	15
31	13
33	7
37	15
41	7
43	4
44	6
47	15
48	10
49	9
Market 178
4	12
5	13
6	3
8	4
15	2
20	10
25	4
28	6
29	4
31	1
33	13
37	3
38	11
41	14
45	5
46	3
47	5
Market 121
2	3
4	9
11	11
14	15
17	9
20	15
25	11
28	2
31	7
33	10
37	4
41	10
44	6
49	9
Market 244
2	14
6	15
9	10
12	7
15	6
16	9
17	6
23	13
25	6
26	5
28	15
31	14
33	13
40	11
41	4
42	11
43	1
47	13
49	10
Market 240
4	12
5	5
6	11
8	5
15	14
16	13
19	2
20	13
23	13
25	12
28	13
29	12
31	2
33	4
37	5
41	12
43	15
47	8
49	9
Market 131
2	11
4	10
8	15
12	5
13	14
14	7
17	12
20	9
25	9
26	15
28	2
29	4
35	1
37	8
41	9
42	14
43	4
45	2
48	4
Market 28
2	15
5	4
8	9
15	8
16	5
17	4
20	10
25	3
26	3
28	14
29	6
31	9
33	11
38	13
41	14
43	5
45	7
48	15
Market 250
4	2
6	4
14	10
17	6
21	9
25	12
29	3
31	8
33	2
38	9
41	6
45	6
47	7
49	8
Market 298
4	9
6	10
14	5
15	9
16	9
17	11
19	1
20	10
21	14
23	5
28	4
31	1
33	8
35	7
37	2
38	2
40	3
41	2
43	11
44	10
47	11
Market 136
4	1
5	7
6	8
8	13
10	7
15	9
17	10
20	8
21	7
25	5
28	7
29	6
31	9
37	11
38	5
41	10
47	3
48	12
49	1
Market 112
4	8
14	2
15	2
20	6
21	7
25	12
28	2
31	10
33	8
35	1
38	8
41	14
43	2
47	3
Market 254
2	2
4	11
8	8
13	1
14	11
16	8
19	11
20	5
31	12
33	14
35	4
41	6
43	1
47	5
48	5
Market 203
4	15
5	15
13	4
14	9
15	8
17	13
19	9
20	7
25	1
26	14
28	8
29	2
31	4
33	13
37	14
41	3
43	8
45	11
46	1
Market 216
2	2
4	15
5	9
9	7
13	2
15	6
17	4
19	13
20	12
25	2
26	6
29	14
33	2
37	1
41	11
43	12
45	4
49	2
Market 198
1	6
4	3
6	4
14	4
16	10
17	12
20	14
21	12
23	2
25	7
31	15
33	3
37	7
38	4
40	11
41	15
49	2
Market 208
2	3
4	8
6	7
11	10
12	3
14	13
15	2
17	8
20	8
23	2
26	14
28	12
31	1
33	5
39	3
41	2
42	3
43	10
47	5
50	11
Market 95
2	10
4	1
14	6
20	2
26	6
31	9
33	3
37	7
41	14
44	10
49	15
50	5
Market 27
2	12
4	5
5	8
11	11
13	14
14	10
15	2
17	2
19	11
20	10
26	1
28	4
29	3
31	11
33	8
34	1
38	9
41	1
43	14
47	15
50	15
Market 246
4	7
5	11
6	15
14	11
15	8
20	13
23	8
25	14
28	8
29	11
31	8
33	4
37	10
39	3
41	11
44	1
45	3
47	14
Market 215
2	5
4	13
6	12
8	10
12	2
13	5
14	6
15	5
16	11
18	7
19	13
20	1
25	7
26	13
28	1
29	14
31	8
33	10
34	2
37	13
41	12
42	6
43	1
44	11
47	7
48	6
Market 11
1	11
4	3
6	14
11	10
14	7
15	1
17	13
19	1
20	1
21	6
25	8
28	12
31	7
33	2
35	11
37	1
38	3
41	9
43	5
47	7
49	4
Market 124
4	6
6	7
9	3
14	14
15	15
17	1
19	9
25	5
28	13
29	8
31	5
33	2
37	3
41	9
43	12
47	6
Market 213
4	11
6	7
7	5
13	12
14	9
15	1
16	6
19	10
20	4
25	15
28	15
29	2
31	11
33	6
35	8
38	2
40	12
41	12
43	4
47	9
48	2
Market 283
2	15
4	4
6	8
11	8
15	7
17	1
20	14
23	9
25	13
26	10
39	14
41	4
47	3
50	12
Market 179
2	10
4	14
6	5
8	13
13	10
14	1
15	8
16	13
19	12
20	14
25	4
26	13
28	5
29	15
31	2
33	1
38	4
41	7
43	13
47	9
48	2
49	1
Market 22
1	10
4	8
6	14
11	12
14	5
15	1
16	14
17	2
20	13
21	12
25	4
28	12
31	14
33	12
37	14
38	1
41	10
44	10
47	11
49	9
Market 191
4	9
5	8
8	9
15	9
16	8
20	10
29	7
31	7
33	9
37	13
38	3
41	11
45	6
47	3
48	6
49	15
Market 7
2	1
4	1
6	7
8	6
11	2
14	5
16	8
17	10
20	2
25	15
26	15
28	2
31	5
33	14
37	4
41	3
43	4
45	9
47	12
48	9
49	11
50	9
Market 248
2	14
10	1
11	14
14	3
17	14
20	14
26	13
28	2
31	4
33	10
37	3
41	6
43	4
49	3
50	6
Market 233
4	8
6	13
14	3
15	15
17	11
20	7
23	6
25	7
28	2
31	13
33	14
37	12
39	8
41	10
43	15
44	7
49	5
Market 41
4	5
5	3
8	14
15	6
16	2
17	6
20	4
26	4
29	8
31	11
33	1
37	15
38	5
41	7
45	5
47	8
48	12
Market 92
2	11
4	9
5	4
12	12
14	9
15	14
18	14
20	5
25	3
26	10
29	4
31	4
37	9
41	1
42	3
45	6
Market 105
2	3
4	11
6	8
12	10
14	14
15	13
17	15
18	12
20	2
21	6
25	15
26	15
28	1
29	4
30	6
31	15
33	7
37	6
38	11
41	6
42	11
47	11
49	2
Market 58
2	13
4	1
6	2
11	7
13	13
15	9
17	13
19	10
20	10
26	12
28	11
31	7
33	15
34	14
35	9
37	5
39	15
43	9
47	3
50	12
Market 274
1	15
4	7
9	10
11	14
14	11
15	9
17	8
19	3
20	13
28	5
29	3
31	14
33	4
35	10
36	7
37	4
41	9
43	9
45	3
49	3
Market 180
2	5
4	7
6	12
12	1
13	2
14	13
16	10
17	12
19	9
25	15
26	12
28	1
29	13
31	6
33	6
41	8
42	14
43	14
45	10
47	5
48	2
Market 44
2	11
4	15
5	15
6	6
12	10
15	3
16	7
20	7
23	13
26	3
28	6
29	1
31	5
33	3
37	3
38	10
39	11
40	15
45	2
46	8
47	5
Market 47
4	1
6	9
7	8
14	10
15	11
16	8
20	5
22	1
24	3
25	14
28	1
31	5
33	12
38	3
40	3
41	4
43	5
47	10
49	13
Market 16
3	13
4	9
6	8
8	10
13	12
14	15
15	10
16	5
17	2
19	14
20	9
22	5
25	4
26	1
28	1
31	15
33	15
37	12
38	10
41	13
43	12
47	14
48	14
Market 43
2	12
4	14
13	1
14	14
15	13
17	1
18	2
25	4
26	6
28	10
29	7
33	10
37	2
38	4
42	2
43	14
45	1
47	8
Market 15
2	3
4	1
5	11
8	9
12	1
15	5
16	2
20	1
25	6
26	5
28	3
29	10
31	10
33	14
37	8
41	7
42	7
46	6
47	7
49	2
Market 3
1	12
4	13
8	4
11	6
13	6
15	8
16	6
19	15
20	1
28	2
31	15
33	4
34	3
37	3
41	3
48	9
49	8
Market 38
4	12
5	14
6	4
9	5
15	15
17	4
20	4
25	3
28	4
29	5
31	6
37	3
41	11
43	4
46	7
47	12
49	4
Market 46
2	13
4	3
6	15
11	13
13	3
14	13
17	8
19	14
20	1
25	9
28	10
33	6
35	1
37	9
41	2
43	12
44	9
47	6
49	8
Market 237
6	1
9	4
15	12
17	14
20	14
28	3
30	3
33	13
35	2
38	5
41	14
43	7
47	1
49	11
Market 277
4	1
6	15
8	8
13	2
15	8
16	10
19	14
20	2
21	4
25	9
28	7
31	12
33	11
34	13
38	2
41	10
43	15
49	9
Market 223
2	11
4	2
5	12
6	12
13	13
14	5
15	11
17	1
20	2
21	14
26	6
28	9
29	5
31	5
33	15
35	10
41	8
43	15
47	7
49	13
Market 132
4	11
6	13
14	7
16	2
20	11
23	11
25	15
28	9
31	15
37	6
40	15
41	10
43	2
44	15
47	13
Market 158
4	6
6	7
8	13
14	15
15	12
16	13
17	12
20	5
23	13
25	12
28	11
31	4
33	6
37	3
39	1
43	9
44	2
47	3
48	9
49	7
Market 238
2	10
4	14
6	9
9	9
13	3
15	7
19	10
23	13
25	4
28	4
31	10
33	12
35	13
39	12
43	12
47	10
49	9
Market 235
1	13
2	5
4	1
6	10
12	6
14	2
15	13
17	3
20	5
25	15
26	14
28	15
29	10
31	6
33	5
37	10
41	8
42	4
47	8
49	13
Market 109
2	12
4	5
6	14
12	14
15	13
17	12
20	4
23	2
26	11
28	12
31	10
33	1
37	4
39	14
41	10
42	15
43	7
47	14
Market 174
4	8
6	1
8	11
14	5
15	14
16	7
19	2
20	3
21	1
25	1
28	6
29	5
31	9
32	5
33	12
35	8
37	7
38	14
41	2
43	12
47	13
49	4
Market 115
3	13
5	13
13	5
16	4
19	8
20	9
23	9
25	7
28	8
29	15
31	1
33	13
34	2
38	9
40	4
41	3
43	9
46	4
47	2
Market 90
4	8
5	13
8	6
14	4
15	12
20	9
25	6
28	14
29	2
31	8
33	15
37	9
41	6
43	9
46	9
49	11
Market 88
2	11
4	11
5	4
6	1
8	8
9	11
13	6
14	10
15	11
16	6
17	13
19	15
20	11
23	3
25	11
28	7
31	4
33	3
35	10
37	4
40	8
41	11
43	1
45	1
47	11
49	10
Market 74
6	1
10	14
14	11
15	1
16	8
17	15
19	8
20	10
21	1
23	1
25	7
28	4
31	6
33	3
35	10
38	1
40	11
41	14
43	10
49	2
Market 59
1	12
4	9
11	14
14	7
17	1
20	2
25	4
28	9
33	12
37	7
41	13
43	4
44	15
49	4
Market 247
1	11
4	14
5	3
11	5
15	1
17	2
20	11
21	3
25	11
28	9
29	7
31	2
33	1
37	15
38	8
41	2
45	12
46	9
49	3
Market 84
2	14
4	11
6	5
11	10
14	1
15	8
20	5
21	11
22	3
25	10
28	11
29	9
31	14
33	13
37	4
38	12
41	2
45	14
47	11
49	6
Market 126
3	9
4	1
5	1
8	1
9	8
15	12
16	13
17	7
19	8
20	6
25	14
26	14
29	3
31	6
33	12
37	9
41	12
43	10
47	8
48	13
49	6
Market 134
1	4
9	7
11	10
14	6
15	7
17	15
20	6
25	2
33	3
37	4
38	2
41	1
44	7
49	6
Market 224
3	4
4	15
6	6
10	2
13	9
15	9
17	8
19	4
20	8
21	7
25	7
28	13
31	15
33	11
34	2
37	4
38	13
41	3
43	13
47	12
49	10
Market 39
1	1
4	14
6	12
8	10
9	10
11	2
13	10
15	5
16	3
17	2
19	2
20	10
25	5
28	9
29	7
31	9
32	5
33	3
35	3
37	8
41	11
43	14
45	7
47	11
49	10
Market 152
2	3
4	13
5	3
6	13
8	11
11	15
15	6
16	1
17	12
20	11
25	15
26	5
28	14
29	13
31	8
32	9
33	12
41	7
46	15
47	2
49	1
Market 155
6	13
7	7
14	2
15	6
16	3
17	11
20	8
25	11
28	12
31	15
33	11
39	1
41	14
47	15
48	13
Market 186
4	11
8	9
10	14
14	5
15	4
16	13
17	5
19	6
20	14
25	8
28	13
31	4
33	12
35	8
38	3
41	9
43	7
47	3
48	1
49	7
Market 256
2	8
4	13
6	12
8	11
14	6
16	15
20	12
25	1
28	15
31	13
33	2
37	13
40	5
41	11
45	15
47	2
48	1
Market 175
4	7
6	4
9	3
13	8
14	15
17	2
25	3
29	10
31	13
33	12
34	4
37	13
38	14
41	11
43	11
44	14
45	14
47	5
49	3
Market 87
4	7
6	11
9	15
13	10
14	6
15	9
16	1
17	14
20	7
21	10
23	2
25	6
28	13
31	3
33	8
37	3
38	3
40	5
41	7
43	3
47	11
49	13
Market 261
4	9
10	10
14	8
17	10
19	8
20	12
28	8
29	3
33	13
35	14
38	10
41	13
43	14
46	1
Market 260
1	12
2	14
4	14
6	3
11	10
12	5
14	14
15	13
16	1
17	14
20	2
21	4
25	14
26	15
31	12
33	5
38	7
41	15
42	4
47	15
49	3
Market 212
4	8
9	1
13	2
14	1
19	4
20	9
25	11
28	2
31	14
33	8
35	1
41	7
43	5
49	13
Market 150
4	5
6	1
9	13
11	8
14	6
15	5
16	9
17	2
19	10
20	2
25	7
28	11
29	13
31	2
33	13
35	15
38	13
41	8
43	11
47	10
49	4
Market 9
2	4
4	3
6	9
11	2
13	10
14	3
15	1
17	13
19	13
20	10
23	14
28	9
31	6
33	6
35	3
37	12
38	13
39	9
41	1
43	9
47	12
49	13
Market 239
4	13
5	4
6	1
9	9
13	5
15	15
17	3
19	7
20	5
21	8
25	7
28	14
29	9
31	15
33	14
34	2
35	10
37	13
38	14
41	2
43	9
47	12
49	7
Market 19
2	6
4	12
6	4
12	9
14	12
15	13
16	3
17	1
19	14
20	13
23	15
28	13
31	3
33	11
35	11
40	3
42	5
43	6
47	10
Market 153
2	1
3	5
4	12
12	10
13	8
15	2
16	3
18	11
19	3
20	9
25	14
26	5
28	10
31	8
34	6
37	14
41	4
42	11
43	15
48	5
Market 12
2	9
4	4
9	13
11	1
14	2
15	9
17	4
20	3
21	2
25	10
28	5
31	7
33	13
37	13
38	7
41	10
47	10
49	14
Market 70
2	3
6	8
12	12
14	6
15	13
16	8
20	15
23	5
26	9
28	4
31	1
33	7
37	13
41	1
42	12
44	7
47	2
Market 42
2	7
6	8
7	7
11	12
12	10
13	5
15	8
16	8
17	7
18	4
20	6
24	13
25	1
26	12
29	10
31	9
33	10
38	4
41	15
42	4
47	3
48	14
49	2
Market 85
2	5
4	12
11	14
13	11
17	8
19	13
26	15
28	7
33	12
37	8
41	5
43	7
49	15
Market 116
4	1
5	12
8	3
14	12
16	1
20	15
25	14
28	11
29	11
31	15
35	6
37	12
41	2
43	11
45	1
48	7
Market 181
2	3
4	3
6	14
12	10
14	5
15	1
16	11
18	11
20	9
23	1
26	15
28	2
29	15
31	15
33	13
37	12
41	12
42	6
45	9
47	6
Market 26
4	10
8	2
13	15
15	7
16	11
19	8
20	5
25	13
28	3
31	12
32	14
33	11
35	9
41	8
43	11
49	7
Market 127
4	1
6	15
13	9
15	4
16	10
19	8
20	5
23	14
28	6
31	14
39	3
41	9
43	10
47	5
49	14
Market 184
4	11
6	5
13	6
14	2
15	5
19	15
23	8
28	8
31	5
33	8
35	4
37	13
41	15
43	2
47	2
Market 226
4	5
6	15
13	2
19	10
20	11
28	6
29	14
31	2
38	15
41	2
43	6
47	14
Market 29
4	12
6	15
8	5
13	7
15	10
19	10
21	3
25	11
26	4
33	1
41	14
43	14
47	14
48	2
Market 166
2	1
4	2
6	7
8	11
12	14
13	3
17	9
19	5
21	3
25	15
29	3
30	5
33	10
37	11
38	1
41	5
42	4
43	9
46	15
48	9
Depot
