CapEuclideo.200.150.5.3
Total Cost:150116
|M*|: 199
Depot
Market 109
2	8
10	8
13	4
16	5
20	14
24	8
28	8
34	9
36	7
39	1
46	7
50	13
57	3
60	5
65	2
68	8
70	14
74	9
76	5
78	10
81	14
88	13
90	10
94	6
99	8
106	4
110	2
119	1
124	4
126	7
131	1
132	11
138	13
143	9
148	5
149	15
150	9
Market 121
1	7
4	13
6	15
10	15
11	2
12	3
18	1
22	10
35	14
36	6
40	1
43	1
50	8
53	11
54	1
59	3
64	3
70	8
75	1
77	15
81	10
83	11
87	4
95	12
98	8
104	3
109	12
112	9
113	7
116	7
118	2
124	8
126	4
128	7
130	11
132	4
135	4
141	1
147	13
148	8
Market 171
1	15
2	2
4	11
8	1
10	3
12	13
15	12
18	12
22	14
23	12
24	4
26	3
27	14
30	5
32	14
35	2
38	7
40	3
44	12
45	3
53	5
55	2
59	4
64	7
67	10
68	2
72	7
75	10
82	3
83	7
87	15
90	14
92	13
94	2
95	5
103	6
109	9
116	7
118	3
119	10
123	10
124	7
130	9
132	13
138	5
149	7
Market 44
10	11
11	11
16	9
22	1
23	5
25	6
32	5
34	2
36	2
42	8
46	4
52	3
53	8
55	5
57	6
69	13
75	2
79	12
81	7
82	7
89	15
91	10
98	6
109	14
112	14
118	2
121	3
123	13
124	12
128	11
132	15
135	13
141	1
145	11
147	5
149	1
150	7
Market 56
9	3
11	8
16	10
17	13
20	1
23	8
24	14
28	3
30	14
34	15
36	4
41	9
56	3
64	5
68	12
76	3
81	4
83	5
90	13
92	5
97	10
99	11
103	15
114	13
119	7
123	3
126	1
131	2
133	4
137	11
138	4
140	12
143	15
148	7
Market 14
2	5
7	7
13	2
26	15
34	6
36	11
53	10
81	4
88	3
90	2
95	12
112	6
117	4
119	10
124	2
128	1
132	11
134	11
138	11
143	14
146	10
148	3
149	11
150	8
Market 68
6	12
10	11
16	7
17	7
35	11
38	15
41	8
47	4
48	7
55	3
59	10
64	3
77	4
81	15
89	8
90	13
92	7
94	14
98	3
101	12
103	10
109	4
110	9
112	8
116	10
121	6
123	9
124	11
130	9
132	11
138	6
145	7
149	14
Market 57
1	13
4	6
5	3
6	9
11	7
15	11
16	11
17	7
21	8
24	15
27	8
28	2
29	15
32	13
36	14
38	12
40	12
48	5
54	12
60	2
63	10
68	10
70	8
75	2
76	12
78	14
79	9
82	6
83	15
87	9
89	14
91	3
93	4
94	14
97	14
99	1
103	12
116	7
118	12
124	3
126	12
131	14
132	1
133	11
135	12
138	14
141	15
143	10
145	12
147	10
Market 174
2	10
8	9
12	12
17	8
19	15
26	10
35	6
38	4
41	9
45	14
54	15
55	2
59	6
64	15
68	13
83	9
98	10
111	7
116	1
121	12
126	7
128	14
139	5
142	7
145	14
147	4
Market 25
1	2
2	8
4	12
6	1
7	14
12	8
16	7
17	12
23	10
24	10
26	14
27	15
32	14
34	8
41	12
48	15
53	12
55	15
56	3
60	10
68	1
71	4
75	5
76	14
78	10
81	11
90	11
93	3
95	5
99	8
100	13
108	2
113	6
115	10
119	6
122	4
127	7
128	1
129	5
131	5
132	3
137	8
138	5
140	5
141	13
143	13
145	14
147	13
148	6
150	14
Market 102
7	11
10	1
18	5
25	13
29	3
32	15
42	1
44	2
55	1
57	9
67	2
69	12
75	15
82	5
86	14
93	8
95	13
103	7
108	5
110	8
116	14
123	6
145	11
149	1
150	8
Market 60
4	4
6	14
8	2
11	15
16	7
18	7
25	7
27	12
35	8
38	12
40	11
52	6
55	1
64	3
67	3
70	9
71	6
94	15
95	14
98	6
100	14
103	1
110	14
116	1
121	12
123	10
130	8
132	13
145	13
147	7
149	11
Market 111
9	12
10	1
16	12
23	6
25	7
27	14
33	5
34	15
40	10
41	3
43	7
47	5
48	6
50	8
52	11
53	1
56	4
59	4
60	14
64	8
67	3
70	9
74	5
77	2
82	12
87	8
89	8
92	1
93	4
94	11
95	7
96	14
97	1
98	4
99	2
103	2
105	10
112	8
113	3
116	5
117	12
122	14
123	3
124	8
135	12
136	2
140	8
143	9
146	15
149	1
Market 133
2	2
4	7
12	15
15	11
17	9
29	6
30	9
32	14
34	6
38	4
39	14
40	10
46	5
48	13
51	8
52	11
54	7
55	8
61	2
65	5
67	14
71	11
74	4
77	11
78	10
79	4
81	14
82	8
86	4
89	15
90	10
91	1
92	10
95	3
97	14
98	3
106	3
109	12
110	10
117	14
118	5
121	1
123	7
124	10
126	7
130	7
132	5
138	12
141	10
149	12
150	12
Market 161
1	12
4	12
5	14
6	15
7	1
8	1
10	1
11	11
17	10
18	6
20	11
22	7
24	1
25	10
29	7
34	4
38	8
40	2
41	4
48	6
50	14
51	6
57	3
59	2
67	8
68	12
69	9
75	3
76	1
77	8
79	10
85	5
87	3
91	2
92	6
93	7
95	9
99	3
103	11
112	10
120	13
123	9
127	2
128	6
132	5
140	11
141	1
147	13
148	4
Market 101
4	2
13	5
20	7
26	5
27	14
30	1
34	6
36	12
39	11
48	13
55	2
78	2
81	4
90	12
92	15
94	8
97	1
106	7
110	6
115	9
117	5
122	7
131	12
143	7
146	11
150	6
Market 124
1	2
2	15
6	6
11	3
12	12
15	11
22	7
24	1
26	3
30	2
38	13
43	5
45	4
47	4
48	13
50	1
53	13
55	1
70	10
76	6
81	2
92	10
94	2
99	3
102	11
103	7
109	4
112	8
113	8
119	9
122	5
126	9
131	4
132	11
140	3
142	8
145	11
149	14
Market 61
4	10
7	9
8	13
10	7
12	9
15	14
16	13
18	13
24	3
27	10
29	8
30	12
32	9
35	7
36	7
37	9
38	14
41	11
44	12
45	6
46	2
48	9
50	13
53	2
54	13
59	5
63	7
68	5
70	4
74	13
75	2
76	12
77	7
80	13
87	7
91	12
92	2
93	6
94	2
95	12
96	6
99	14
101	15
102	13
108	7
112	5
113	7
117	12
118	15
119	9
121	6
122	11
124	9
126	12
129	13
130	4
131	13
133	4
138	10
140	4
141	8
146	7
148	1
Market 144
1	3
2	4
5	10
7	5
10	14
11	11
15	13
18	2
20	5
23	14
25	3
32	12
37	14
41	10
46	8
48	12
52	1
53	2
57	10
63	14
64	13
67	9
76	12
79	4
82	14
91	15
93	5
98	8
100	3
103	1
112	7
116	11
120	12
123	4
124	13
129	7
135	3
141	7
145	12
147	1
149	2
150	8
Market 148
1	15
2	15
6	8
8	13
22	9
26	7
33	7
43	3
47	4
50	13
53	5
55	8
74	15
75	9
76	14
77	11
87	5
94	7
102	4
109	13
117	11
119	5
131	14
137	7
145	7
148	9
149	3
Market 184
15	15
22	13
25	15
27	10
30	12
32	3
35	10
38	7
40	7
44	8
47	12
55	12
57	2
75	6
77	1
82	12
89	2
91	5
95	5
98	11
109	3
121	12
126	14
132	9
138	1
145	4
147	1
149	1
Market 172
1	1
2	11
4	13
6	1
11	12
12	8
16	3
17	13
22	7
23	12
24	11
30	12
36	1
44	15
48	9
52	10
55	4
60	15
64	8
68	11
70	15
74	15
75	7
76	12
90	4
94	10
95	13
105	9
116	14
118	14
119	2
124	3
128	6
135	5
137	2
138	9
140	13
143	12
146	9
148	3
149	13
Market 54
2	11
4	12
11	2
14	3
44	6
48	9
51	2
55	13
68	6
95	4
100	12
103	13
107	6
110	6
115	1
119	12
123	9
126	9
132	8
138	1
144	11
148	2
Market 42
1	5
2	8
8	12
15	7
26	6
35	11
38	7
43	7
54	6
55	10
59	15
64	11
68	6
73	7
77	3
81	12
87	9
95	8
98	6
101	4
111	10
119	15
123	1
126	13
130	12
132	14
135	7
Market 95
4	10
8	11
10	13
12	6
15	11
17	10
26	1
27	10
30	8
33	9
43	1
45	5
52	5
64	1
68	9
77	7
87	15
90	11
94	5
95	1
102	3
105	2
109	2
111	6
113	11
116	1
135	13
142	4
Market 169
1	13
2	2
4	2
12	12
13	4
17	11
26	14
27	10
28	10
33	12
38	2
43	1
44	1
47	11
48	8
54	15
55	14
56	12
57	14
64	13
70	2
81	5
83	10
87	14
92	14
94	7
97	11
99	15
102	7
103	10
105	15
110	9
113	3
114	3
116	14
119	15
124	9
131	7
132	1
133	1
136	14
138	15
143	9
146	13
148	5
149	1
Market 46
4	6
7	5
11	14
14	1
16	4
20	10
23	11
25	5
26	4
27	3
32	12
36	11
39	4
41	5
51	1
55	14
65	3
71	9
81	9
83	2
87	5
89	11
92	2
98	4
100	7
103	11
107	12
115	11
118	13
119	10
124	12
126	15
128	9
129	4
144	8
145	1
147	1
149	12
150	12
Market 29
1	11
6	2
8	11
11	6
15	1
24	11
25	7
30	8
34	11
36	11
39	7
41	1
43	10
44	6
45	8
50	2
51	2
52	9
53	2
57	14
64	14
76	12
83	13
87	14
95	15
97	14
100	14
102	1
103	12
109	4
111	15
112	6
113	13
117	3
119	14
123	4
128	6
135	14
138	6
140	11
142	3
144	2
148	2
149	5
150	15
Market 51
6	12
9	13
10	15
15	3
32	15
34	14
38	11
39	14
48	12
54	13
55	2
57	1
60	11
64	14
70	5
74	7
76	2
77	10
87	14
90	8
92	11
97	12
99	4
103	14
112	9
117	6
150	9
Market 151
1	3
6	10
9	10
13	2
15	15
17	3
20	9
24	6
30	10
38	12
39	6
44	1
45	8
48	7
51	8
53	1
54	13
55	8
56	1
65	13
70	12
77	9
81	3
87	2
90	3
99	3
105	9
110	2
112	8
114	10
117	1
119	3
123	12
124	6
128	12
132	10
137	14
140	8
143	7
148	5
149	9
150	8
Market 168
1	12
3	6
4	12
5	12
6	1
7	10
11	12
12	15
15	7
17	14
18	8
22	7
23	14
24	3
25	15
38	6
46	13
48	9
50	14
54	9
57	9
69	8
70	15
77	7
83	4
91	3
92	1
93	15
94	13
98	2
100	13
103	13
108	13
109	1
112	10
113	12
116	2
123	10
127	14
130	12
138	12
141	2
147	5
149	1
150	6
Market 32
8	9
11	7
23	14
24	1
26	2
30	1
33	3
43	11
52	14
74	4
76	1
81	14
87	12
90	5
96	5
99	5
109	2
116	7
122	4
126	8
128	3
131	3
137	8
148	4
149	4
Market 136
1	15
2	14
5	12
6	5
10	12
12	13
15	13
16	15
17	12
18	9
19	10
20	4
23	10
29	9
30	11
32	2
34	1
36	15
44	3
45	9
46	2
47	2
50	8
51	12
52	13
53	2
54	6
57	3
65	15
74	11
76	12
77	11
78	11
79	1
83	14
87	2
93	8
100	15
103	7
105	8
108	6
109	6
111	11
112	7
113	15
115	3
116	8
117	7
118	10
120	1
124	10
126	5
127	13
128	12
131	12
132	12
142	6
145	10
149	12
150	14
Market 196
1	9
2	13
7	6
9	5
13	5
16	8
17	11
20	10
23	2
24	1
26	6
38	6
46	12
48	8
50	14
54	13
65	9
68	11
76	6
78	12
81	5
83	8
87	4
90	9
94	4
97	13
99	6
106	3
112	7
115	8
117	11
119	12
122	7
124	15
126	8
132	12
134	6
138	5
140	7
148	6
150	14
Market 117
1	9
6	9
8	13
11	5
25	2
26	2
27	7
28	3
32	14
41	10
45	9
50	3
53	9
55	12
56	12
60	12
70	13
75	2
76	11
83	12
90	13
94	2
99	5
100	10
103	12
112	4
115	4
117	1
118	9
119	8
128	6
131	1
134	5
137	11
141	2
146	11
147	7
148	2
Market 73
1	11
4	11
15	4
18	10
22	5
23	9
27	9
29	3
41	8
42	12
44	12
46	4
48	4
53	14
64	13
67	12
69	7
70	5
75	3
76	3
77	8
86	3
89	11
100	12
103	5
108	7
116	7
121	5
124	11
132	4
141	6
145	7
147	11
149	12
150	5
Market 19
1	1
2	10
4	15
12	13
15	15
22	8
30	5
36	13
43	11
45	10
47	4
50	6
53	5
55	8
59	3
64	9
68	9
74	10
76	4
83	5
87	5
92	11
96	6
97	8
102	4
103	15
105	13
109	6
112	8
113	10
119	6
126	1
131	11
133	3
142	14
145	6
146	8
148	4
149	1
Market 5
2	6
4	4
7	9
9	14
12	12
13	10
15	9
16	9
17	5
19	1
20	4
26	1
28	1
36	12
38	8
44	14
45	7
53	13
55	13
57	13
64	1
70	4
74	10
75	11
76	1
78	15
83	10
87	14
89	5
90	4
92	9
95	9
97	3
106	14
109	10
112	5
115	5
123	3
130	6
132	8
141	15
144	8
145	11
146	5
147	3
148	9
150	9
Market 152
1	11
3	3
4	14
7	1
11	6
15	2
16	5
17	10
18	14
21	2
23	1
27	8
34	13
37	7
40	3
46	8
48	5
55	2
57	10
69	12
75	5
76	7
79	9
93	6
95	3
98	7
100	15
103	5
108	8
110	6
116	5
118	10
123	15
126	14
128	6
129	9
132	2
135	1
145	10
Market 115
2	14
4	14
5	3
10	8
15	15
16	12
18	8
25	5
27	5
32	1
37	15
40	3
48	5
51	3
53	6
55	12
57	5
67	11
69	1
75	11
89	12
91	2
95	4
98	10
108	2
112	13
118	2
123	11
126	9
129	14
138	5
141	8
147	10
Market 199
4	3
6	13
7	15
9	9
10	8
16	8
22	10
23	11
24	10
27	6
30	15
35	13
36	12
38	10
39	13
40	11
43	7
44	8
46	11
48	8
51	14
52	14
53	13
57	15
58	8
61	2
65	15
70	8
75	15
80	12
81	11
82	4
89	10
92	11
93	14
94	5
95	3
97	6
106	2
109	9
112	11
115	11
118	12
121	6
123	12
124	10
126	1
128	4
130	9
135	13
138	11
145	13
Market 125
1	5
2	5
4	6
11	9
12	11
13	6
16	9
17	7
19	10
22	2
23	2
24	1
25	11
27	14
32	6
34	3
38	13
39	9
41	11
48	12
50	10
57	8
70	13
74	14
75	8
76	1
78	11
83	14
87	11
90	9
92	8
95	12
98	1
100	7
103	1
105	11
112	11
113	8
115	11
121	8
128	5
132	4
134	6
140	9
144	10
147	5
148	5
Market 43
1	1
4	12
5	5
9	15
10	6
11	4
14	6
15	10
17	7
20	8
23	11
24	7
25	10
28	14
31	1
32	1
34	12
39	13
46	1
51	5
54	13
57	12
62	8
65	4
67	14
70	12
74	2
76	14
87	7
89	2
91	11
93	7
97	11
103	3
106	8
108	8
110	3
112	8
117	1
119	13
122	9
124	14
126	3
128	12
129	1
131	15
132	5
138	10
140	5
141	9
Market 38
7	13
9	9
16	4
20	1
24	4
25	9
26	13
32	6
36	1
38	12
39	2
44	5
48	13
51	8
53	9
54	6
55	15
57	2
61	4
65	2
75	7
81	13
83	12
87	8
89	1
93	12
95	14
97	12
106	8
112	8
115	13
119	3
128	9
132	15
135	9
138	10
144	14
148	7
149	3
150	6
Market 86
1	12
2	8
4	8
11	15
15	6
16	3
21	6
23	9
25	7
26	11
27	4
29	15
32	10
34	10
40	8
46	4
51	7
53	9
55	3
57	14
63	6
67	1
68	7
71	7
75	9
81	11
82	12
83	8
95	2
98	12
100	4
108	2
110	11
120	11
124	9
126	15
127	2
128	9
129	13
135	12
138	3
141	10
145	14
150	5
Market 98
1	1
8	14
9	11
11	15
12	13
15	3
23	4
26	6
27	3
41	1
46	14
50	10
54	11
64	11
65	9
70	8
89	1
90	7
92	8
94	6
96	13
105	1
106	1
115	3
117	13
123	2
128	7
141	5
143	10
148	12
149	2
Market 62
2	11
4	11
14	8
15	2
18	14
20	6
23	5
25	10
27	9
29	7
34	10
38	1
41	12
43	1
48	7
51	9
53	5
57	12
62	1
67	12
68	14
70	2
76	1
78	7
81	4
84	10
89	8
95	12
98	7
108	13
110	14
120	4
124	7
126	15
127	8
129	14
132	9
138	1
141	1
145	11
148	11
149	13
Market 34
1	9
6	6
12	2
17	5
20	2
24	8
27	14
38	5
41	11
43	8
48	4
52	1
53	5
55	10
59	10
75	15
76	9
77	8
81	11
87	8
98	10
109	1
110	9
111	7
112	15
113	1
116	2
124	10
126	13
132	5
135	4
147	1
149	9
Market 91
4	9
5	10
6	7
11	6
14	8
18	14
20	9
26	2
30	12
32	11
33	15
34	3
43	10
45	3
47	1
48	13
51	10
54	1
55	9
57	3
59	8
68	4
71	5
74	10
75	15
81	9
82	3
83	12
89	2
90	1
95	10
103	13
112	3
113	8
118	9
119	1
122	10
124	10
130	2
131	2
132	12
135	9
138	6
140	5
141	2
145	6
Market 112
1	13
2	1
10	11
14	10
16	9
34	11
36	10
39	8
41	3
46	2
51	2
53	8
55	9
57	12
61	3
68	12
75	1
78	8
83	7
90	15
95	3
100	1
117	13
123	9
127	11
147	1
148	3
Market 12
16	11
18	7
20	11
25	2
27	8
32	12
34	14
36	1
41	11
44	8
48	8
51	4
53	13
67	11
69	4
79	15
82	11
91	2
93	14
120	8
129	7
132	15
138	9
145	15
149	9
150	4
Market 97
4	13
10	14
12	10
23	15
41	9
43	6
44	6
52	8
53	14
59	13
64	5
67	5
70	15
71	1
75	4
82	3
89	7
95	3
98	5
118	6
124	15
126	4
138	14
141	1
145	1
147	7
Market 6
7	5
11	1
13	1
15	14
16	15
17	1
18	8
20	2
23	10
24	7
27	8
28	10
32	13
34	4
36	3
39	5
44	8
46	8
52	8
53	8
60	7
67	2
68	2
74	4
75	13
77	15
78	7
81	4
90	3
92	15
94	9
95	14
97	1
98	4
99	2
116	5
119	8
121	9
130	10
131	15
134	8
141	4
145	14
147	7
148	11
149	14
150	1
Market 167
1	14
5	15
9	2
11	1
13	13
24	9
25	7
27	12
29	14
36	14
38	8
39	8
41	3
44	7
46	7
52	9
53	7
55	1
65	6
68	7
70	1
71	7
74	3
75	12
77	15
82	4
86	8
87	4
89	4
91	1
92	10
93	2
94	7
98	8
100	10
110	14
116	13
117	4
119	14
123	11
127	13
128	8
132	12
134	10
135	8
141	11
143	13
145	7
147	9
Market 15
4	12
7	8
10	7
15	13
16	13
18	14
22	3
25	3
32	1
34	6
38	13
40	11
43	6
44	13
48	7
53	12
55	1
57	13
67	1
68	7
82	11
86	15
98	10
110	13
118	9
121	13
124	8
132	12
135	12
149	1
Market 13
1	3
4	13
5	3
8	1
11	4
17	10
19	15
20	3
22	10
23	6
24	15
25	15
27	9
29	6
33	2
36	12
38	11
43	6
44	2
45	7
46	15
48	15
53	15
54	5
55	4
64	11
68	4
70	10
71	10
75	13
76	5
77	15
87	10
90	14
92	9
93	10
94	5
98	7
102	1
105	8
110	2
111	7
113	7
116	10
121	1
123	2
126	11
128	8
129	7
135	11
138	7
139	12
141	10
142	8
147	7
148	7
Market 58
1	3
2	11
6	13
11	1
17	5
19	8
25	8
26	7
27	3
33	5
41	6
45	5
46	4
48	11
81	8
83	2
87	13
90	5
92	12
99	5
103	2
105	14
111	14
119	7
123	2
132	2
138	10
140	14
145	15
149	2
Market 131
1	15
2	8
5	10
6	3
7	14
8	6
10	14
12	4
15	7
16	3
17	13
20	10
25	1
26	1
29	5
32	10
33	14
34	3
36	7
38	5
42	13
43	14
46	10
50	6
52	3
54	15
55	9
59	3
64	4
75	13
79	11
81	13
86	1
91	10
94	8
95	7
98	4
99	15
100	4
102	8
109	14
110	11
112	12
113	14
116	1
118	15
121	5
123	13
124	6
126	8
127	12
128	13
132	13
135	14
138	8
140	3
141	1
142	13
145	2
147	10
149	15
150	6
Market 79
1	9
2	8
6	7
10	8
11	8
12	12
15	3
17	7
22	7
26	4
27	5
30	12
32	7
38	3
41	7
43	13
45	11
47	3
50	9
52	7
54	11
64	13
74	12
76	15
77	2
81	15
87	1
90	5
98	4
101	2
109	8
111	15
113	9
119	7
121	6
124	12
126	2
128	12
139	15
147	6
148	5
Market 94
1	5
2	12
4	10
5	9
7	6
11	4
15	3
17	15
18	8
20	12
22	5
29	11
36	5
40	7
41	11
44	12
46	4
48	8
52	15
53	11
55	13
64	10
67	6
71	9
75	6
81	9
86	6
89	5
91	8
100	3
112	10
121	1
123	8
124	4
127	14
141	3
149	12
150	3
Market 55
2	10
4	3
6	5
8	15
10	12
11	13
20	1
22	1
23	2
25	4
27	10
29	9
36	13
40	10
45	2
54	9
57	6
59	8
67	10
68	14
71	10
76	7
77	1
79	8
81	1
89	15
90	6
93	5
97	7
100	2
101	15
104	8
110	8
118	12
124	9
128	15
132	11
138	15
141	10
147	7
148	15
Market 177
2	5
4	1
6	15
12	8
15	9
20	2
26	6
27	10
38	7
50	3
53	7
54	5
68	3
74	8
76	1
90	8
94	13
96	5
102	3
110	2
119	12
126	12
132	5
135	1
137	5
147	3
Market 40
2	2
12	9
15	9
20	10
23	1
33	2
38	13
44	6
45	6
48	4
53	11
60	12
70	12
77	6
90	11
94	11
103	8
105	13
110	6
112	4
117	13
133	13
137	11
140	5
143	10
148	10
149	12
Market 2
2	14
8	7
10	10
15	6
22	8
24	12
25	4
26	14
35	5
41	5
43	12
50	11
53	1
54	8
68	14
76	6
83	1
87	2
92	12
98	13
101	1
103	13
105	4
109	13
110	14
112	13
113	15
116	6
118	2
121	14
122	13
123	13
124	1
126	15
130	11
131	12
138	8
141	13
147	11
Market 69
1	9
4	15
5	10
6	13
7	5
8	4
11	3
16	11
17	2
20	15
23	15
25	8
26	2
27	6
30	9
32	13
34	1
36	7
41	2
43	8
44	13
45	1
46	3
48	10
50	3
54	9
56	7
60	2
62	14
64	4
70	3
71	13
75	5
77	2
83	7
84	12
94	1
99	3
100	4
110	13
115	4
119	5
122	7
123	11
124	2
126	10
127	10
128	11
129	12
131	2
132	12
133	1
135	3
137	12
138	3
143	5
144	15
147	10
148	1
149	6
Market 70
1	6
2	15
5	15
7	5
8	4
10	2
11	13
14	4
18	7
30	8
32	11
34	6
36	10
38	2
40	9
41	4
44	5
45	6
46	11
48	15
53	2
54	6
57	11
64	6
67	14
68	1
70	3
71	6
75	8
77	6
79	2
82	14
85	14
87	9
91	6
94	2
108	9
110	6
115	13
118	4
120	6
123	11
124	6
126	2
128	7
138	15
145	7
147	7
148	12
Market 128
1	8
2	3
4	11
5	14
10	13
14	2
18	9
29	12
34	4
36	5
44	5
51	9
53	5
57	14
74	11
75	9
76	7
79	5
81	8
83	13
85	5
90	1
91	4
92	4
95	7
100	2
103	4
110	2
123	1
127	8
132	1
135	6
138	2
141	7
147	6
148	6
150	9
Market 104
4	3
9	14
13	10
15	13
25	10
26	13
27	3
32	7
34	2
39	10
44	7
55	7
57	6
68	13
70	14
81	5
89	11
90	4
95	7
117	9
124	2
128	12
132	4
141	7
148	7
150	8
Market 66
1	7
2	5
4	2
6	2
10	13
20	9
24	3
27	12
30	10
33	14
38	6
43	14
47	14
52	3
55	11
64	5
68	11
70	1
74	12
87	12
90	14
92	13
95	13
109	3
110	11
112	12
119	15
122	13
126	14
131	8
140	14
149	15
Market 63
7	5
8	8
11	10
12	5
13	9
17	12
19	10
22	13
23	8
27	10
30	2
32	9
36	7
39	10
41	8
44	14
46	6
47	4
51	4
52	10
54	12
55	4
57	15
59	12
61	7
64	9
68	1
81	3
87	10
95	6
104	7
117	14
130	5
138	13
141	7
146	4
147	11
148	2
150	15
Market 138
1	13
4	7
7	12
16	3
17	8
20	6
23	14
31	4
39	2
44	3
46	11
48	9
50	2
65	13
68	14
70	3
76	4
78	8
87	2
90	8
94	3
97	4
99	8
119	4
126	3
128	13
146	6
148	9
Market 107
1	5
3	11
4	1
5	9
7	6
8	5
10	4
11	9
17	5
20	4
22	8
26	5
27	14
29	5
34	9
41	14
44	4
46	3
52	6
54	13
57	7
63	11
67	3
69	14
75	1
76	12
77	4
79	13
82	14
83	10
85	15
86	5
89	10
90	4
92	1
93	9
95	11
103	2
108	12
109	12
110	9
112	14
116	1
118	2
119	3
128	9
129	13
132	13
135	5
138	6
141	8
145	10
148	8
149	15
Market 81
1	13
4	6
5	3
7	14
10	6
11	13
15	3
22	8
27	8
32	4
34	14
38	6
40	7
42	3
46	4
55	4
57	10
68	6
70	11
71	13
79	4
108	3
110	15
112	12
123	9
124	7
125	3
127	9
135	8
138	11
141	1
149	2
Market 194
1	3
4	5
5	15
7	2
14	11
16	8
17	2
18	14
20	10
25	7
32	4
41	9
46	12
57	13
62	8
67	10
68	10
71	5
81	4
85	6
89	9
90	2
93	4
98	3
100	3
112	3
115	3
118	2
120	2
124	9
126	7
129	9
132	15
135	5
138	14
147	3
150	2
Market 164
8	1
15	13
17	11
23	1
30	1
33	14
36	3
38	9
43	1
45	4
48	3
50	9
53	1
54	4
55	3
64	13
68	4
76	3
77	9
87	9
90	3
92	15
103	2
105	14
110	4
112	9
117	7
122	1
131	2
143	3
149	13
Market 22
2	1
7	13
8	14
9	6
11	11
12	12
13	1
17	15
22	8
23	9
32	12
38	7
41	8
43	5
46	10
48	11
55	1
64	3
78	2
81	13
83	12
87	13
90	7
92	6
97	2
100	13
103	14
109	15
115	11
117	2
126	13
128	1
132	5
141	5
149	5
150	5
Market 8
2	1
4	10
12	4
17	1
20	3
22	10
26	10
33	8
36	2
38	12
43	8
47	4
54	5
64	9
70	3
83	3
95	14
99	7
112	14
116	14
124	2
128	9
131	13
136	6
140	2
142	13
148	7
149	5
Market 84
4	13
6	7
10	10
17	4
22	12
25	12
30	6
32	7
38	10
41	15
45	10
48	1
49	1
53	5
54	13
59	8
64	9
67	6
72	14
81	15
83	5
87	13
94	13
95	1
98	3
101	12
109	1
113	4
118	2
128	2
138	8
145	12
147	11
Market 159
1	5
4	1
7	12
10	11
16	14
34	8
38	7
39	9
41	15
44	11
51	10
55	14
60	4
65	8
68	2
70	1
71	4
74	4
87	1
89	10
90	1
91	6
98	8
99	9
100	15
112	3
114	7
115	7
117	14
122	2
123	15
126	6
128	1
134	4
135	5
137	13
138	4
145	8
147	13
149	7
150	2
Market 47
4	12
6	11
11	8
17	4
18	12
20	11
22	3
24	12
25	12
27	3
36	7
43	1
47	14
48	14
49	14
52	3
54	9
68	3
70	11
77	13
80	11
82	11
89	5
90	10
92	1
97	3
98	13
103	7
109	13
110	1
116	2
123	15
124	9
128	2
130	1
135	2
141	3
149	1
Market 135
6	4
11	12
12	3
16	10
20	15
32	2
34	9
36	15
38	14
41	8
43	14
44	8
53	1
56	15
64	10
74	15
76	11
83	8
92	4
97	6
99	1
103	12
105	8
109	15
112	5
117	2
122	15
126	6
131	6
132	12
137	8
138	6
148	2
149	15
Market 85
4	2
11	14
13	2
28	14
30	7
38	6
70	7
76	14
77	15
81	6
92	13
94	10
97	4
113	6
122	14
128	4
132	13
140	6
148	1
149	13
Market 119
2	5
13	10
15	12
16	2
18	7
22	10
24	3
27	11
28	6
32	9
33	9
35	10
40	7
43	1
44	3
45	13
47	6
57	13
59	14
65	5
68	12
72	1
74	10
75	2
76	1
77	14
78	15
90	6
92	6
95	12
96	2
98	1
99	9
101	11
109	7
112	15
113	14
116	6
119	9
123	12
126	15
131	11
132	2
133	9
138	10
141	10
145	1
Market 31
1	6
4	13
6	15
8	5
11	10
12	4
13	6
15	9
16	11
25	2
26	6
27	8
28	2
30	1
31	12
32	4
38	12
39	5
41	10
43	5
44	11
46	2
50	6
53	1
55	8
64	1
65	2
67	9
68	8
71	15
74	6
77	3
80	10
81	2
82	9
83	15
89	7
90	9
92	4
97	9
101	3
103	10
106	13
109	6
110	3
115	2
117	1
121	13
126	15
130	11
132	3
135	7
143	6
146	15
147	4
149	13
150	12
Market 17
1	6
2	6
5	11
6	9
10	14
11	6
15	4
17	1
18	2
20	7
23	11
24	9
26	10
27	7
32	8
36	14
44	10
46	11
50	12
53	1
54	10
61	2
63	2
65	3
70	5
76	5
77	15
81	13
83	10
85	6
87	7
89	14
91	4
92	2
93	8
94	10
97	7
98	7
99	10
100	10
103	3
110	8
115	5
118	11
119	1
120	6
122	8
124	7
126	9
128	9
131	13
141	5
145	10
147	5
148	13
149	13
150	15
Market 88
2	2
9	11
11	3
16	1
17	9
23	13
28	15
32	11
34	4
44	12
46	9
48	14
51	1
53	14
54	11
61	14
65	13
68	5
70	1
76	5
78	15
83	5
89	12
90	6
92	13
94	15
95	14
103	6
106	1
115	3
119	11
123	15
124	3
128	3
132	12
146	10
150	8
Market 120
1	8
2	14
4	6
5	14
7	14
10	14
12	9
14	5
15	2
20	7
29	9
30	11
32	13
38	10
41	11
43	1
44	13
47	11
52	13
53	11
55	13
65	11
68	4
70	15
74	7
75	8
77	15
87	3
94	15
99	8
105	14
107	2
109	12
112	13
113	9
115	9
116	7
117	14
119	2
127	8
128	4
129	15
138	5
142	14
145	14
Market 100
2	9
8	5
24	1
26	1
27	2
30	2
35	9
41	3
47	8
50	1
52	9
54	11
64	10
77	6
81	3
94	10
95	10
98	9
104	14
109	13
111	1
112	4
116	11
119	1
121	9
124	10
128	1
130	5
132	4
149	6
Market 30
1	15
2	10
11	11
13	9
17	6
25	12
26	9
28	2
32	4
34	3
36	7
44	11
46	7
51	9
53	3
61	11
65	12
68	7
71	2
74	14
76	3
83	11
90	5
92	11
100	13
103	6
110	15
115	9
119	12
126	11
128	5
132	12
144	14
148	13
150	8
Market 50
1	6
2	11
4	1
8	2
12	8
16	14
17	8
19	13
20	14
22	2
24	14
27	13
28	5
30	3
34	13
36	9
38	11
41	13
44	3
45	15
47	5
50	4
55	14
59	10
64	8
68	10
74	1
75	12
77	7
81	5
90	11
97	13
101	15
103	14
105	13
109	9
110	3
111	8
112	6
116	2
122	12
124	2
126	11
131	12
132	8
135	7
137	4
142	6
143	2
146	1
149	2
Market 92
6	6
15	14
17	13
30	15
32	9
50	13
54	11
68	14
72	12
75	5
77	1
81	1
87	9
92	1
98	7
101	3
103	5
109	13
113	3
116	2
123	1
124	13
128	8
132	7
135	3
138	14
145	5
149	1
Market 147
1	2
4	2
10	4
18	1
22	11
23	2
27	9
40	13
41	15
46	15
52	14
57	13
70	1
71	7
89	13
91	3
92	10
94	13
103	6
116	3
118	13
121	3
123	2
126	7
132	4
149	3
150	11
Market 118
5	5
11	14
15	1
16	8
18	3
23	6
27	13
32	10
38	6
43	4
46	4
52	13
53	15
55	2
64	2
67	15
70	13
71	1
75	12
82	7
90	6
91	15
93	13
94	9
95	11
98	2
100	6
110	9
112	14
121	12
123	5
124	10
126	2
135	12
141	3
147	14
150	13
Market 67
1	2
2	10
4	12
6	12
7	4
9	10
10	2
12	15
13	1
17	1
19	3
23	13
26	12
27	11
28	1
32	8
35	7
41	5
44	6
46	8
47	12
48	2
51	4
52	12
53	14
54	15
55	13
57	7
59	12
61	1
64	1
74	1
75	5
76	7
83	9
87	3
89	11
90	6
92	8
94	10
95	9
101	8
105	1
106	10
109	3
112	7
113	5
116	15
117	6
126	13
132	2
135	9
142	13
146	11
147	13
148	6
149	10
Market 89
7	9
10	5
11	11
15	3
16	5
18	6
22	15
25	11
35	15
40	6
41	14
44	1
47	8
52	14
55	7
76	10
77	14
93	15
95	7
98	3
100	6
110	1
118	4
121	2
126	9
130	11
132	7
135	15
145	13
Market 39
2	9
8	3
10	2
12	5
15	5
18	7
22	12
24	13
25	6
26	12
27	6
32	1
36	7
43	14
45	7
47	4
49	3
52	9
53	12
54	3
68	11
71	11
77	4
82	14
83	11
94	9
98	12
101	7
103	5
110	11
112	8
113	12
116	12
118	6
124	2
128	5
135	9
139	4
141	8
145	7
147	6
Market 65
23	15
29	11
32	7
34	2
40	13
41	3
44	10
46	7
48	4
54	2
55	5
64	2
69	8
70	6
82	9
94	7
103	12
108	12
121	4
123	15
124	6
127	10
128	1
135	1
138	1
141	5
145	6
Market 10
1	8
4	3
8	5
12	7
17	12
24	15
30	6
35	5
49	10
54	4
59	7
68	1
70	3
71	3
75	3
82	8
94	5
95	13
98	7
101	7
110	12
112	13
113	1
116	13
118	4
123	13
126	2
135	2
138	7
149	15
Market 18
5	8
8	10
10	10
11	4
16	11
18	8
22	1
30	15
32	13
38	2
40	6
44	10
45	15
47	5
48	6
49	12
64	2
70	2
71	5
72	15
75	3
89	12
92	1
98	7
101	12
109	12
110	11
113	5
116	15
118	14
121	11
123	10
126	3
128	9
130	8
132	6
135	11
138	4
141	6
147	7
Market 189
1	11
3	5
4	15
7	9
11	2
16	7
23	2
29	5
32	4
34	10
38	11
40	13
44	3
46	1
52	14
53	6
67	11
76	15
79	2
81	9
82	3
86	13
89	5
91	15
93	3
95	8
100	8
103	6
108	2
110	1
121	13
126	6
127	12
129	1
132	3
135	3
145	15
148	2
150	2
Market 93
1	11
6	12
10	8
12	10
13	4
15	13
16	10
17	3
19	14
20	2
23	8
26	14
28	15
30	2
32	12
36	2
38	1
41	1
45	8
46	9
48	8
50	8
52	9
53	15
60	7
65	12
68	5
70	14
73	8
75	8
77	5
81	12
83	6
87	1
92	15
94	5
109	11
110	9
111	9
112	4
114	1
119	9
121	10
122	4
124	1
130	7
131	12
133	1
135	6
137	9
140	3
141	13
143	7
145	5
146	14
147	5
148	1
149	13
Market 110
1	14
2	15
7	3
10	13
11	1
16	12
17	3
20	13
25	10
27	4
29	1
32	4
34	2
36	15
40	8
43	5
48	1
54	5
55	10
64	12
67	7
68	3
69	1
70	1
76	1
77	9
79	9
81	13
83	13
86	7
90	7
94	4
100	14
109	10
110	9
112	1
118	4
119	13
124	6
126	9
130	1
135	11
138	7
148	8
Market 64
1	10
11	7
20	6
23	14
24	7
28	1
38	8
44	3
48	9
78	4
81	1
83	14
87	13
94	6
97	7
114	1
117	5
119	14
122	2
124	14
126	15
128	13
134	8
135	15
146	15
149	1
Market 191
1	4
4	12
7	2
9	7
11	8
13	6
16	9
17	15
20	4
25	13
26	9
27	15
28	10
32	3
34	8
36	15
38	6
44	9
51	15
54	4
55	10
61	2
65	7
68	5
74	15
76	3
81	2
83	14
90	7
92	4
97	15
100	3
103	4
106	1
110	15
112	7
115	6
117	14
119	15
123	3
126	9
141	10
146	6
148	1
149	12
Market 28
3	15
5	2
6	4
8	10
10	11
11	3
12	3
15	12
18	9
20	3
22	5
23	15
24	13
25	15
29	14
30	6
40	13
41	13
43	4
45	3
47	11
48	4
51	15
53	11
55	4
57	1
59	6
67	14
69	8
70	11
79	8
82	4
93	14
98	8
109	3
110	7
112	5
116	5
118	14
123	3
124	9
141	14
145	9
147	3
149	11
Market 132
4	3
6	4
8	1
10	13
17	14
20	5
24	12
26	13
27	4
30	13
36	9
43	7
45	12
47	6
59	4
68	12
70	2
74	13
75	4
87	7
90	5
92	13
95	8
99	5
102	7
105	15
109	2
113	8
122	12
124	9
128	6
132	3
140	4
149	7
Market 105
4	6
10	5
18	8
20	2
23	2
24	6
27	9
36	6
38	6
39	11
40	13
41	5
45	7
46	1
47	15
49	9
54	13
57	14
60	11
70	13
71	4
74	12
75	3
76	10
82	3
87	2
92	8
94	9
99	14
101	4
102	10
105	1
109	10
110	15
112	9
113	15
116	8
117	8
119	4
121	15
126	7
128	9
130	9
131	9
133	14
135	7
138	7
140	11
142	8
145	3
146	4
147	4
148	10
Market 197
1	2
3	13
4	14
7	4
11	10
18	9
22	3
34	5
40	3
41	6
42	8
44	7
46	7
48	15
50	9
52	7
53	1
57	9
64	8
68	7
69	6
74	1
75	6
79	4
81	9
86	13
87	14
95	5
98	10
105	11
113	12
116	9
119	10
122	13
126	11
127	14
128	1
135	10
141	6
145	8
Market 16
1	11
8	1
15	5
22	5
33	5
45	6
50	6
53	4
59	14
68	11
76	10
87	15
90	14
99	6
113	6
124	5
131	6
136	10
138	4
142	7
149	10
Market 45
4	6
8	4
10	15
15	11
16	9
17	6
20	12
22	13
23	7
30	12
32	2
34	12
36	14
41	7
45	13
47	14
48	4
52	2
53	10
54	9
57	11
59	7
64	7
77	8
81	12
83	15
87	8
90	9
92	13
94	3
95	2
96	5
102	9
110	14
113	10
116	5
124	3
128	12
131	7
135	14
136	15
142	14
145	13
148	8
149	7
Market 113
1	13
2	14
4	2
5	2
8	11
10	9
15	14
17	7
18	1
22	13
23	11
25	6
27	2
30	11
35	9
41	6
44	2
45	2
47	8
48	7
55	10
58	9
59	7
64	6
71	8
75	12
77	6
87	12
89	2
94	8
95	6
98	3
100	1
101	1
103	6
110	13
112	10
113	2
116	8
124	4
126	14
130	5
132	4
135	1
138	10
145	7
147	10
149	2
Market 187
1	12
4	6
5	7
11	6
12	14
15	5
16	13
20	9
22	14
23	11
27	9
30	5
34	11
36	10
38	5
40	10
41	12
43	2
47	15
48	14
50	10
52	6
54	9
55	8
59	12
64	7
67	4
70	5
71	6
72	9
77	10
79	5
85	5
90	10
91	12
92	2
94	12
100	4
103	7
104	13
108	7
110	10
112	12
113	2
115	6
120	7
121	11
126	6
129	7
132	1
135	6
138	10
141	8
149	8
150	13
Market 158
1	8
4	6
8	12
10	9
11	15
12	13
13	7
15	15
16	10
17	7
20	7
23	13
24	13
26	6
27	3
28	10
30	8
32	14
34	2
35	2
36	15
43	13
45	11
48	4
55	4
70	1
76	2
90	5
92	3
94	8
95	5
98	6
101	4
103	6
113	15
116	7
117	9
121	15
124	5
128	8
135	12
145	9
149	7
Market 170
2	13
14	2
16	12
20	9
25	5
27	7
32	10
39	6
44	8
48	15
51	3
61	7
65	9
68	15
71	4
75	11
78	2
83	14
89	14
90	10
95	15
97	9
110	1
117	7
123	13
124	11
126	15
132	13
138	5
150	5
Market 35
1	10
9	15
10	9
11	4
13	5
17	3
20	15
23	5
28	11
32	11
34	11
36	11
41	9
46	12
50	7
53	4
54	6
55	12
65	7
68	13
70	3
74	7
75	4
78	8
81	15
83	14
97	2
99	11
103	11
105	6
110	5
115	2
118	2
128	12
135	8
137	8
138	7
140	5
145	8
148	2
150	9
Market 190
1	12
2	5
4	14
8	4
10	10
12	1
23	3
24	13
26	5
41	11
48	9
50	4
52	3
59	10
70	2
74	5
75	15
76	6
92	7
94	2
99	10
102	13
109	11
110	4
112	14
116	2
117	15
119	2
124	8
128	12
131	4
149	9
Market 75
2	10
4	9
15	10
18	11
25	7
26	8
37	13
38	14
39	5
41	12
54	3
70	1
71	8
75	6
83	7
87	3
90	6
93	2
94	3
103	1
106	10
108	1
110	6
112	4
115	15
116	1
117	6
118	9
120	12
127	11
128	5
129	15
135	4
138	15
148	4
Market 146
2	8
7	13
11	3
16	10
23	14
24	8
28	15
32	9
38	2
39	1
41	13
44	14
48	6
51	9
53	8
55	2
57	3
60	8
64	13
68	13
71	14
77	3
89	2
92	9
93	10
94	8
99	1
103	3
106	1
115	14
126	11
131	14
134	13
138	9
144	13
146	1
Market 154
1	14
2	15
7	15
9	8
11	7
13	9
25	12
27	2
32	4
34	10
36	8
39	6
46	11
48	10
51	6
53	9
54	3
55	13
57	7
61	1
68	10
74	8
76	10
78	11
83	8
92	11
94	13
97	13
103	1
106	4
110	13
112	3
117	7
119	14
128	15
134	8
138	3
141	9
144	10
146	10
150	13
Market 193
1	5
3	4
5	6
6	12
10	11
15	1
17	15
20	8
22	6
24	1
27	3
29	4
30	6
33	4
34	11
36	10
38	8
40	4
43	11
44	7
48	10
50	15
53	8
55	7
57	5
64	14
69	15
70	10
74	5
75	1
76	4
77	12
79	12
81	5
82	9
87	6
89	11
90	15
94	5
103	10
108	3
109	2
110	2
116	9
121	2
122	9
123	14
124	3
127	12
128	11
131	3
138	7
140	14
143	11
145	11
146	11
150	4
Market 137
1	14
2	4
8	15
10	13
12	3
16	2
17	2
23	2
24	9
26	8
30	10
32	9
33	14
35	5
36	3
41	6
43	2
45	1
47	9
48	3
50	6
54	1
55	9
60	14
64	15
68	13
73	3
75	7
76	5
77	3
87	10
90	11
92	10
94	2
97	9
103	13
105	8
109	3
110	1
111	10
112	2
113	7
117	2
119	8
122	1
124	14
126	13
128	9
130	5
132	2
139	4
140	11
142	4
145	6
146	3
147	1
Market 3
1	2
2	8
4	10
11	11
12	8
23	6
27	12
30	10
32	8
33	2
36	2
38	10
41	6
43	2
48	15
50	10
68	12
77	14
81	4
90	6
96	9
103	8
105	3
110	5
112	7
117	11
122	11
124	4
126	11
131	15
132	13
133	7
138	7
149	12
Market 74
6	2
10	5
15	12
23	5
24	8
27	12
30	7
43	12
45	7
54	7
64	2
68	6
74	12
77	2
81	14
83	15
87	1
90	4
92	12
102	2
112	3
119	5
122	10
131	7
132	14
145	1
149	1
Market 126
6	6
8	9
15	11
18	13
25	7
30	5
36	14
40	13
43	8
67	1
68	8
71	10
75	9
81	15
87	13
89	10
92	1
94	8
112	2
118	7
121	9
130	9
132	11
145	9
Market 181
4	15
11	15
17	14
26	1
34	14
39	7
41	5
53	6
57	8
61	3
63	11
65	8
78	15
85	1
97	8
98	11
103	1
117	6
118	6
120	6
123	1
124	3
127	15
135	15
138	8
144	3
145	4
Market 145
4	14
6	12
10	3
11	4
15	1
16	13
19	9
20	3
26	2
27	8
30	4
33	14
34	15
36	2
41	4
43	15
44	2
50	10
52	7
53	7
54	11
55	11
64	6
70	1
77	6
90	7
92	8
94	15
105	1
110	3
116	10
121	11
124	1
135	7
140	1
142	3
147	9
148	1
149	11
Market 59
8	7
9	5
12	10
13	5
15	8
16	13
20	8
23	11
24	5
25	8
32	11
33	2
38	7
41	8
45	15
46	6
50	15
53	8
57	6
65	14
68	5
70	4
71	12
74	9
76	7
78	4
81	15
89	10
92	3
94	5
99	9
102	12
105	6
106	14
109	2
110	7
112	15
113	2
115	14
117	5
119	3
122	7
123	10
128	7
132	5
133	15
134	2
138	12
140	14
143	11
144	11
148	13
149	10
150	7
Market 134
4	5
8	7
10	9
12	11
18	14
26	9
30	13
32	2
38	13
43	1
47	6
53	6
70	6
80	15
81	3
83	12
87	7
89	6
90	9
92	4
101	14
109	13
110	6
116	12
118	5
121	4
123	12
124	11
126	15
128	8
145	9
Market 139
3	1
4	6
10	8
16	12
23	2
25	14
27	12
34	8
38	1
41	14
42	7
48	1
53	12
55	10
64	15
67	4
75	13
77	11
79	7
86	3
93	4
95	12
100	6
103	11
109	15
112	12
116	2
127	5
132	4
149	4
Market 106
1	14
2	12
4	9
11	3
12	12
16	15
17	10
20	3
24	9
26	5
27	8
30	7
32	15
36	5
38	2
44	13
46	10
50	13
53	9
56	3
57	9
60	4
64	8
68	10
74	14
75	7
81	11
83	7
87	9
89	11
90	7
92	9
99	12
100	14
103	10
105	6
112	9
113	13
117	8
119	10
123	8
124	2
126	5
128	10
135	13
138	2
148	14
150	15
Market 116
2	15
11	5
22	12
23	14
24	7
27	7
30	11
36	12
45	4
48	8
50	7
54	10
68	13
70	13
74	3
92	8
94	1
102	3
103	2
105	7
110	12
112	7
119	6
122	2
126	5
Market 49
1	12
5	11
10	15
18	14
22	3
32	4
34	14
36	8
44	14
48	7
55	6
63	3
68	15
71	7
76	5
79	12
91	8
93	12
95	3
98	3
100	7
112	12
116	7
118	5
123	8
124	8
128	6
138	14
145	2
148	9
150	11
Market 155
2	2
10	9
17	7
20	3
24	11
26	11
30	6
34	11
38	10
39	5
43	13
44	3
46	5
47	7
48	15
51	11
52	9
53	6
55	13
57	6
58	3
62	2
64	10
71	10
78	6
80	15
82	4
84	9
89	1
92	3
94	3
97	10
100	2
109	12
116	6
124	2
127	5
130	10
132	9
135	9
145	14
148	1
149	8
Market 83
4	9
11	8
14	5
17	14
20	9
23	7
24	11
26	6
29	4
30	11
34	14
36	12
38	5
39	6
41	4
57	10
60	10
61	5
71	11
75	12
78	15
90	1
93	4
94	13
107	10
110	2
112	2
113	9
117	12
119	6
122	6
127	4
128	5
131	2
132	11
135	4
137	2
146	1
149	10
Market 37
4	10
6	15
11	12
25	10
26	6
32	9
33	15
39	4
43	15
45	4
46	13
52	3
65	11
68	12
71	6
75	3
76	3
78	14
83	1
87	10
89	2
92	2
94	13
97	3
99	4
102	10
105	4
106	2
110	10
113	13
115	10
116	7
119	2
126	3
128	8
131	3
132	11
140	13
141	5
142	8
144	15
148	4
150	8
Market 162
1	5
7	12
10	3
15	11
17	12
23	6
32	10
34	4
41	1
44	3
46	15
51	11
55	13
68	10
71	4
74	11
75	10
76	8
83	8
89	10
93	1
97	1
100	8
106	13
115	13
117	4
119	7
123	14
124	15
126	8
128	12
134	7
144	2
146	13
147	1
Market 122
2	10
6	9
8	2
9	8
11	3
15	7
16	9
23	15
24	8
26	4
27	7
28	2
30	5
38	5
41	3
43	6
45	7
53	14
65	10
68	14
70	10
76	2
77	15
92	9
94	12
97	12
103	1
105	3
110	4
112	7
114	12
122	5
124	11
126	6
140	10
146	3
148	13
149	4
Market 114
2	4
9	6
12	4
15	14
17	11
23	1
28	4
30	5
38	1
41	13
44	4
45	10
50	10
53	2
54	9
60	15
64	11
70	9
77	6
81	8
83	13
92	10
94	12
97	14
103	4
105	3
112	5
117	12
119	4
122	15
123	11
126	12
128	1
133	1
137	7
138	13
140	15
141	12
143	12
146	11
148	12
Market 127
1	15
6	9
8	14
11	8
17	3
23	1
24	13
26	4
30	3
33	12
36	8
41	6
44	1
45	6
52	10
60	8
68	1
70	1
83	7
90	14
95	2
96	11
103	14
105	5
110	4
112	7
113	6
119	6
124	7
133	10
135	8
143	5
146	9
148	1
Market 82
6	12
20	7
27	10
33	12
36	6
45	3
47	13
53	9
55	1
64	6
70	13
74	1
75	6
76	5
77	15
83	7
92	1
95	3
99	7
102	2
105	3
109	2
113	14
119	3
122	13
126	11
137	3
140	13
Market 80
9	11
17	11
23	13
24	7
32	2
38	2
39	5
41	3
44	7
46	7
48	2
50	15
54	5
55	15
57	8
60	11
74	7
76	5
78	6
81	6
83	1
92	1
103	2
110	4
112	14
117	10
123	7
124	2
128	1
132	11
134	9
138	11
146	10
150	11
Market 179
2	8
6	11
7	2
12	7
16	15
17	13
18	9
22	7
24	14
25	15
26	6
27	6
30	4
34	2
38	2
41	15
43	10
44	12
48	3
51	1
52	7
53	4
55	3
59	2
68	3
70	14
71	10
72	1
74	15
77	8
81	9
87	12
90	7
93	8
94	12
95	3
98	11
100	5
101	14
103	14
113	9
116	3
118	11
119	6
121	11
124	3
126	3
130	7
132	3
135	12
138	2
Market 72
7	11
8	6
10	14
12	5
13	14
15	13
19	15
22	13
23	14
24	15
30	5
31	6
34	4
36	13
41	4
44	13
45	10
46	15
48	1
50	3
57	12
60	7
65	2
68	11
76	8
78	5
83	4
87	3
90	14
95	12
105	8
109	11
110	4
115	10
119	15
124	3
131	13
132	11
134	1
135	13
143	13
147	9
149	3
150	13
Market 36
3	5
4	7
5	9
10	2
22	10
46	13
48	14
64	7
71	4
75	5
86	4
89	15
91	7
98	12
103	10
108	3
110	11
112	1
121	3
141	15
147	5
150	15
Market 165
2	5
5	11
10	10
14	2
15	3
16	11
17	4
18	3
20	7
23	3
26	14
27	8
40	9
41	12
44	7
46	9
48	5
50	5
51	10
54	4
55	3
57	13
62	3
71	8
74	7
75	12
79	8
81	10
83	2
85	15
89	10
94	7
95	7
99	7
100	12
108	3
112	14
117	14
118	1
124	11
126	14
128	5
129	13
131	3
141	4
145	9
146	4
147	11
148	8
Market 9
1	15
4	7
11	10
17	2
23	6
26	3
28	1
36	5
38	12
41	13
44	12
48	10
53	15
55	3
57	9
61	13
68	7
71	3
75	13
81	12
93	11
110	6
115	1
135	9
141	15
146	8
148	12
149	8
Market 143
2	4
6	14
9	1
12	4
13	15
16	10
17	2
23	10
24	4
26	6
27	12
34	9
41	11
43	1
46	4
48	1
50	8
56	6
57	9
65	15
70	6
77	1
78	3
83	6
87	5
90	3
99	9
103	7
105	7
109	1
113	1
122	11
128	12
131	9
133	11
134	8
143	2
146	9
148	7
Market 26
4	1
6	4
8	9
11	11
13	6
15	14
16	15
18	5
20	15
22	6
23	13
24	13
26	15
28	13
30	11
35	13
43	12
44	6
45	15
46	2
52	3
53	7
54	3
55	1
56	8
59	13
60	13
64	5
74	13
75	12
76	14
90	3
92	13
97	13
101	9
104	5
110	5
113	12
116	4
117	10
122	2
124	13
126	9
130	15
131	6
132	14
133	12
137	12
138	6
140	13
141	15
145	13
146	5
147	2
148	7
Market 176
5	4
7	8
10	3
15	9
22	14
23	4
25	11
27	13
29	3
32	14
34	9
38	5
41	2
43	2
48	3
52	2
53	13
55	4
64	7
67	13
70	3
71	11
77	10
82	1
86	2
89	6
91	6
93	15
95	2
98	10
110	2
123	3
130	4
141	6
145	13
150	9
Market 23
1	7
2	12
11	13
15	10
16	9
22	6
23	11
27	1
29	4
35	14
38	15
40	6
44	6
47	2
52	10
55	13
68	13
77	6
79	9
82	1
89	12
91	5
93	7
100	11
103	12
112	12
121	1
123	1
124	13
126	11
132	3
135	9
141	14
Market 153
2	13
4	13
6	1
10	10
12	5
15	9
19	3
20	7
24	8
26	8
27	8
38	14
41	15
43	12
54	5
55	6
59	10
70	1
75	11
77	14
81	8
83	7
87	4
95	8
96	11
99	15
105	15
112	3
116	14
119	13
122	12
128	15
132	10
140	3
Market 11
4	9
6	9
7	11
9	9
10	12
16	6
17	11
23	8
24	15
25	1
26	10
27	9
29	14
30	10
34	13
36	8
39	9
45	11
51	13
53	4
61	10
70	5
71	8
74	14
75	13
76	11
81	8
83	5
89	13
93	6
95	2
97	1
103	9
112	1
113	3
123	3
126	12
129	1
132	4
133	9
138	9
141	13
143	5
144	3
148	3
149	12
150	10
Market 142
8	7
11	3
15	10
17	13
23	2
24	14
30	14
32	14
47	13
48	2
49	7
52	2
54	7
55	10
59	2
64	11
70	15
75	13
80	14
87	3
94	4
95	5
98	15
101	9
103	15
109	7
112	3
113	2
116	3
123	3
124	12
128	14
130	8
132	3
135	3
138	10
149	3
Market 48
6	1
7	13
9	9
23	10
24	12
38	6
44	10
46	11
53	13
54	4
56	13
74	2
94	10
95	11
99	6
105	7
110	7
112	6
122	9
123	12
131	15
137	7
140	11
146	10
148	1
149	7
150	4
Market 178
1	10
2	10
5	13
7	4
11	5
14	12
16	9
17	10
25	2
32	7
39	10
44	13
51	10
57	4
61	9
68	9
71	1
76	4
81	3
84	12
93	2
97	11
107	4
117	4
128	11
129	8
135	13
141	3
147	11
Market 160
2	12
4	9
7	15
10	2
11	10
20	11
22	14
24	14
26	3
29	5
34	6
46	3
52	7
53	14
54	5
57	10
64	15
67	6
70	1
74	7
75	10
82	8
83	2
86	3
91	6
93	11
94	11
98	14
99	4
100	10
127	14
128	4
135	15
145	6
148	10
149	3
Market 24
2	10
6	12
8	12
23	13
26	12
27	2
30	9
36	9
38	12
41	9
43	8
53	10
55	10
64	4
68	9
77	12
90	9
94	7
95	1
96	3
109	15
113	7
117	4
119	5
128	9
131	5
132	5
133	10
137	6
140	11
142	11
148	12
149	12
Market 185
1	7
2	10
11	4
15	13
17	2
20	7
23	4
24	5
26	13
27	4
33	14
38	4
41	12
43	15
45	3
48	15
50	1
55	1
60	11
68	3
70	10
76	8
77	10
90	2
94	8
102	2
105	15
113	1
119	10
122	8
124	10
126	10
131	7
133	8
137	11
140	8
142	15
149	12
Market 186
2	12
4	7
5	5
11	7
14	3
16	8
17	15
20	1
25	9
27	1
34	9
36	12
46	12
48	2
55	9
62	14
71	12
75	7
76	15
78	2
81	14
90	6
98	3
110	12
115	13
123	7
127	12
138	9
141	9
145	5
148	1
Market 192
1	11
4	7
6	3
10	11
12	3
16	10
22	11
23	11
27	11
32	13
38	1
40	10
43	13
44	1
45	8
47	11
52	14
55	2
59	10
67	10
70	6
71	12
75	9
77	1
82	6
87	5
89	3
92	6
95	15
98	11
103	14
109	15
112	7
116	10
121	2
128	15
130	2
135	14
145	12
149	9
Market 182
2	6
6	3
10	6
11	12
12	1
15	10
17	7
22	10
30	3
33	11
38	13
55	15
64	1
74	3
83	4
87	10
90	11
94	6
95	11
99	1
109	7
112	5
124	7
135	10
145	8
148	9
Market 140
8	1
15	13
20	13
22	13
26	15
30	14
32	9
36	9
41	5
47	12
52	8
54	12
59	11
74	6
76	9
77	4
87	1
89	9
94	7
98	3
99	7
103	4
105	13
110	10
116	5
121	11
126	3
128	9
130	6
135	5
141	12
142	6
145	3
147	14
Market 108
1	2
8	10
10	5
12	5
17	8
19	3
22	14
26	5
30	7
32	1
35	10
43	11
47	3
50	2
52	7
55	15
59	7
68	12
70	4
74	7
77	11
81	7
83	9
92	5
95	7
98	9
111	10
121	8
124	8
128	14
132	14
135	3
142	3
147	9
Market 195
2	11
8	3
12	2
15	13
17	10
20	12
22	2
24	10
26	3
32	7
35	10
41	15
47	15
50	5
53	1
59	8
64	7
68	1
73	11
75	8
77	6
81	2
87	4
92	9
94	5
95	15
98	2
111	12
112	7
113	2
116	6
123	3
124	13
126	3
132	5
141	8
148	15
Market 163
1	1
2	10
4	11
6	1
12	15
17	3
23	15
24	9
25	8
26	11
27	10
30	8
33	7
35	14
36	15
38	3
43	6
45	1
47	11
53	6
54	2
55	10
59	5
60	9
64	5
68	5
70	7
71	3
74	1
75	1
77	10
80	4
81	3
82	4
83	15
89	15
92	15
94	5
95	8
98	8
99	8
101	11
102	14
103	6
105	3
110	15
112	13
113	7
116	2
117	12
118	5
119	15
122	9
123	13
126	6
128	10
132	10
133	10
135	3
138	2
140	11
141	11
142	11
145	10
146	6
Market 123
1	14
3	2
4	12
7	10
10	9
11	14
17	14
18	14
22	4
23	6
27	14
41	13
44	13
48	8
52	11
53	11
55	11
63	12
67	4
68	11
69	11
71	4
75	1
76	15
77	14
79	1
82	15
83	15
86	10
90	2
93	7
95	6
100	1
108	1
110	10
116	6
120	5
123	15
126	12
128	4
132	10
145	7
150	2
Market 71
4	8
6	14
8	10
10	5
12	2
19	8
20	11
22	7
26	1
27	8
30	12
32	7
35	7
36	3
41	8
47	11
52	13
55	7
73	14
77	8
81	3
83	11
94	1
95	15
101	11
103	6
104	1
109	5
110	7
121	8
124	13
126	8
130	11
135	13
139	3
142	13
145	13
147	15
Market 33
2	4
4	3
7	13
20	2
23	5
27	12
29	9
36	14
39	12
44	7
46	2
53	3
55	14
62	12
67	8
68	5
70	13
81	15
85	8
91	2
100	10
103	13
108	4
120	8
123	11
124	13
127	13
128	7
141	13
145	11
147	8
150	9
Market 173
1	2
4	5
7	9
10	2
11	8
15	5
16	15
18	2
20	15
25	15
26	13
29	4
32	4
40	5
46	13
48	7
50	2
51	3
53	13
54	2
70	11
74	7
75	15
76	7
81	6
82	4
87	7
89	3
90	10
91	10
92	8
93	15
95	15
98	5
99	12
100	11
103	8
112	15
115	7
118	15
119	10
122	7
126	3
129	8
131	2
132	15
138	2
141	13
147	12
Market 52
2	5
3	9
15	9
18	13
20	6
27	6
29	7
32	11
34	6
40	4
41	14
48	7
51	10
52	3
55	5
57	15
63	9
64	13
70	14
76	8
79	1
86	8
91	12
100	11
108	12
109	5
118	3
120	9
126	7
129	2
132	6
147	13
149	8
150	1
Market 149
1	4
7	1
10	13
20	2
23	12
27	7
36	5
48	6
53	4
54	8
57	10
61	10
62	10
89	2
90	9
103	11
106	7
107	13
112	8
115	12
117	13
123	11
126	10
129	3
134	3
141	2
144	8
146	14
147	5
149	14
Market 129
1	6
2	15
10	8
15	14
20	14
22	8
25	6
30	6
36	3
41	15
43	9
45	11
50	11
55	4
59	3
64	14
70	3
83	6
89	13
90	5
92	5
94	12
103	12
110	11
113	2
119	4
126	13
128	9
132	1
138	5
145	10
147	4
148	11
149	4
Market 7
2	14
3	9
5	2
6	11
7	5
8	10
10	1
12	14
15	12
16	14
17	2
18	1
20	12
22	11
23	6
24	2
26	10
29	2
30	7
36	4
38	8
47	3
48	11
50	1
54	9
55	11
59	11
64	13
69	6
71	13
74	3
75	14
76	14
79	9
81	4
82	9
83	4
86	13
87	9
89	8
90	4
93	9
101	15
104	14
108	11
109	6
110	13
112	2
116	9
118	4
130	2
141	9
147	15
148	15
149	13
Market 157
1	5
5	14
6	6
7	2
8	11
11	4
14	14
15	3
17	13
20	12
23	1
25	10
26	11
29	15
32	4
33	9
34	10
38	12
41	1
44	9
46	3
50	15
52	1
53	5
54	4
55	14
57	2
64	1
66	5
68	1
71	5
76	2
78	15
84	14
87	9
89	15
91	1
92	7
95	2
98	3
100	3
103	2
122	10
124	3
126	3
127	8
128	13
129	7
132	10
135	2
140	2
147	15
148	13
150	2
Market 78
1	11
2	2
4	14
7	13
11	13
12	8
18	1
22	3
23	11
32	1
35	5
43	5
45	14
48	9
51	8
63	12
64	11
69	15
71	14
75	15
76	9
85	12
87	11
92	7
93	12
103	8
109	13
110	7
112	3
118	13
120	13
124	12
126	3
128	4
132	13
141	15
145	3
148	5
Market 175
1	8
5	9
8	9
10	12
13	6
18	5
20	2
22	10
26	11
27	7
28	6
29	2
32	15
34	10
36	8
39	13
41	3
44	13
48	14
50	10
52	15
54	10
55	3
60	14
64	12
65	1
67	9
68	10
71	6
75	15
76	10
77	2
79	8
80	5
81	1
82	3
87	6
92	7
95	7
99	9
100	13
103	5
106	13
110	5
116	10
117	14
118	12
119	13
123	13
124	1
126	2
130	14
131	1
134	14
138	10
141	2
145	4
147	1
148	8
149	15
Market 76
1	11
4	1
6	2
7	14
8	10
10	14
17	9
18	2
25	5
27	2
29	12
30	6
32	12
34	6
38	4
41	5
44	11
45	14
52	4
53	4
54	7
55	2
57	11
64	1
67	9
68	15
71	15
75	2
76	10
77	9
81	8
87	14
90	8
92	4
94	5
95	9
100	6
103	14
109	3
110	1
121	11
124	7
127	4
128	10
130	2
132	11
138	2
141	15
145	1
150	10
Market 180
1	9
2	8
4	1
6	10
8	11
9	13
10	9
16	11
17	14
24	11
25	15
28	15
30	4
34	11
38	3
41	13
44	5
45	1
48	5
54	11
55	13
60	3
68	3
70	2
74	3
77	10
94	7
95	13
97	7
99	3
105	4
109	1
110	15
112	8
113	2
117	13
119	3
122	4
124	8
128	4
131	15
133	14
135	3
138	2
141	14
146	8
147	8
149	3
Market 130
2	14
6	13
11	7
13	2
27	11
30	6
38	9
41	7
48	6
50	3
54	11
60	12
65	15
68	11
78	13
81	1
92	12
95	3
97	3
105	8
117	7
122	9
131	5
137	10
138	7
141	7
149	15
Market 200
2	12
8	1
25	8
27	11
30	14
38	15
40	4
45	6
48	4
52	5
53	12
59	7
64	9
67	15
68	8
70	2
71	12
80	15
82	13
89	6
94	7
98	5
101	14
103	9
110	10
116	13
117	13
123	11
126	2
128	7
132	2
135	9
149	3
Market 198
2	5
6	2
10	3
12	8
15	13
20	10
24	1
26	8
33	12
41	3
43	6
47	5
52	9
54	1
59	8
68	7
74	13
76	5
77	7
81	5
83	3
90	9
92	14
94	4
99	7
103	3
105	3
110	5
113	8
116	8
119	14
131	11
132	7
136	1
140	11
145	4
148	3
149	3
Market 27
1	12
2	1
4	2
13	12
16	2
17	3
20	9
24	15
26	15
28	12
30	3
32	9
34	4
36	1
41	3
50	1
53	5
54	15
55	3
60	15
70	9
74	8
76	1
87	1
94	12
103	15
105	6
110	12
112	2
114	3
119	7
122	10
124	7
140	10
143	10
149	2
Market 141
1	4
6	10
10	13
14	3
16	12
20	7
23	8
24	10
25	15
28	14
30	15
32	12
36	4
39	4
41	13
48	9
53	1
55	6
57	1
68	12
71	4
81	14
83	13
93	10
95	5
100	13
103	12
106	13
110	9
112	3
115	5
119	15
123	14
129	1
138	10
144	8
146	2
149	3
Market 99
4	5
5	12
6	3
7	1
12	14
14	10
15	4
16	4
17	4
18	4
23	9
25	10
29	10
34	6
38	9
41	14
46	4
50	12
51	6
57	9
59	10
64	7
67	6
68	4
81	4
87	3
89	8
92	2
93	1
103	4
108	8
109	3
110	11
116	10
118	6
120	4
123	1
124	4
128	11
129	3
131	9
132	13
135	14
141	14
147	10
148	11
Market 87
1	2
6	4
8	14
10	3
16	12
18	6
23	10
24	9
25	3
26	13
32	10
33	9
41	3
47	11
48	8
50	7
53	13
67	4
80	15
89	14
90	1
92	6
94	5
95	8
98	13
103	8
105	1
110	2
111	11
116	14
118	9
123	13
124	5
126	15
130	3
141	11
145	2
147	14
Market 90
4	2
6	7
8	9
11	10
15	7
17	8
20	6
23	2
24	1
27	11
30	4
33	15
36	2
43	8
45	14
48	14
54	7
60	14
64	5
68	5
70	14
76	10
81	3
83	6
87	1
90	3
92	10
99	8
110	12
112	2
117	8
122	3
124	6
126	3
131	4
132	5
133	7
137	15
146	9
148	5
149	1
Market 166
6	7
8	2
10	5
11	9
12	14
22	9
23	11
24	2
26	12
32	1
41	5
44	6
45	6
47	15
48	4
52	5
53	11
54	14
55	9
64	7
68	11
71	10
73	2
75	14
77	7
83	10
89	3
92	9
95	14
103	1
104	8
109	12
110	4
112	3
113	12
116	7
121	9
123	4
126	13
128	14
130	13
135	15
149	4
Market 96
2	14
4	8
7	6
10	3
11	10
16	2
20	8
23	2
25	5
27	6
28	12
32	11
34	10
36	11
39	11
41	15
44	11
46	1
51	8
54	15
71	2
76	6
78	10
81	4
89	15
92	5
95	2
97	5
100	4
106	6
112	4
117	12
119	13
123	1
126	11
132	4
135	8
141	9
148	14
150	2
Market 103
1	4
2	8
8	1
10	3
11	1
12	7
17	14
24	1
30	7
33	15
45	8
47	5
52	1
59	15
70	3
90	1
92	3
99	6
102	3
103	14
113	1
119	10
128	14
136	10
140	8
142	13
148	6
149	5
Market 188
1	14
9	3
11	1
17	10
20	9
23	3
24	3
25	15
28	9
30	3
32	13
36	9
48	8
50	2
60	14
65	10
70	5
76	5
87	11
89	1
99	12
103	3
112	11
117	7
122	7
123	10
124	15
126	1
132	14
133	1
137	9
138	6
140	14
141	15
143	9
146	7
Market 53
1	3
4	10
6	12
8	3
10	3
12	8
20	3
22	13
24	15
27	7
41	13
43	3
47	10
50	9
52	12
55	2
64	8
68	4
70	14
76	10
77	8
87	3
90	2
94	2
105	2
112	13
113	7
119	2
122	7
124	2
126	14
128	15
131	7
140	15
145	3
146	11
148	6
Market 41
2	11
4	11
7	15
16	15
17	8
20	1
25	6
27	12
32	4
36	10
40	10
41	12
44	13
46	10
53	13
62	7
67	10
75	4
79	14
81	9
85	5
89	10
90	1
95	15
103	12
108	13
110	14
112	9
115	9
118	10
119	13
120	8
123	3
124	4
127	11
135	5
138	6
141	14
147	10
148	15
149	8
150	13
Market 183
7	14
9	13
10	9
11	4
16	1
18	1
25	1
26	11
28	3
36	9
40	15
44	5
46	5
48	11
54	7
55	3
57	1
61	8
65	5
68	11
70	2
71	3
74	15
81	7
83	13
89	15
92	12
95	2
100	8
103	7
106	4
110	9
112	12
116	2
118	14
119	8
123	8
124	5
126	15
128	14
134	3
135	11
138	8
144	5
148	8
149	9
150	13
Market 21
2	7
4	11
7	1
10	13
19	12
24	8
26	5
27	3
30	2
32	2
34	3
36	1
41	6
44	3
45	5
47	7
50	2
52	3
53	6
57	4
59	11
64	11
68	13
75	12
77	2
81	2
89	14
90	5
92	9
93	8
94	1
95	9
99	10
109	14
111	7
112	7
116	13
119	2
124	6
128	4
132	11
135	14
138	7
141	11
148	3
150	1
Market 150
4	14
6	7
8	12
10	6
17	8
25	5
27	3
30	1
32	1
40	7
45	4
47	11
50	6
52	15
59	9
70	14
72	3
75	15
77	12
81	6
92	6
95	3
98	9
101	7
104	14
112	7
113	12
126	13
128	9
132	1
145	2
147	15
Market 20
2	14
7	12
15	4
18	9
37	4
44	11
46	11
53	3
67	1
71	9
76	11
82	2
91	1
98	2
100	5
108	1
116	9
123	6
124	13
127	11
128	15
135	3
141	5
145	12
Market 156
2	14
6	6
8	9
15	8
17	3
20	12
26	15
30	4
41	8
45	5
50	11
53	6
55	13
60	4
64	11
74	5
76	7
77	13
81	11
83	5
87	12
90	13
95	11
96	14
102	14
105	12
112	11
113	7
117	7
122	15
124	5
128	11
131	7
132	11
133	9
135	12
137	7
142	2
145	7
148	14
Market 4
1	11
4	13
7	8
10	9
14	7
16	15
17	15
20	14
23	14
25	6
27	12
29	2
34	5
40	12
41	14
46	2
48	2
51	12
55	7
62	9
67	12
68	3
71	8
82	11
91	11
98	12
100	2
110	1
112	7
123	1
124	5
126	15
129	3
132	10
135	4
141	5
150	5
Market 77
1	6
2	7
4	8
6	11
9	2
10	7
11	12
20	14
26	1
36	10
45	1
48	1
53	14
54	3
56	2
74	2
77	12
81	6
83	15
87	6
90	7
92	3
97	1
99	12
103	9
110	9
117	1
126	8
128	7
131	12
132	5
148	4
149	1
Depot
