CapEuclideo.350.150.5.5
Total Cost:264823
|M*|: 349
Depot
Market 50
2	14
4	14
13	6
15	12
16	9
19	7
21	10
31	6
33	12
40	14
41	14
46	1
48	10
54	14
58	9
60	10
61	6
62	9
65	15
69	10
70	12
73	9
77	1
83	8
89	5
92	1
98	7
105	6
109	7
112	10
119	14
128	6
133	9
137	3
140	12
148	6
Market 197
1	2
2	11
3	11
4	10
8	9
11	12
15	8
21	8
22	6
25	3
26	6
31	6
32	2
39	15
42	9
45	15
52	1
60	2
62	6
66	8
67	8
70	7
72	9
74	13
77	14
79	7
81	14
85	10
97	10
104	6
106	13
108	7
120	13
121	8
124	12
126	2
128	11
134	11
136	6
139	3
145	2
Market 201
3	9
5	11
9	14
10	11
12	3
17	1
21	4
24	14
26	6
32	4
33	6
38	1
42	2
43	3
44	9
51	1
52	2
57	1
59	13
60	15
62	1
65	10
67	11
72	3
73	3
79	4
82	8
86	1
87	9
104	2
109	8
113	8
116	1
118	13
121	8
125	1
129	15
131	6
136	2
139	9
145	1
146	10
148	6
Market 115
3	6
5	6
12	2
16	11
17	13
19	6
27	3
33	15
38	14
40	6
44	12
46	13
48	5
51	13
53	7
57	13
58	11
59	14
61	7
64	13
65	9
66	12
67	2
70	7
73	6
74	11
77	1
78	3
79	6
81	12
83	5
86	4
91	10
93	2
98	6
99	4
101	11
105	13
106	7
109	6
111	15
112	3
115	3
118	10
120	2
124	4
126	4
129	8
131	4
132	10
133	8
137	1
138	2
140	10
144	12
145	13
146	5
148	1
149	15
Market 153
10	10
25	12
36	12
41	7
44	10
45	5
49	3
58	11
60	15
61	6
62	6
67	6
70	14
73	5
74	7
76	8
79	6
81	3
84	12
87	13
90	3
93	9
96	9
98	8
101	9
104	6
106	15
110	11
113	11
115	15
121	11
124	4
126	10
128	12
132	10
134	5
138	6
140	5
142	13
147	2
148	10
Market 244
2	8
8	7
10	5
17	3
21	9
24	6
31	15
32	3
36	10
38	6
40	7
41	1
44	3
50	8
51	3
52	11
59	15
60	10
61	3
62	12
63	15
64	12
65	1
67	2
73	4
83	6
86	7
106	5
112	12
115	5
125	4
144	10
145	1
Market 341
2	11
12	11
13	12
16	2
19	13
30	11
34	9
35	11
41	14
42	12
44	7
45	7
46	15
49	13
51	15
54	1
64	6
65	13
67	7
69	14
70	11
71	4
77	12
78	10
79	9
104	8
106	5
109	2
112	15
113	14
115	8
116	8
119	3
121	7
127	9
128	12
129	14
136	10
137	6
139	1
145	7
146	3
148	15
Market 162
1	8
5	13
11	10
14	9
15	13
19	11
21	4
26	9
27	15
30	4
33	10
43	7
45	11
48	4
49	15
53	8
57	7
59	4
61	13
62	14
67	11
79	1
83	10
88	14
92	2
98	5
102	10
105	2
109	8
121	2
128	14
131	5
140	13
143	11
146	9
Market 56
3	6
11	14
21	6
33	13
38	7
51	15
58	6
59	1
64	7
69	9
70	13
81	3
85	10
94	9
97	9
102	14
104	13
111	11
112	2
113	3
116	4
120	13
121	2
125	6
127	2
129	10
136	5
145	4
Market 3
1	8
4	11
5	4
6	15
11	1
12	1
14	3
17	7
19	10
21	11
23	9
24	12
26	10
29	4
31	4
33	3
36	12
39	12
40	10
42	10
44	7
48	5
52	11
53	15
59	4
61	15
62	11
64	9
65	6
66	5
68	15
74	15
78	6
81	12
85	5
86	11
89	14
93	11
96	1
98	14
102	12
103	3
106	9
107	15
110	4
113	7
115	10
119	3
120	4
126	9
128	11
129	5
132	5
136	1
137	9
138	2
141	2
142	10
144	4
145	6
146	2
149	8
Market 82
5	8
8	4
11	8
12	11
15	9
16	10
17	15
21	2
22	10
23	1
27	8
32	3
33	10
36	5
37	6
39	12
42	10
43	12
49	3
51	3
60	4
61	11
62	8
67	13
69	6
72	4
77	4
86	13
95	6
98	5
105	10
112	7
113	3
125	11
128	8
131	12
133	10
137	5
143	5
146	12
Market 106
1	13
2	12
5	7
7	6
8	11
12	8
15	14
17	4
21	4
24	6
29	15
31	13
36	10
37	11
40	14
41	8
42	2
46	10
53	5
57	2
59	5
60	10
62	14
65	9
83	13
86	8
87	4
103	15
105	5
109	5
112	13
121	12
125	4
128	9
131	1
144	3
147	5
148	5
Market 221
5	2
8	1
10	14
17	6
21	15
25	3
31	11
32	7
37	12
40	12
41	14
42	15
44	3
45	10
49	12
59	5
61	15
79	8
83	12
92	1
94	3
98	13
102	11
103	8
111	10
112	9
132	10
136	10
139	13
142	12
145	7
148	15
150	14
Market 302
1	3
2	8
8	14
15	6
22	6
32	11
37	2
41	15
42	8
44	10
46	6
48	15
51	10
57	7
59	5
60	6
62	7
68	5
70	1
73	6
77	9
81	12
87	4
89	5
92	6
96	3
97	1
98	7
99	3
106	15
110	8
112	1
116	3
120	8
127	7
129	9
132	12
134	11
136	1
138	7
140	9
142	1
145	4
147	13
Market 78
2	12
10	8
15	5
22	3
24	14
38	4
42	2
43	3
48	12
52	4
58	2
59	10
69	11
70	1
85	12
91	15
92	12
97	9
113	2
116	3
126	9
128	2
132	13
133	4
134	6
135	3
138	14
139	1
147	4
Market 350
5	8
9	7
15	6
16	7
21	13
25	10
26	14
30	4
31	3
33	9
38	10
39	3
44	1
45	12
51	11
58	5
60	11
61	14
64	13
66	2
67	8
70	1
73	10
77	13
81	2
83	15
86	6
92	1
96	9
103	7
105	7
106	11
109	1
115	10
116	14
121	9
123	7
131	9
133	8
138	2
140	12
145	11
146	12
147	8
148	14
149	3
Market 146
3	7
5	11
8	10
15	9
16	6
17	14
20	6
22	8
24	2
32	2
33	11
39	12
44	6
45	7
49	8
50	14
52	9
58	3
60	9
67	10
70	2
79	11
85	6
101	13
104	6
116	15
121	2
124	7
129	4
139	10
145	11
149	12
Market 102
23	15
36	1
44	11
45	1
46	15
49	11
57	2
58	11
62	7
67	14
69	2
70	13
76	15
79	12
81	10
85	10
87	4
92	2
94	4
104	8
111	9
113	7
116	12
120	2
121	13
125	14
127	6
136	7
147	4
Market 278
1	11
4	11
11	15
12	14
15	5
16	10
17	4
19	2
21	13
23	11
24	10
26	4
27	9
32	4
37	1
41	4
44	3
47	6
48	5
49	4
52	13
57	4
59	12
60	14
61	1
64	4
65	4
67	9
70	3
77	4
78	10
81	2
89	8
92	15
103	10
109	13
115	4
119	2
121	5
133	8
137	12
146	4
Market 126
8	4
12	14
22	8
24	13
30	11
33	13
34	14
39	5
41	5
44	4
49	8
53	11
59	2
62	10
64	11
69	1
70	5
98	6
102	1
104	4
113	7
121	15
125	13
129	15
142	5
Market 40
1	13
2	13
12	12
16	5
17	5
19	4
23	4
24	15
32	15
36	11
41	8
42	14
46	11
48	11
53	2
59	13
60	7
61	6
64	3
69	12
73	13
81	2
87	15
89	4
92	9
93	13
96	12
98	11
103	7
106	14
109	7
112	11
113	1
115	11
119	8
126	1
128	14
129	11
133	9
137	2
140	15
144	10
145	14
148	7
Market 311
1	8
2	13
4	12
12	5
16	12
21	3
22	1
31	5
33	11
39	6
40	10
42	7
44	3
45	6
46	14
49	11
51	9
52	14
53	7
58	13
60	9
62	13
64	13
65	11
67	14
73	11
81	2
85	5
91	9
94	14
101	14
103	4
106	9
120	2
121	12
126	1
129	1
132	5
135	13
147	14
148	1
149	10
Market 315
5	11
6	11
10	4
13	11
15	2
16	7
21	6
30	4
31	14
32	14
34	8
36	12
40	11
45	11
46	8
48	13
49	8
52	3
59	5
61	10
64	9
65	1
66	10
69	3
72	1
79	6
94	5
102	1
106	1
110	2
112	9
116	9
122	10
125	2
129	3
133	10
137	6
143	9
146	11
147	11
148	3
Market 277
1	5
2	7
8	12
10	6
15	12
23	9
30	11
31	3
37	5
39	4
42	12
49	8
51	15
59	1
61	14
64	13
67	11
69	2
70	6
72	11
74	12
77	7
88	9
91	7
95	2
101	6
104	4
105	8
109	1
111	3
112	12
116	3
118	14
121	10
124	5
125	7
132	9
133	7
139	9
142	9
143	15
146	8
149	2
Market 28
1	12
7	3
15	11
16	8
24	9
30	3
31	5
32	11
33	15
34	2
39	1
41	14
44	12
49	13
51	3
57	9
59	8
60	15
61	3
67	9
78	14
81	12
83	8
87	13
94	10
98	3
109	4
113	7
115	13
119	4
121	3
128	12
144	4
Market 160
7	1
8	8
15	13
16	11
19	4
22	14
23	13
24	5
26	4
27	12
31	11
41	4
42	1
44	8
45	9
46	11
48	10
49	7
58	3
59	5
60	14
67	5
70	10
85	1
87	7
94	6
102	5
106	11
116	10
120	9
121	14
125	5
127	11
129	8
132	14
136	15
142	11
145	11
Market 87
2	11
14	15
15	10
16	15
21	15
23	15
41	10
51	7
59	3
62	9
65	9
77	3
79	5
87	6
104	13
108	4
111	15
113	13
120	1
124	9
125	8
126	8
128	15
133	7
135	2
139	15
142	10
145	2
147	11
Market 266
3	7
15	14
16	8
19	9
21	4
25	14
26	6
38	4
39	13
41	5
45	5
46	5
48	4
49	4
52	11
57	12
60	13
65	8
77	3
80	5
81	6
89	12
105	1
109	12
113	5
115	2
119	5
121	6
128	11
133	4
148	4
Market 333
2	6
17	2
19	2
21	15
26	1
27	7
33	13
34	11
36	11
40	10
41	4
42	10
44	15
45	5
46	6
48	9
52	1
53	11
60	4
61	10
62	12
66	15
73	12
74	2
78	15
79	9
84	3
87	14
91	10
93	9
94	8
100	5
103	10
104	11
106	14
110	10
113	1
120	12
121	10
126	1
128	13
129	8
132	13
138	15
141	4
145	1
146	5
148	4
Market 121
2	6
8	13
10	2
15	2
16	7
21	13
24	14
41	14
42	3
45	11
46	13
49	10
52	15
59	15
60	12
64	13
65	14
67	9
69	14
72	13
73	4
79	14
82	12
87	2
92	10
94	5
98	4
104	15
108	11
112	7
113	15
121	5
125	7
129	3
136	8
139	9
147	1
148	14
Market 316
2	2
6	15
19	5
23	2
24	5
31	11
34	2
41	1
44	13
45	2
49	15
60	10
70	5
81	2
84	12
87	11
94	12
97	12
113	4
116	5
121	3
132	5
134	8
138	7
145	7
Market 122
1	15
3	6
4	12
5	15
11	1
12	2
15	2
17	11
22	8
23	13
24	13
26	4
27	4
32	9
34	12
36	2
40	14
41	8
46	11
58	14
61	2
62	11
64	6
70	9
78	10
79	15
81	2
87	9
90	9
94	14
96	5
100	6
103	5
106	2
110	9
113	6
116	14
123	15
129	5
132	9
138	11
141	7
146	5
147	2
148	14
Market 124
2	7
4	15
7	11
8	2
12	6
16	10
19	3
23	9
24	7
30	7
31	6
36	2
42	5
46	12
48	11
52	6
53	14
58	4
62	11
69	9
75	1
79	13
85	4
91	8
97	6
102	12
104	2
113	4
116	8
124	12
129	1
132	15
136	1
139	4
145	2
Market 265
2	4
7	12
15	12
16	10
19	3
20	11
22	10
24	9
30	7
32	8
36	10
41	7
46	1
60	12
61	14
62	5
69	3
77	5
81	13
83	5
97	10
98	5
101	13
102	13
104	15
113	15
115	14
116	1
121	5
125	11
132	7
134	8
136	10
139	12
143	10
146	9
147	8
148	15
149	5
Market 188
1	2
2	12
5	1
13	9
16	14
17	10
19	1
21	6
22	5
23	7
24	10
27	5
30	5
35	2
41	14
44	6
49	6
53	1
55	11
61	10
64	9
68	7
78	12
81	13
87	8
89	3
94	2
96	9
99	6
102	9
103	11
106	3
110	14
115	1
119	12
126	3
128	10
132	13
137	8
139	2
144	5
146	5
Market 326
4	3
5	15
8	14
15	8
16	6
23	15
30	13
32	8
34	4
36	13
39	9
41	15
42	8
52	13
58	15
60	7
64	6
69	4
78	6
98	11
104	13
106	14
112	8
116	9
121	13
122	4
128	7
132	7
141	9
Market 55
1	7
4	5
5	9
7	12
8	3
16	4
17	13
19	5
21	5
22	14
24	4
27	15
33	14
34	10
36	13
37	5
41	13
44	1
46	3
49	1
51	14
59	11
60	3
62	15
64	9
66	3
67	10
68	1
69	12
77	12
79	2
80	7
86	14
87	7
89	8
90	3
92	11
94	4
96	8
98	3
100	4
103	1
110	2
112	8
115	7
120	3
121	9
125	1
126	7
133	7
140	13
144	13
145	14
146	2
148	11
Market 84
2	2
7	11
8	11
12	9
15	5
24	12
31	3
33	6
37	3
41	4
42	7
43	10
49	6
57	10
58	7
62	5
66	4
67	5
68	14
73	2
77	8
80	9
87	11
90	11
92	4
98	7
105	4
109	6
110	15
113	12
119	4
128	3
129	6
131	11
133	11
134	4
138	12
140	11
146	12
148	12
Market 186
1	4
3	9
5	8
8	13
10	13
14	13
16	9
17	8
19	10
20	15
21	1
23	8
24	10
30	11
32	15
36	7
37	6
38	11
42	11
44	6
45	11
49	14
52	8
53	7
60	1
61	11
64	6
65	5
69	5
77	3
80	2
81	15
89	5
92	4
98	15
103	9
113	11
115	4
119	8
121	12
125	12
128	9
131	3
137	7
140	13
Market 255
2	2
3	13
8	15
9	15
12	5
19	6
22	10
24	10
26	14
32	11
39	1
41	8
42	7
46	14
48	4
52	11
58	12
61	13
62	2
64	13
85	14
92	6
94	14
98	5
106	5
111	3
112	1
116	6
120	9
124	11
128	3
129	13
136	6
145	8
146	2
150	4
Market 123
5	13
6	3
12	1
15	11
16	15
17	10
19	9
21	13
23	11
30	2
31	9
34	4
36	2
45	14
48	6
49	8
53	12
59	11
62	11
64	3
65	4
67	3
70	3
73	13
77	15
79	5
80	15
83	1
92	10
94	14
96	14
103	11
105	10
106	6
109	1
113	11
128	2
131	4
132	3
146	15
147	7
Market 83
1	13
5	4
14	7
15	15
16	4
17	2
21	10
22	14
23	2
31	14
36	14
39	9
40	9
41	11
42	10
44	4
46	9
48	14
49	8
54	14
57	11
61	15
62	1
66	7
67	13
68	4
70	1
73	12
74	7
79	12
83	2
84	5
85	10
87	8
94	12
97	11
101	4
104	4
106	13
111	6
112	2
116	11
124	10
138	5
145	2
148	9
Market 31
2	13
4	6
12	11
16	6
19	3
21	1
22	11
23	15
26	3
27	11
30	15
31	1
33	9
45	12
46	15
49	6
52	6
57	2
59	1
60	15
67	10
70	5
77	9
81	10
82	6
83	5
85	7
87	3
89	8
92	10
94	4
96	6
98	13
102	2
103	12
105	6
106	3
108	9
109	1
112	13
113	14
114	3
118	2
119	8
125	2
128	13
131	4
133	15
140	11
142	8
143	9
144	1
147	14
148	11
Market 26
1	11
2	15
5	15
8	14
15	13
19	4
21	11
30	1
31	6
32	8
33	2
34	10
39	4
41	2
42	7
44	7
45	6
46	8
51	13
59	6
60	14
62	6
64	11
65	3
69	2
73	11
77	5
79	12
81	9
87	7
88	9
92	10
94	7
95	15
98	4
102	15
103	15
104	15
105	3
106	8
112	3
115	8
118	15
120	7
128	12
129	9
133	14
136	11
142	15
148	14
Market 163
4	8
9	3
15	3
16	1
19	8
21	13
24	14
30	3
32	5
34	13
36	14
37	14
40	12
41	12
45	4
46	5
49	12
58	8
60	1
66	9
67	2
69	6
70	13
74	14
92	3
94	14
102	8
106	8
113	8
116	10
121	15
124	4
125	14
129	5
132	3
134	13
138	9
142	10
145	1
147	10
149	1
Market 300
1	14
5	2
11	13
16	5
19	8
21	3
22	3
24	11
26	1
34	11
36	6
41	10
48	14
49	4
52	11
53	4
62	14
65	13
69	9
73	10
77	4
80	15
83	1
87	15
92	12
95	13
103	4
105	7
115	11
121	5
129	4
133	8
137	2
140	3
144	2
145	12
146	2
Market 213
1	3
4	10
12	4
16	10
19	11
27	2
28	1
30	12
34	9
39	6
40	15
44	9
45	7
48	7
49	9
61	7
64	4
67	12
69	12
72	14
73	4
77	10
80	8
81	11
83	3
86	15
88	15
95	3
98	5
103	7
112	14
114	13
118	10
121	11
125	10
128	6
139	11
143	6
144	2
146	2
147	3
Market 324
2	11
3	12
16	4
19	2
22	4
24	9
32	1
37	8
42	4
44	9
45	9
46	11
48	2
51	3
57	12
59	3
73	3
81	6
83	4
86	9
87	7
96	3
103	2
109	12
112	11
115	9
116	15
119	3
128	15
148	9
Market 264
4	8
5	8
12	8
15	11
21	5
22	2
24	6
27	5
30	15
39	3
42	1
44	1
48	7
53	5
62	9
64	11
65	2
67	9
69	8
79	8
86	12
88	7
102	6
105	14
109	15
118	11
121	3
125	6
128	15
133	15
137	12
146	3
147	2
Market 248
2	8
6	11
10	15
15	7
16	8
19	5
21	12
22	5
31	4
33	5
37	2
39	10
42	12
51	9
52	4
58	12
62	8
64	2
66	6
67	5
68	9
69	5
74	11
79	9
84	6
87	10
94	14
104	5
106	14
111	2
113	3
128	9
134	8
141	3
145	1
149	5
Market 239
3	11
6	9
7	9
8	5
12	6
15	11
17	13
21	6
31	7
32	13
34	15
36	5
40	1
44	15
45	12
49	4
56	8
57	4
58	8
62	14
65	11
73	6
78	5
79	6
81	13
86	6
87	13
89	11
93	8
94	8
96	13
99	5
100	10
115	8
120	6
129	2
131	3
132	10
133	7
134	15
141	3
144	10
146	2
Market 99
1	13
8	8
10	7
16	10
21	9
24	12
25	7
31	6
36	6
38	12
41	12
42	11
49	9
51	5
59	8
60	10
65	1
88	5
102	5
118	13
125	10
133	15
137	12
139	15
145	11
146	10
147	3
Market 158
4	8
5	10
12	13
15	2
22	3
26	3
27	15
31	3
32	11
33	12
34	9
39	5
40	8
44	12
52	12
68	11
70	11
87	9
91	6
97	13
111	7
113	11
116	12
124	5
126	8
147	4
149	6
Market 119
12	1
13	12
21	3
22	2
27	10
34	5
36	15
39	8
42	4
49	15
52	5
53	10
55	2
58	8
60	2
64	7
68	9
73	4
78	7
81	3
87	2
89	13
93	9
98	11
99	9
102	10
104	2
106	1
111	4
115	2
119	7
120	14
124	8
126	11
129	7
132	15
133	10
136	11
140	4
144	11
147	12
Market 85
3	3
11	10
15	1
16	10
26	15
31	5
38	9
46	14
51	13
60	1
67	10
69	4
76	14
87	14
102	8
104	11
116	9
145	15
150	13
Market 295
2	1
8	12
9	4
11	5
12	9
15	6
17	8
20	1
21	6
22	14
25	4
27	12
31	3
33	12
34	15
36	5
38	14
39	7
42	5
44	12
52	6
59	13
64	4
67	8
69	1
73	10
92	7
95	13
103	12
112	4
113	3
115	12
128	1
129	13
131	7
145	3
147	11
Market 139
3	4
8	12
13	12
24	14
36	9
37	5
38	9
39	13
44	1
46	12
54	8
64	4
65	3
69	13
70	12
73	15
78	5
81	7
83	7
90	4
93	8
94	4
99	10
100	2
102	7
106	10
110	6
115	12
120	14
126	6
134	3
138	3
146	11
Market 262
4	7
5	14
11	2
17	7
19	3
21	6
26	15
30	1
32	3
34	5
36	10
39	12
41	7
42	13
45	13
58	8
59	14
60	4
61	5
62	15
64	9
65	7
67	2
69	4
70	4
71	3
77	3
85	3
87	4
92	14
94	10
102	5
106	12
111	13
113	6
127	7
132	14
136	4
142	10
147	11
Market 19
10	8
16	14
20	1
31	7
32	13
36	9
42	14
45	15
46	13
49	3
51	11
57	4
64	11
65	7
69	8
72	15
77	11
79	1
80	6
83	2
85	12
87	4
89	13
94	10
95	7
98	5
103	1
105	5
108	2
109	14
112	10
113	2
115	11
119	7
120	6
121	5
128	6
131	3
137	2
139	2
140	5
Market 331
5	10
8	13
12	1
17	5
21	15
24	13
31	8
32	11
34	12
36	14
41	12
42	14
44	9
45	13
49	13
61	4
62	11
66	7
67	8
69	11
70	2
77	8
78	1
79	14
86	7
90	7
92	11
94	13
98	13
103	5
104	2
110	9
112	13
115	4
121	14
122	5
125	8
127	8
129	7
132	9
134	6
136	12
139	4
141	2
142	10
145	11
Market 335
3	12
4	4
8	12
9	12
15	8
21	8
23	8
24	12
25	4
30	8
32	9
36	13
38	7
39	9
42	10
46	4
49	6
58	10
60	6
61	3
62	9
64	4
67	2
70	8
85	14
87	13
92	11
94	10
96	6
98	9
104	14
107	6
110	8
113	1
115	11
124	3
126	14
129	9
136	3
138	9
146	7
150	10
Market 150
2	3
5	10
8	10
10	10
12	7
16	11
17	13
22	7
26	2
27	4
31	9
33	7
34	6
37	6
39	13
42	4
44	3
46	3
52	6
53	10
59	1
60	7
62	4
64	11
67	3
69	2
79	3
85	10
87	6
94	10
105	5
108	12
112	14
114	7
118	6
121	9
125	10
137	9
143	5
147	15
Market 317
5	3
16	1
17	12
22	13
32	13
48	11
52	7
58	8
61	15
62	8
64	11
65	9
67	1
68	11
74	3
77	1
83	11
84	3
87	1
91	1
95	1
98	15
104	15
106	7
112	13
119	10
123	2
126	13
131	5
134	3
137	1
140	15
144	13
148	6
149	13
Market 118
2	4
10	11
15	4
16	5
19	10
21	15
26	8
27	15
31	15
32	13
37	7
41	11
43	14
44	2
45	7
49	6
51	11
52	5
57	13
58	4
59	15
60	8
61	2
64	7
67	7
73	14
77	4
83	15
86	2
87	7
89	9
92	10
98	6
103	7
109	14
112	12
113	1
119	15
121	3
125	11
128	3
129	4
131	1
133	13
137	10
140	7
144	11
147	13
Market 93
2	9
5	8
15	11
22	1
23	14
24	1
26	2
34	1
36	13
39	2
41	14
45	1
48	13
49	11
53	14
59	6
65	4
66	11
67	14
70	12
73	10
78	10
79	15
81	7
87	11
92	11
94	12
98	15
99	6
106	1
108	11
112	3
113	5
116	12
118	8
120	5
121	1
122	7
126	13
128	2
129	5
132	13
137	12
138	14
141	14
Market 249
4	12
12	12
15	14
17	11
26	10
27	15
39	12
45	12
47	2
57	11
62	7
65	1
67	9
69	10
83	6
86	8
89	6
92	5
95	5
102	1
103	15
105	3
119	14
121	12
128	1
131	10
133	10
137	1
146	9
148	2
Market 68
12	12
15	6
22	15
23	2
24	3
28	8
30	11
34	9
39	4
44	5
48	12
51	13
52	8
62	6
64	14
67	6
79	7
87	5
94	4
98	3
104	3
113	9
127	9
Market 329
1	13
6	6
8	1
11	10
17	4
19	15
21	6
23	15
27	2
30	3
31	8
33	6
34	1
39	8
43	10
44	15
47	8
49	13
57	11
59	7
60	14
64	4
67	2
69	12
70	3
75	3
80	15
85	6
94	6
97	10
98	12
102	14
105	4
119	7
120	7
121	10
129	12
132	14
133	7
136	15
140	12
142	10
144	15
148	11
150	6
Market 330
1	10
13	13
14	5
15	4
19	12
21	2
22	14
31	10
34	4
40	14
44	8
45	1
51	11
54	13
59	9
60	5
67	6
69	10
77	5
81	8
85	14
104	9
113	4
116	15
125	4
127	15
128	6
129	8
139	10
145	7
147	2
Market 338
2	1
4	11
7	6
15	8
23	9
31	15
36	9
43	9
45	2
46	13
52	3
57	2
58	13
68	12
69	7
78	7
79	8
81	8
90	7
92	6
103	10
110	4
123	1
126	15
139	10
141	7
145	14
147	3
148	1
Market 206
5	15
16	8
25	1
26	11
32	12
34	5
38	13
40	8
42	6
51	12
52	4
60	4
62	5
64	11
65	9
67	10
78	7
81	3
92	1
94	3
102	2
104	7
107	11
117	10
143	14
Market 168
2	12
9	6
10	3
12	8
15	9
21	3
22	11
38	4
42	5
44	1
48	13
53	10
60	14
66	1
67	15
81	12
87	5
104	8
106	15
116	6
120	1
126	3
145	4
Market 298
2	13
7	13
15	3
20	9
23	9
27	2
32	10
37	4
46	14
48	5
49	2
62	9
67	3
69	1
73	4
77	8
79	11
82	15
87	15
102	5
104	4
105	2
113	6
114	5
118	3
121	1
125	6
127	12
128	13
136	11
137	5
142	11
146	13
Market 308
12	3
14	4
16	12
19	15
20	12
30	7
31	14
36	12
39	15
40	2
41	10
42	7
51	4
67	4
71	9
79	10
85	15
87	15
94	9
98	13
104	15
112	10
113	2
121	8
125	5
127	5
136	14
139	6
147	13
Market 283
6	4
7	9
14	3
15	10
16	4
18	5
19	15
22	14
23	13
30	14
35	1
44	3
48	5
59	14
61	8
62	7
65	5
67	3
80	2
95	14
98	2
105	15
112	3
125	9
131	1
137	4
140	2
Market 38
1	8
3	15
6	1
10	10
11	4
15	4
16	2
18	1
21	10
24	5
26	9
30	15
32	2
35	15
40	1
41	6
43	5
44	8
45	1
46	6
49	14
55	4
59	2
61	15
68	5
69	10
70	12
86	4
89	10
95	15
96	12
109	8
110	2
112	1
113	4
125	8
128	9
129	7
144	7
148	5
Market 76
1	13
6	6
7	11
13	15
23	1
30	9
35	6
40	9
44	4
55	5
60	6
73	8
78	2
81	11
83	14
87	3
90	9
96	11
99	6
106	8
116	8
121	12
128	4
141	11
145	1
147	15
148	11
Market 304
4	9
12	4
16	14
30	15
33	12
34	6
36	2
39	15
41	2
44	2
45	8
52	6
58	8
83	8
87	9
94	6
110	6
116	5
120	9
132	4
134	9
Market 104
1	6
16	12
17	6
23	3
43	6
44	6
49	4
59	9
60	5
62	2
67	15
69	12
82	13
85	14
87	14
92	15
104	11
113	10
117	2
125	14
129	7
133	7
147	14
Market 223
2	2
3	9
5	5
10	8
11	5
26	14
31	12
36	11
44	10
46	7
49	13
60	10
64	12
71	15
79	8
107	1
112	9
113	9
120	4
126	8
129	9
133	5
136	9
139	4
143	10
145	14
147	5
Market 179
8	12
25	15
31	8
38	14
39	8
42	3
45	10
52	3
59	8
62	4
69	2
72	6
77	4
82	9
87	10
88	10
92	14
104	15
108	12
117	12
121	15
125	3
128	15
143	11
145	6
147	10
Market 216
4	11
5	15
17	4
21	11
24	8
26	6
33	3
37	5
45	12
48	10
49	9
52	15
53	3
70	5
76	15
79	2
83	14
94	9
98	1
102	5
106	15
107	8
116	15
125	5
127	12
129	11
139	3
145	10
150	1
Market 170
1	9
2	8
3	12
4	15
9	9
14	7
15	14
17	5
19	2
23	7
29	12
31	12
32	15
34	3
42	14
43	13
45	6
48	15
49	5
51	9
52	12
62	2
67	12
70	2
77	3
81	9
98	4
104	14
111	1
120	15
125	4
127	14
128	6
132	15
136	9
139	12
145	4
Market 174
1	8
2	8
5	6
10	9
13	12
15	6
16	12
18	13
20	5
24	2
32	6
35	10
36	12
39	12
40	11
44	2
49	13
55	8
59	10
60	15
80	10
86	13
89	13
92	13
95	13
133	8
140	6
143	7
Market 290
1	3
5	9
14	12
17	4
21	4
22	1
30	2
31	3
34	9
41	13
46	2
54	5
57	8
59	6
60	7
67	3
70	5
73	8
83	10
89	4
92	10
103	4
112	3
119	2
121	7
128	1
131	1
133	15
137	13
148	15
Market 241
1	11
5	1
9	7
12	11
16	7
17	15
24	7
26	8
27	13
31	4
33	15
34	7
36	11
40	6
42	6
46	10
48	4
53	14
59	5
62	1
64	3
66	2
68	10
73	3
74	11
78	8
79	6
81	6
83	5
87	1
90	15
91	11
97	14
99	11
103	10
106	1
111	8
113	1
116	2
120	9
121	3
122	6
124	15
126	5
129	8
132	2
133	15
135	7
138	14
139	2
141	4
142	12
145	11
149	3
Market 42
15	4
21	2
22	8
24	9
27	9
30	14
31	8
32	5
36	11
42	5
43	8
44	9
45	9
47	6
48	5
49	7
58	7
64	10
65	10
67	11
68	10
73	9
83	11
86	15
87	1
94	12
96	8
99	4
103	3
106	1
110	8
119	6
120	14
126	1
128	14
132	5
133	13
134	2
140	9
144	12
145	15
146	1
147	5
148	4
Market 195
2	14
4	12
15	15
21	13
22	14
26	11
31	8
34	13
39	14
42	4
48	11
49	9
52	2
53	10
58	8
60	2
61	5
66	3
67	12
68	5
70	11
73	2
78	2
81	13
83	5
87	10
90	10
92	10
93	8
98	13
103	9
110	7
116	10
121	9
125	13
134	8
138	8
141	7
145	8
146	4
148	6
Market 57
1	11
2	11
5	14
8	1
10	15
15	12
16	12
17	1
22	5
26	15
32	2
33	7
34	10
37	6
44	6
46	13
51	15
53	12
57	11
58	8
59	1
60	11
61	6
64	1
66	15
67	2
68	7
69	4
70	3
73	6
74	5
81	3
85	6
96	3
99	3
103	8
104	9
109	9
112	7
113	14
116	10
121	8
126	1
128	11
131	1
132	6
133	12
137	5
138	11
140	8
142	12
144	9
145	14
147	4
148	13
149	3
Market 343
3	1
5	6
7	4
11	5
15	6
16	2
22	1
31	5
33	13
34	12
36	13
38	9
41	8
45	5
46	12
48	2
49	15
52	11
58	7
61	8
64	2
65	2
73	2
77	11
81	7
82	11
83	1
84	15
85	12
87	13
90	13
91	9
99	3
102	11
103	14
108	9
112	4
113	2
121	15
123	7
125	14
126	10
128	2
129	8
134	7
139	9
146	5
Market 322
2	5
15	15
16	1
27	2
36	7
39	14
42	14
49	2
57	13
60	12
61	1
65	14
69	10
73	7
79	7
80	10
83	8
86	10
87	12
89	14
103	2
109	5
125	1
129	15
133	6
140	14
143	6
146	3
147	7
Market 199
12	15
17	9
21	9
30	13
35	7
42	1
44	14
45	2
53	15
58	6
60	8
69	9
76	1
79	11
98	3
104	1
112	4
113	13
125	13
132	8
136	15
142	4
147	12
Market 169
2	15
4	15
5	14
12	12
16	10
17	7
26	15
31	11
41	9
44	5
45	10
48	11
51	4
52	12
67	10
69	15
77	2
79	3
80	8
82	7
86	8
87	3
88	9
89	13
92	4
94	8
102	3
104	1
105	9
109	10
117	13
118	5
121	9
128	9
143	5
145	4
147	12
Market 24
2	8
3	9
9	4
11	4
12	10
16	9
17	10
25	9
27	1
31	8
34	7
36	15
38	3
45	13
48	4
49	6
51	11
59	8
61	1
64	11
67	13
68	11
71	14
78	5
79	8
81	14
82	6
85	12
94	12
96	1
99	8
102	2
108	1
110	2
115	1
125	8
126	14
132	8
138	4
146	2
Market 5
1	3
5	1
11	12
13	12
16	11
17	8
23	9
24	12
26	9
32	6
34	9
38	8
39	10
40	10
45	7
46	5
49	7
51	10
58	7
59	3
64	4
65	12
70	4
72	8
73	11
76	14
82	2
83	5
87	13
92	3
94	5
98	13
104	15
111	14
116	8
117	4
121	10
124	7
127	7
129	9
132	6
133	6
136	10
137	13
140	8
142	14
145	1
146	2
147	9
148	13
Market 291
4	3
7	15
16	5
21	15
22	8
23	10
27	9
31	12
39	6
44	12
48	14
49	12
57	5
61	13
64	13
71	5
85	4
86	12
87	2
89	14
95	4
98	15
105	6
115	3
117	14
125	5
128	4
129	15
136	5
137	4
139	4
140	8
143	5
147	7
Market 211
8	2
16	12
17	1
22	3
36	4
39	9
40	7
42	6
45	9
49	11
51	9
57	3
59	13
60	13
62	4
64	5
67	15
69	5
71	10
77	2
82	13
87	14
92	11
94	3
102	9
104	10
107	11
121	14
136	11
139	8
142	2
145	3
Market 321
2	6
4	14
9	7
10	10
15	5
24	5
25	6
33	9
37	9
39	13
49	5
58	2
60	11
67	4
79	13
85	12
92	7
94	11
100	7
106	1
123	10
134	2
139	15
141	6
Market 135
5	12
7	4
12	14
15	7
16	15
21	11
22	7
27	12
34	1
36	8
41	2
44	5
48	5
53	4
64	5
69	15
73	9
80	15
81	7
86	9
88	3
95	4
98	10
109	12
112	4
115	5
118	5
128	15
131	8
132	12
133	10
137	3
143	9
144	13
148	10
Market 202
2	6
4	13
17	5
24	3
34	13
43	15
48	11
49	1
51	11
53	10
61	9
64	12
66	13
67	10
70	8
74	3
87	14
104	10
110	10
113	13
116	14
120	15
121	5
123	3
126	2
129	3
132	4
138	10
149	10
Market 67
4	12
5	7
11	5
15	15
17	10
19	6
25	10
26	15
31	15
33	10
36	3
38	11
41	2
43	8
45	14
47	10
52	15
57	7
64	12
74	10
79	5
83	4
85	4
89	1
91	15
92	11
94	6
95	7
97	7
101	9
103	5
104	11
105	11
106	10
109	7
111	15
112	3
113	7
116	12
119	5
125	11
129	11
131	2
135	7
137	4
140	7
145	9
146	15
147	11
148	2
Market 233
2	3
8	13
16	14
19	1
31	13
45	6
46	5
49	9
51	3
57	10
59	14
67	8
69	7
70	9
86	1
87	4
92	15
104	7
107	9
111	7
121	5
125	6
128	3
129	10
136	10
137	9
139	8
146	11
147	12
Market 212
4	11
9	3
11	9
12	10
16	15
21	7
22	15
24	9
26	1
27	1
39	6
41	12
42	7
44	13
45	12
46	4
48	10
49	15
51	3
59	12
61	3
67	11
68	3
70	7
77	11
78	12
81	7
83	15
92	8
93	1
98	8
106	5
112	12
116	11
120	1
125	12
133	4
140	15
146	15
148	4
Market 252
3	11
15	5
22	1
23	1
24	2
25	11
38	5
39	7
46	11
49	10
51	6
62	8
64	4
67	13
77	8
79	12
82	11
85	12
94	1
104	1
108	3
112	6
117	11
128	1
145	4
Market 254
1	13
2	11
15	13
16	1
17	2
22	14
45	7
61	12
62	5
65	8
73	12
80	11
83	14
87	14
95	11
121	10
125	5
128	5
129	1
131	15
146	5
Market 14
1	10
2	3
6	13
14	6
17	15
19	9
21	8
23	12
35	6
40	2
42	4
44	11
45	1
49	7
54	9
59	6
60	12
62	4
65	1
67	4
69	13
72	7
92	11
109	3
112	4
113	15
114	15
125	9
129	11
131	6
137	10
143	6
145	10
146	4
147	8
Market 307
12	7
15	14
20	14
22	2
26	14
27	3
39	9
44	14
51	2
53	8
57	3
60	6
64	3
65	11
68	8
70	15
73	1
76	12
78	2
79	4
81	14
85	12
86	8
92	11
94	1
96	15
98	2
99	14
102	15
107	2
113	5
115	4
120	14
121	4
126	8
127	2
132	12
133	4
137	3
139	4
142	2
144	12
147	13
Market 187
5	13
12	1
15	6
17	9
21	4
22	5
26	1
32	2
33	3
34	12
42	9
44	11
48	3
52	13
54	10
57	12
60	9
61	3
64	12
65	15
76	12
79	14
80	10
86	13
87	10
92	1
107	15
109	7
112	3
115	3
116	15
125	5
128	15
132	6
133	5
136	10
140	4
142	13
145	1
150	12
Market 334
1	12
6	5
7	2
8	2
14	3
15	15
16	6
19	13
23	4
24	12
30	13
32	7
36	7
41	15
42	14
44	4
45	14
46	13
49	5
51	9
61	4
62	6
64	13
67	7
69	13
73	5
80	11
83	3
86	14
103	15
105	15
106	1
109	12
113	2
115	8
121	13
125	4
129	2
133	10
140	4
148	6
Market 348
1	2
4	10
6	11
15	9
21	8
22	7
26	10
30	8
31	10
33	3
42	14
46	14
48	11
49	7
53	10
57	4
62	4
64	5
65	13
68	11
70	2
78	5
81	15
83	12
86	7
87	14
90	3
93	14
96	15
99	4
103	4
106	2
113	7
115	10
120	10
121	4
126	11
128	2
134	9
146	11
Market 39
2	10
3	15
5	1
12	1
16	2
17	7
20	8
22	7
23	11
25	2
27	12
37	1
38	11
39	10
44	15
48	4
49	10
58	3
60	6
62	8
64	7
67	10
69	7
75	12
76	3
77	13
79	3
80	13
83	11
85	7
87	1
89	12
94	5
95	15
102	8
104	3
105	12
106	3
111	3
112	7
113	2
115	1
119	3
120	10
124	9
128	9
129	6
133	2
136	7
137	12
144	1
146	11
147	10
148	14
Market 231
1	12
2	3
5	6
15	9
16	7
23	4
30	4
33	7
34	4
35	12
36	14
39	14
42	3
45	3
54	5
58	5
59	15
61	3
65	4
67	2
74	1
77	15
81	11
84	4
94	9
97	12
101	4
104	1
113	4
116	15
120	14
121	14
124	7
125	8
126	2
129	14
133	11
134	2
138	1
141	13
143	15
145	8
147	4
Market 235
4	8
15	11
17	13
19	15
21	9
22	14
23	1
33	7
34	10
45	14
46	5
48	14
54	10
59	3
60	5
62	14
64	14
65	4
67	13
69	3
72	5
77	11
79	2
85	11
94	8
98	10
105	2
108	15
125	5
137	13
143	5
145	15
Market 269
7	12
8	2
12	1
20	3
22	3
24	6
31	8
32	7
36	15
39	9
40	10
42	5
46	5
48	3
51	1
52	5
53	5
57	13
60	3
62	12
67	3
72	9
79	6
92	7
94	10
103	13
104	8
105	11
108	13
112	15
113	12
115	9
118	12
125	9
131	14
133	5
139	11
140	15
146	4
147	5
Market 192
1	1
6	11
8	9
12	13
14	15
16	3
19	6
22	15
23	7
24	13
26	2
30	3
31	10
32	15
36	1
39	2
41	14
42	12
44	13
45	5
48	9
52	11
58	8
60	15
62	1
64	2
67	5
69	12
70	13
74	15
79	12
81	4
85	3
87	13
91	11
98	1
101	10
107	1
112	6
113	2
116	12
125	1
127	3
129	6
135	9
136	7
139	6
145	11
149	14
Market 64
4	8
5	9
12	7
15	7
16	13
24	10
27	2
31	13
33	11
36	12
39	4
41	3
42	7
48	7
52	11
53	7
58	1
60	5
61	5
68	12
70	5
78	7
81	10
83	5
87	15
90	5
96	1
103	4
106	9
112	14
115	8
121	2
126	12
132	13
140	7
145	12
148	5
Market 36
4	12
5	14
6	12
13	11
22	9
27	14
30	15
39	14
41	8
42	15
46	13
49	10
55	1
60	15
62	12
65	5
67	6
69	7
72	8
77	10
79	1
82	7
98	12
102	3
112	4
113	15
133	15
139	8
145	4
Market 272
1	7
5	8
6	14
13	7
14	9
16	13
21	10
22	13
26	7
31	2
35	10
36	13
40	9
41	4
42	2
44	9
48	2
49	5
52	8
54	9
57	11
60	5
61	6
65	1
73	8
79	13
80	9
85	14
86	15
87	8
92	14
95	4
97	8
98	12
104	4
105	11
109	3
111	10
113	4
115	11
119	14
120	15
121	11
125	4
129	9
132	5
133	7
136	7
137	2
139	12
140	14
142	1
145	3
147	14
148	8
Market 52
2	4
8	9
10	11
21	10
26	8
31	7
32	1
36	14
37	9
38	12
41	12
42	6
45	4
46	9
51	5
61	6
73	12
81	11
90	1
96	12
99	14
106	9
110	1
115	2
120	7
121	7
134	11
138	7
145	15
146	8
Market 80
2	5
6	12
7	2
21	9
23	5
30	1
31	13
36	10
45	5
46	13
60	12
62	4
82	15
85	4
94	2
98	7
127	1
133	4
139	7
142	5
Market 205
1	7
6	14
10	7
11	2
14	6
19	6
21	3
23	4
26	9
30	14
32	6
42	9
45	14
46	6
48	3
57	5
58	8
60	13
61	15
67	10
68	15
70	5
78	11
83	15
86	7
92	3
93	9
96	9
99	3
109	2
112	11
113	3
116	11
119	4
128	4
137	8
140	8
145	4
147	9
Market 129
2	8
12	2
15	4
16	14
18	1
21	14
23	12
24	15
31	2
32	4
35	14
36	11
39	4
46	8
48	6
57	2
61	4
65	7
67	5
69	6
70	3
79	5
86	12
91	8
92	7
94	2
96	2
98	5
102	4
103	1
106	8
112	9
113	8
120	14
121	7
126	13
132	4
133	15
138	9
144	11
145	2
147	12
148	10
Market 243
1	12
2	1
6	10
15	6
16	10
19	2
21	14
22	3
27	6
30	1
40	10
42	8
46	11
48	8
49	14
58	4
59	8
60	10
62	9
63	13
65	5
69	7
73	15
74	11
77	8
81	14
83	11
85	4
86	9
92	15
94	13
96	12
97	11
104	5
107	11
109	13
112	3
113	10
120	14
124	5
125	15
128	2
129	6
131	7
132	10
135	13
137	14
140	2
144	5
145	15
148	15
149	12
Market 45
2	6
3	3
11	13
15	14
19	2
24	12
25	11
27	15
31	9
34	5
51	7
60	8
61	12
67	3
78	7
79	15
81	12
85	5
87	4
94	12
98	12
106	3
109	10
112	5
113	10
115	1
121	10
132	3
133	11
138	11
139	7
144	1
147	11
Market 103
2	7
3	4
9	14
10	5
12	3
15	14
16	6
19	5
31	10
32	4
34	1
36	14
40	14
41	4
42	4
44	5
45	7
46	1
48	10
52	1
61	15
65	15
67	11
68	2
69	10
70	13
72	15
77	8
78	6
79	1
81	6
82	3
92	4
96	4
99	8
102	11
103	14
109	8
115	12
118	8
121	8
125	5
126	13
128	1
131	9
132	12
138	14
139	4
143	12
146	10
148	4
Market 77
1	12
8	5
19	11
20	9
22	11
24	13
32	15
37	10
46	7
49	12
60	1
61	6
62	5
65	14
72	13
74	14
80	3
86	9
87	9
88	8
91	6
95	11
98	6
105	6
106	2
112	7
113	5
120	15
121	10
125	9
126	10
133	4
135	2
137	3
139	14
140	7
145	1
148	3
Market 128
1	13
2	15
3	8
6	6
9	4
12	8
23	13
25	14
31	10
32	2
34	13
36	13
38	3
39	4
41	5
42	4
44	1
46	6
51	6
52	13
57	10
59	1
60	6
61	1
77	14
86	5
88	9
95	5
98	11
102	2
105	12
113	7
118	5
121	13
128	13
133	7
140	8
145	11
146	4
148	3
Market 226
8	6
15	2
22	13
24	13
27	5
31	4
36	2
38	10
42	8
44	14
52	14
60	4
64	6
65	3
67	11
79	8
81	10
85	6
87	11
91	15
94	3
97	7
98	2
105	6
106	15
111	15
120	1
129	8
132	12
139	8
142	7
Market 166
2	7
11	15
12	4
15	4
19	9
21	5
23	11
26	10
30	3
34	4
39	14
47	5
49	1
52	8
53	6
57	5
58	10
59	4
60	8
61	8
62	11
63	3
64	11
65	2
68	6
73	11
83	1
86	1
87	14
90	9
92	6
94	1
95	10
96	4
115	4
125	2
128	14
131	12
132	2
137	7
138	1
145	11
146	10
147	9
Market 253
1	4
2	10
4	15
6	13
12	5
19	4
21	12
23	13
33	12
39	5
40	4
58	1
64	4
65	2
69	10
70	12
73	15
76	14
85	6
89	4
90	15
96	8
100	7
102	2
103	10
104	4
106	9
107	2
112	9
116	14
129	15
131	4
134	2
138	15
140	4
141	2
142	13
146	11
147	6
150	9
Market 131
2	7
19	13
21	5
22	10
23	5
31	8
41	15
50	9
59	11
60	11
62	12
66	8
67	7
70	7
71	14
79	8
81	9
82	6
83	5
85	6
92	4
93	9
97	6
98	3
101	1
112	4
113	11
121	14
122	12
124	5
125	13
129	3
132	12
134	10
141	3
142	1
147	12
149	8
Market 271
7	3
10	13
12	4
15	8
16	15
22	2
27	3
31	5
32	11
36	10
44	1
53	8
59	11
62	3
65	7
69	14
77	6
81	13
83	7
92	14
95	12
105	9
121	14
133	13
140	4
144	13
148	3
Market 182
1	10
2	6
7	13
8	6
13	7
21	7
22	11
23	10
24	10
34	8
40	7
42	12
46	3
49	8
58	8
65	9
73	14
83	12
92	3
98	8
102	6
106	12
107	14
112	4
119	15
127	6
133	13
136	5
137	1
139	15
145	5
146	12
147	6
148	15
Market 12
2	2
8	4
15	3
16	11
21	14
22	3
24	10
26	7
31	14
37	15
39	13
45	12
51	7
59	14
60	11
71	6
77	5
85	8
87	10
92	10
104	10
112	11
125	9
127	6
129	4
136	10
139	6
142	7
Market 48
1	15
3	6
8	8
9	9
13	1
14	4
15	10
17	2
19	10
20	6
24	15
30	9
36	9
37	5
42	13
45	5
49	2
54	15
67	14
86	13
92	4
95	6
102	14
109	5
114	12
121	4
125	4
128	8
131	5
137	8
143	14
146	14
Market 227
7	7
12	5
15	11
16	5
17	9
19	4
21	6
24	15
27	15
33	15
34	13
37	14
41	4
42	3
45	12
46	3
48	6
52	11
53	15
54	8
57	13
58	7
59	8
60	2
61	3
64	13
65	11
66	10
67	6
70	3
78	12
79	7
90	10
94	4
99	6
102	2
103	5
105	7
116	6
119	3
120	15
126	7
128	14
129	6
132	1
133	1
134	1
137	12
138	7
139	5
144	13
145	9
148	5
Market 282
3	2
6	1
15	3
16	2
19	8
21	3
22	4
23	13
24	13
27	5
28	2
31	14
34	2
36	10
39	15
40	10
42	5
44	12
46	3
49	7
58	4
62	14
64	1
67	14
68	7
74	5
79	14
81	2
84	1
87	9
94	12
97	6
100	10
104	10
106	13
111	10
120	14
121	14
126	14
132	1
134	1
141	4
145	8
147	6
149	5
Market 276
1	7
7	3
14	10
15	12
16	10
19	9
21	15
23	13
24	12
30	6
36	15
44	8
51	6
52	15
60	2
62	1
67	8
69	2
72	12
77	7
83	4
88	8
95	2
109	15
112	6
118	3
128	13
143	2
148	6
Market 171
2	10
7	4
12	9
16	15
19	4
31	4
39	12
41	14
48	3
51	13
57	2
60	8
62	4
64	2
68	7
69	5
70	12
73	6
78	11
81	1
83	3
86	11
89	4
93	4
103	9
106	10
112	9
113	14
115	9
119	5
121	3
126	10
129	7
137	3
140	2
144	4
146	3
Market 7
1	6
2	13
3	5
6	6
7	2
13	3
16	12
17	10
18	4
31	15
42	11
44	15
49	6
55	2
61	9
62	12
64	9
65	7
67	6
71	1
72	6
73	14
77	6
79	9
81	13
83	10
87	15
92	7
94	2
95	7
102	6
104	9
105	2
108	8
109	4
113	15
114	5
118	8
125	8
131	2
133	14
137	1
139	2
146	11
Market 314
11	2
15	15
16	3
17	6
26	2
32	12
39	15
45	9
49	15
51	4
52	5
60	14
67	10
68	8
73	10
81	11
83	15
86	3
93	7
94	3
96	9
98	15
103	3
126	12
128	12
132	10
134	14
138	14
147	14
Market 97
2	13
19	9
21	2
22	7
27	11
30	2
33	10
41	13
42	2
46	3
53	1
54	14
64	11
67	11
70	5
71	11
82	14
92	8
94	12
98	12
102	1
105	10
107	15
109	9
113	11
116	15
127	8
128	13
133	9
142	4
146	8
147	1
Market 16
1	1
2	7
4	15
5	3
10	11
15	13
17	2
22	3
24	14
25	3
26	8
40	1
42	4
44	5
45	5
46	4
48	8
51	9
54	14
57	8
59	14
64	3
65	1
67	15
85	10
86	15
92	10
95	15
103	3
113	5
115	4
129	5
137	4
140	4
145	4
146	4
147	9
Market 299
2	4
3	4
4	11
5	8
8	6
10	14
12	15
16	14
19	3
24	3
26	8
33	6
34	2
36	5
38	1
42	5
44	9
48	7
51	15
52	8
53	2
58	11
61	3
64	15
66	13
68	13
69	13
70	15
74	7
79	8
80	1
83	8
86	8
87	4
89	10
91	2
94	8
97	5
104	10
106	5
111	11
112	8
115	14
119	14
125	12
128	4
131	15
133	12
138	1
140	14
145	2
148	5
149	2
Market 63
1	5
4	11
9	8
10	4
17	11
32	12
40	1
42	5
44	15
45	15
46	9
48	14
52	8
53	15
59	10
60	1
61	8
62	6
64	10
66	14
67	14
68	15
69	1
71	12
73	12
79	3
81	5
82	13
87	9
90	2
93	4
94	10
96	13
103	15
104	8
106	12
112	4
113	12
116	11
120	13
125	5
126	14
132	2
138	11
139	12
142	6
145	12
146	14
147	14
Market 69
1	10
2	1
4	4
5	5
7	14
12	7
16	15
17	15
22	8
30	7
36	7
42	7
58	12
60	12
62	12
65	7
67	4
68	5
70	14
73	10
79	14
83	1
92	2
94	10
96	11
98	9
102	12
107	11
110	15
111	4
121	9
129	10
132	1
136	7
138	4
139	11
145	10
148	8
Market 292
3	7
5	14
19	1
21	13
22	11
23	4
33	13
41	5
45	6
46	8
47	12
48	9
49	6
51	1
52	12
58	10
60	12
61	13
66	10
67	9
68	10
73	10
78	10
81	4
83	14
87	7
90	10
92	4
96	8
99	6
103	13
113	7
120	8
122	12
129	7
138	14
141	14
148	10
Market 114
2	13
3	9
12	11
16	1
17	15
19	5
22	10
24	2
34	15
41	1
46	5
49	4
67	9
71	8
77	14
85	2
87	1
98	4
109	13
116	15
127	10
128	4
129	2
136	4
139	8
146	2
Market 109
2	10
3	3
6	13
7	1
14	1
15	11
17	6
19	5
22	7
23	10
24	11
30	9
32	3
34	3
36	6
41	7
42	14
44	9
45	15
46	14
48	2
51	13
53	7
60	6
62	5
64	6
67	1
77	7
82	11
85	1
87	10
92	14
98	13
112	11
113	4
116	10
117	3
128	10
129	13
133	8
136	3
139	3
143	12
145	9
147	5
Market 61
1	15
6	11
14	8
16	14
17	4
19	14
21	2
30	10
31	3
34	4
39	14
42	10
44	5
46	10
51	8
52	6
53	1
57	7
58	10
61	13
67	15
69	5
91	13
103	1
104	14
111	2
113	8
121	9
124	3
129	15
142	7
145	13
Market 117
1	2
2	6
5	3
9	13
20	8
21	4
22	11
27	8
32	9
33	10
41	1
42	4
45	8
46	14
48	6
53	2
54	12
58	15
59	13
60	12
61	15
64	13
65	1
66	15
69	5
78	7
86	15
89	11
91	1
92	1
93	10
94	2
97	2
98	3
99	10
103	8
104	8
105	9
106	8
109	2
111	15
112	3
113	8
115	8
116	5
121	11
123	1
126	6
128	5
131	11
132	6
133	3
134	8
137	5
138	9
140	14
141	11
145	8
146	14
149	4
Market 228
1	15
2	2
5	2
13	4
15	7
16	4
17	7
18	1
19	7
24	15
27	7
30	2
31	10
36	3
39	4
40	14
41	4
46	11
55	1
60	9
62	1
70	14
71	9
81	2
87	13
98	5
104	12
106	10
112	6
116	15
121	7
127	5
129	8
132	12
133	9
136	5
139	1
142	14
145	6
147	9
Market 137
1	12
2	15
4	7
5	10
7	9
11	2
15	6
21	6
27	7
30	12
31	9
41	10
44	13
45	3
47	7
48	6
52	1
61	13
62	4
64	15
67	3
68	4
70	1
73	2
78	8
83	3
87	14
93	7
106	2
110	3
113	9
129	10
131	4
132	8
133	14
138	7
144	13
147	6
148	13
Market 224
1	14
5	1
15	3
16	4
21	10
22	12
24	2
26	4
27	15
31	12
36	3
39	10
40	9
44	1
45	14
52	9
59	6
64	8
68	10
83	10
90	4
92	13
94	11
98	11
99	5
110	5
112	14
113	12
116	15
121	12
123	14
126	6
129	3
138	13
141	13
145	9
147	1
148	12
Market 301
6	1
13	15
15	13
17	14
19	13
21	11
40	1
46	9
56	14
58	11
59	2
64	5
65	14
70	1
76	10
78	4
83	13
85	3
92	8
96	14
102	12
111	9
115	9
119	1
127	8
129	14
131	1
133	13
140	1
144	13
145	14
148	4
150	1
Market 296
1	15
2	3
3	12
4	6
6	5
11	8
19	8
24	7
26	12
27	10
30	3
31	9
32	4
33	15
41	5
42	3
45	5
48	11
49	11
52	15
57	9
58	4
59	12
62	6
64	15
69	15
71	1
77	8
79	4
81	13
82	9
87	6
94	9
98	5
106	6
113	5
116	1
120	14
125	9
126	9
127	3
128	10
133	9
139	3
145	6
Market 189
6	13
7	14
10	12
15	6
16	3
22	9
26	4
31	6
32	2
36	11
41	14
45	15
50	2
52	15
59	13
60	15
62	6
65	2
72	11
73	6
77	13
83	6
85	14
102	14
112	11
113	4
128	2
137	6
146	1
148	9
Market 151
1	2
12	2
17	11
22	14
34	15
42	12
43	5
44	12
45	3
47	8
49	3
52	15
58	12
61	10
62	3
64	14
66	15
67	9
68	13
69	10
74	7
78	8
81	6
87	4
90	12
91	1
96	12
97	9
99	7
104	1
110	1
120	11
123	14
129	12
132	7
134	14
138	11
141	15
149	12
Market 256
12	3
19	4
26	7
31	1
32	6
33	8
36	11
39	2
41	7
42	8
43	10
44	7
46	12
48	13
49	10
51	13
53	14
57	8
59	10
65	11
70	13
83	14
89	10
93	5
98	8
99	3
113	7
126	4
128	2
129	8
131	6
133	11
137	9
140	1
146	7
Market 27
1	4
10	4
11	7
19	11
22	5
24	10
26	6
31	14
33	13
36	14
39	14
40	7
44	8
46	14
51	1
52	4
57	15
59	6
60	10
73	3
74	13
80	4
86	3
88	4
92	1
95	7
102	4
104	5
105	14
109	6
111	3
115	13
116	11
118	13
120	13
123	9
126	4
132	1
133	4
134	15
139	15
145	8
147	1
148	6
Market 108
12	5
15	2
19	9
21	3
36	15
41	12
42	14
49	12
52	12
53	9
57	7
61	7
62	4
64	15
65	3
69	6
73	2
83	2
86	5
89	9
92	14
99	1
106	13
112	1
113	10
126	15
131	5
133	12
145	11
146	8
Market 172
1	14
2	13
4	7
6	14
10	12
14	7
15	6
18	15
19	9
22	5
23	12
24	8
31	7
32	1
33	2
35	10
37	6
39	10
40	12
41	1
42	6
43	13
45	15
49	4
51	14
52	12
55	11
59	8
61	4
62	13
65	14
69	2
73	3
79	15
81	5
82	5
85	15
87	11
94	13
108	7
112	5
117	7
121	2
125	6
128	1
129	6
136	1
139	3
143	3
145	5
147	12
148	3
Market 234
1	11
3	15
4	13
10	3
11	3
15	13
16	15
21	12
22	9
24	12
36	8
38	12
39	11
42	13
43	3
47	11
52	12
57	3
59	2
61	9
62	10
64	11
65	6
67	3
68	13
69	7
70	1
73	4
78	11
79	3
83	11
85	11
87	12
92	1
93	1
98	14
99	13
103	4
104	14
106	12
112	10
120	9
121	2
125	10
126	6
132	15
134	4
145	3
147	14
148	9
Market 214
1	5
2	4
4	6
5	4
12	9
15	7
17	4
21	2
22	2
27	5
34	14
36	11
40	15
42	12
44	11
48	2
49	8
53	2
55	9
58	9
61	13
62	6
64	8
67	3
68	5
69	15
70	6
83	10
84	5
87	4
91	8
94	2
97	13
98	5
101	9
103	13
121	7
125	4
129	9
132	11
134	5
Market 58
1	3
2	8
6	12
7	13
14	9
15	5
16	3
22	1
23	1
31	15
39	8
42	15
48	1
49	6
54	2
59	3
64	5
77	2
85	8
107	1
113	5
117	10
129	8
136	1
139	1
145	7
Market 120
7	10
9	8
22	3
23	8
32	5
45	2
46	6
48	6
49	8
51	13
59	5
62	14
64	10
69	11
70	13
73	13
78	9
93	1
98	4
103	14
106	5
110	10
113	4
120	13
121	4
133	15
134	1
144	12
146	13
148	14
Market 349
1	4
2	13
3	4
5	1
8	2
19	4
22	9
23	8
24	6
32	14
34	2
35	9
36	10
41	11
42	6
45	2
46	12
51	1
52	12
54	9
55	3
59	6
62	13
64	14
66	8
67	1
68	4
72	4
76	1
81	7
83	6
85	9
92	7
94	7
95	9
102	8
104	8
105	5
111	8
112	8
113	5
114	3
115	12
116	3
118	14
124	11
125	9
128	7
131	11
134	11
136	5
139	8
140	11
141	13
143	6
145	14
148	14
Market 240
1	4
8	12
12	6
15	13
16	9
20	6
22	5
23	6
31	10
36	10
41	9
44	15
45	7
48	10
49	11
53	3
62	12
64	5
67	13
69	13
71	11
82	15
83	7
94	3
107	13
121	10
128	4
129	14
147	14
Market 149
1	14
12	3
19	11
23	4
24	7
36	5
41	11
42	9
45	4
46	7
48	15
49	2
57	3
58	6
60	14
64	15
68	4
70	8
73	3
78	14
81	12
83	14
96	3
103	11
110	1
115	8
120	9
121	12
126	12
132	6
133	7
134	15
138	12
140	11
145	5
147	15
148	11
Market 245
2	5
3	10
4	12
16	14
20	7
22	2
32	1
36	8
39	9
46	11
49	10
52	13
59	15
62	6
64	3
69	4
77	13
79	8
85	6
87	3
98	2
102	1
113	13
128	4
136	6
139	8
142	13
145	8
147	3
Market 260
2	8
4	9
5	2
12	10
16	5
17	13
20	4
22	6
27	13
33	9
34	7
36	8
43	12
45	11
47	3
48	10
49	3
52	7
53	11
58	8
60	9
61	4
62	1
69	14
83	5
85	3
87	15
91	5
94	7
98	12
101	14
106	14
113	13
120	12
121	15
124	15
125	7
132	8
135	1
139	15
145	4
Market 327
2	8
6	13
12	10
17	4
19	4
21	10
31	10
33	6
36	2
39	8
41	3
49	4
50	9
53	4
58	14
61	12
65	13
67	9
68	9
83	15
84	4
87	9
95	6
97	6
101	11
104	2
109	12
111	3
112	12
113	12
116	8
118	5
120	15
121	9
124	2
125	1
128	6
129	7
131	14
134	6
137	15
140	12
141	11
147	12
149	11
Market 289
4	9
6	4
8	2
11	4
12	6
15	2
19	6
23	3
26	14
27	12
31	8
33	11
39	5
42	6
43	3
44	4
47	15
49	6
50	6
52	13
53	1
57	8
58	9
59	11
65	9
67	3
69	11
70	6
73	15
77	15
79	6
80	3
81	7
83	5
86	12
87	8
97	14
102	15
103	3
104	1
106	1
109	10
111	7
112	5
113	12
118	8
120	13
121	14
127	8
129	6
131	10
142	9
145	3
146	1
147	13
148	4
Market 247
1	12
2	10
6	9
7	8
12	1
14	8
16	1
19	14
22	10
23	6
31	15
36	2
46	2
48	11
49	14
59	6
60	3
65	7
69	10
70	14
72	6
79	13
82	9
85	9
86	10
88	10
92	11
94	2
95	1
98	6
105	1
109	12
112	12
113	13
125	9
128	14
129	9
Market 6
2	14
4	2
8	15
15	6
16	14
19	14
22	12
24	3
27	11
30	11
34	10
37	8
39	12
41	4
42	14
45	9
48	5
49	11
53	12
57	15
60	2
65	11
69	12
72	6
73	12
78	13
87	13
89	7
93	2
98	13
103	13
105	4
106	2
115	9
121	2
126	1
130	5
132	11
133	4
137	14
140	8
143	4
145	4
148	5
Market 107
2	10
3	8
5	3
10	4
11	11
12	10
15	4
16	15
21	9
22	9
23	14
27	7
31	6
32	5
34	3
38	15
39	3
44	6
45	10
48	12
49	2
52	15
53	5
58	15
59	9
61	12
67	5
69	12
70	7
76	10
85	3
86	12
92	1
94	14
102	6
105	3
106	7
112	10
113	7
115	11
121	3
124	13
125	3
128	14
129	1
132	13
133	12
137	9
139	7
142	1
145	3
146	9
Market 98
1	4
2	3
4	13
6	4
11	8
14	5
23	5
24	15
30	6
31	8
33	8
36	13
41	11
42	5
45	5
52	15
57	6
58	9
60	9
61	3
62	4
65	13
67	8
68	2
78	4
87	15
90	13
96	14
103	11
109	7
110	11
113	6
121	14
128	12
131	2
133	14
137	15
138	4
139	4
140	3
147	8
Market 46
1	13
12	13
16	14
19	15
21	5
23	14
28	10
33	9
34	10
36	15
39	8
40	6
44	3
45	10
46	3
47	5
49	14
53	2
57	7
59	13
62	4
64	9
65	4
69	8
70	3
71	10
77	5
79	5
81	6
82	13
83	14
85	13
87	6
102	5
105	15
112	10
116	6
121	3
125	14
126	4
128	1
129	2
131	2
132	3
133	12
139	8
140	1
142	8
146	8
147	3
Market 319
6	7
7	1
14	5
17	8
19	15
22	9
23	5
24	13
30	4
31	5
39	3
40	5
41	2
43	10
44	1
45	15
47	9
48	13
54	13
57	1
58	6
61	6
65	3
67	8
69	13
85	3
86	4
87	5
90	7
92	14
97	2
101	15
103	4
106	5
110	2
111	3
115	7
121	14
124	3
128	12
134	7
139	4
142	3
144	7
146	2
148	1
Market 306
2	1
6	11
10	12
12	6
13	15
15	1
17	3
18	11
19	6
21	15
23	11
24	10
27	5
31	6
32	7
37	12
38	15
42	15
45	8
46	3
48	8
49	5
53	11
55	13
59	1
62	15
64	7
65	8
77	13
79	13
81	6
82	1
102	12
104	6
111	9
116	14
120	4
127	6
129	6
132	14
136	1
139	8
147	10
149	8
Market 209
4	3
5	6
12	5
16	6
21	4
22	2
26	3
36	15
39	9
44	5
45	6
47	10
48	4
53	13
60	13
64	5
65	1
78	1
85	5
87	13
94	10
98	8
101	4
102	9
106	15
111	1
112	13
113	1
116	3
120	8
132	8
135	6
143	12
145	11
147	15
Market 159
5	14
13	10
15	5
18	2
21	6
22	15
30	11
33	10
35	10
42	5
44	14
48	6
53	14
55	7
57	13
59	10
61	4
64	13
65	1
67	1
69	4
73	6
78	2
79	12
81	3
83	7
87	2
89	8
95	13
98	9
103	12
106	1
115	5
119	13
121	4
128	7
131	14
144	6
145	2
148	10
Market 312
1	8
2	8
7	10
15	4
17	7
23	12
24	3
31	8
36	1
40	8
41	9
46	9
48	5
51	11
60	5
61	13
63	8
64	3
69	6
70	9
78	2
81	12
83	10
86	2
95	14
113	13
129	5
131	14
137	6
147	10
Market 17
5	11
16	4
21	3
24	13
31	7
40	3
45	13
48	9
57	12
58	13
59	7
61	10
64	1
70	4
76	8
77	3
79	14
80	10
81	5
83	3
88	9
92	13
95	11
102	1
104	7
105	13
107	12
109	3
115	6
120	12
121	7
125	13
127	9
129	11
136	10
137	12
139	3
142	15
148	9
Market 132
4	13
8	12
15	10
19	1
21	1
22	12
24	13
31	11
39	10
43	10
45	15
46	11
58	11
62	6
64	5
65	1
69	5
70	3
79	15
87	5
90	11
92	13
94	15
96	15
98	9
99	8
102	8
103	6
104	10
106	5
110	10
115	15
116	13
120	9
126	13
127	13
128	8
132	5
138	2
140	12
148	4
Market 145
2	10
7	9
14	15
15	4
17	4
18	8
19	4
30	11
31	2
34	15
35	1
36	8
40	8
41	10
42	12
44	9
45	12
46	1
51	14
57	8
58	8
64	10
65	13
67	8
69	6
79	2
81	9
83	11
85	6
86	12
94	4
95	7
97	4
98	8
111	6
118	12
121	12
128	8
133	7
135	7
137	3
140	6
143	5
145	14
146	5
149	3
Market 287
1	2
2	9
3	13
5	4
7	13
10	15
15	7
17	6
22	13
30	5
31	12
35	11
36	14
38	14
40	6
41	1
45	7
51	12
67	5
69	13
70	15
77	9
79	2
83	11
86	15
88	3
90	12
94	14
95	10
98	11
102	12
103	11
105	4
109	5
112	11
116	4
120	7
121	4
123	3
125	12
126	13
131	4
133	8
134	14
137	2
138	10
145	15
Market 164
4	6
8	9
12	8
16	3
19	15
21	8
22	14
24	12
27	14
31	11
33	11
36	4
37	3
39	2
41	15
42	13
45	12
46	8
51	7
57	4
59	5
60	9
61	3
62	5
63	2
70	1
73	10
78	14
80	4
89	5
95	1
98	6
103	2
106	4
112	7
113	4
119	2
121	8
125	10
128	1
131	5
132	11
133	1
144	6
145	12
Market 60
11	3
12	4
32	5
33	13
39	13
41	1
44	1
45	12
46	13
48	11
49	13
52	9
62	10
88	9
92	7
95	5
105	1
109	2
112	10
121	6
125	10
131	3
137	10
143	9
148	8
Market 143
4	6
9	2
10	3
11	6
15	9
21	15
22	3
23	1
25	12
26	5
30	2
31	15
32	10
36	13
49	7
51	1
52	6
60	12
62	2
65	9
67	9
68	7
69	3
70	13
74	9
84	8
87	3
91	4
92	6
94	2
105	10
106	12
107	15
112	3
113	10
117	15
120	6
121	5
132	11
133	3
145	6
147	8
149	12
Market 112
5	5
19	7
21	2
22	11
30	4
31	12
36	7
44	1
48	8
54	13
58	4
60	15
61	6
67	13
73	4
78	2
79	10
83	9
85	6
91	7
92	14
94	14
96	8
101	3
110	10
111	2
113	13
126	6
129	15
135	8
139	5
145	15
Market 134
1	3
2	4
3	13
5	10
15	8
16	2
24	10
30	5
31	1
32	13
35	9
40	13
44	4
45	15
51	2
58	15
60	7
61	6
62	13
64	2
66	12
79	15
83	12
84	7
87	8
91	13
92	3
106	6
111	12
120	8
121	9
123	6
126	7
129	15
132	4
134	5
138	8
147	9
148	8
149	7
Market 8
7	15
19	5
21	13
23	6
32	3
39	1
41	6
43	4
46	15
47	4
49	8
50	11
66	11
67	14
68	3
78	12
81	2
83	13
90	9
94	3
106	12
116	3
134	13
138	2
Market 286
1	1
5	13
6	13
13	3
16	2
19	14
21	1
22	6
30	2
32	5
41	1
42	4
45	14
46	4
53	8
54	3
59	12
62	2
64	14
67	12
70	3
79	13
81	10
82	5
85	13
87	8
92	4
102	3
108	1
112	11
113	13
117	14
121	4
125	15
128	3
139	2
147	6
Market 75
2	12
4	11
16	14
19	10
21	6
23	12
34	5
39	11
41	2
42	5
44	7
46	15
60	2
68	5
69	10
70	4
71	5
81	13
82	14
84	14
85	13
87	3
91	2
92	3
94	13
96	9
98	1
100	9
104	15
106	5
107	2
110	6
112	8
116	15
117	8
120	12
123	12
128	2
129	6
134	4
141	3
145	5
147	13
149	9
Market 111
4	13
17	11
21	13
22	14
27	8
39	13
40	12
43	3
46	6
47	11
48	13
51	10
53	2
57	8
59	7
62	15
65	12
67	2
69	7
77	9
85	10
92	5
94	6
98	13
105	4
109	3
113	12
115	12
118	8
125	14
131	10
137	4
143	9
145	1
146	12
147	6
Market 267
4	2
7	4
11	13
12	11
17	11
19	1
21	8
27	9
31	5
34	1
36	2
39	1
42	8
49	1
57	10
58	12
59	1
61	13
62	10
65	15
67	8
69	4
70	15
72	8
73	11
81	3
85	11
89	2
90	2
92	4
94	14
95	8
96	6
99	1
105	8
106	8
109	3
111	5
114	7
115	13
125	8
129	8
130	5
133	2
134	14
137	5
147	13
150	1
Market 51
1	12
2	11
4	15
6	10
7	11
11	11
15	6
19	4
21	13
31	5
36	9
39	7
41	6
42	13
43	9
57	3
58	10
59	14
64	10
67	3
68	12
76	8
79	3
83	8
85	12
86	1
87	11
89	12
94	12
96	6
98	7
99	6
107	8
109	9
112	1
113	5
115	5
116	3
121	9
125	10
127	13
128	11
129	8
131	7
132	7
133	1
137	7
139	15
140	15
144	8
145	1
147	5
150	13
Market 273
2	5
16	11
19	10
31	5
36	5
37	5
41	12
42	3
44	15
48	7
49	3
51	11
52	12
57	6
59	15
61	12
64	2
65	2
67	13
70	12
73	1
78	2
81	12
89	5
92	2
94	12
99	2
103	14
112	6
113	4
116	10
129	2
132	7
137	1
144	2
146	4
147	11
Market 101
1	13
12	13
15	2
16	8
17	13
19	2
22	4
24	13
26	15
29	6
30	10
39	6
40	6
41	14
44	3
47	6
48	10
49	5
60	4
61	11
69	2
71	9
86	3
87	6
89	7
94	1
102	14
107	15
112	1
115	1
117	1
119	6
128	15
131	14
136	11
140	3
144	5
145	14
146	3
148	4
Market 342
7	9
8	6
15	14
19	6
26	2
32	1
36	9
37	6
39	2
41	15
51	6
58	1
59	11
60	6
61	15
62	7
65	3
68	3
69	6
70	15
71	8
73	10
77	3
78	14
83	7
85	2
90	7
92	13
93	12
94	2
96	5
98	14
103	11
104	14
110	8
115	9
126	13
128	12
132	6
133	13
134	7
136	9
138	6
142	13
145	4
146	5
Market 72
1	11
2	3
9	11
12	7
14	7
15	6
21	11
22	2
23	1
25	2
29	12
30	15
31	1
38	12
40	9
41	12
44	2
45	6
46	8
52	5
57	12
59	5
62	12
65	9
69	4
73	5
77	14
83	6
89	6
92	15
95	1
98	11
105	7
109	15
115	10
118	3
125	9
128	5
131	1
144	10
148	9
Market 268
5	5
6	5
14	13
19	6
23	3
28	10
30	7
40	2
46	2
48	3
49	12
52	8
56	8
57	12
60	10
61	14
65	3
68	7
70	13
78	13
81	6
86	15
115	12
121	12
138	7
140	1
Market 261
2	11
4	3
6	8
14	8
15	6
16	13
17	9
19	12
23	9
31	6
42	8
45	6
49	6
59	9
60	13
61	10
62	3
63	5
64	5
69	7
70	5
73	8
78	5
83	15
89	3
98	13
103	7
121	8
133	3
137	8
144	14
145	11
147	13
148	7
Market 9
1	4
2	4
4	13
5	11
10	3
15	10
16	3
19	5
23	14
26	2
27	1
31	4
36	2
38	7
41	2
44	15
46	10
48	7
49	14
52	8
57	10
59	1
61	1
62	12
67	3
69	5
73	11
77	10
80	7
92	9
112	13
118	2
131	1
133	10
140	7
143	15
Market 89
1	8
2	14
4	9
10	2
15	2
21	8
22	4
23	4
24	11
26	15
27	14
30	3
31	11
33	12
42	1
43	5
44	9
45	7
48	9
58	5
59	2
60	10
62	1
65	13
67	11
70	4
73	14
80	10
81	14
83	4
87	4
89	12
92	14
95	13
98	10
102	6
103	3
104	10
105	15
109	6
113	6
115	14
118	14
121	7
125	6
128	8
129	1
131	5
133	12
136	3
137	15
142	10
146	10
147	8
148	12
150	15
Market 207
2	10
6	11
8	5
14	10
15	13
19	7
21	13
24	4
30	2
31	5
37	2
40	1
41	5
44	14
46	8
49	1
51	1
60	14
62	7
64	4
68	6
69	13
73	12
79	9
81	6
83	6
86	9
94	14
99	13
113	1
116	5
120	9
126	5
129	11
134	10
140	3
146	4
148	10
Market 251
2	4
4	9
7	11
8	14
10	10
15	13
19	12
22	5
31	9
32	6
33	13
36	7
39	3
42	8
44	11
45	12
51	14
57	1
61	4
64	15
69	8
74	8
77	13
80	15
85	8
87	7
91	2
97	7
98	14
103	13
104	7
109	14
112	14
113	15
128	8
129	2
131	1
133	11
134	15
137	9
140	9
142	3
145	6
Market 288
5	1
7	1
8	12
12	13
16	5
22	3
41	7
42	4
45	12
46	11
48	10
52	1
58	9
59	12
60	13
65	12
66	15
67	13
69	12
70	8
81	9
83	5
84	12
89	2
92	3
94	6
103	4
104	13
106	10
109	7
111	10
112	1
113	11
118	12
120	5
121	12
124	7
125	13
126	1
131	9
133	4
138	1
140	7
141	15
146	11
149	2
Market 62
2	10
10	11
15	15
21	3
23	14
25	7
32	14
37	7
38	13
39	13
44	12
45	8
46	9
49	7
50	6
51	14
52	2
57	7
62	2
65	5
83	6
92	12
96	6
103	13
109	5
113	5
115	1
119	13
121	15
125	2
128	7
131	7
133	13
137	12
146	15
147	13
148	8
Market 190
2	6
16	2
21	5
36	12
38	8
39	12
41	12
42	6
46	2
49	3
52	15
60	9
62	9
68	12
73	15
96	13
100	7
103	12
113	7
120	1
123	13
129	12
134	4
148	15
Market 167
1	12
6	7
7	12
14	6
16	13
19	15
21	3
26	5
31	12
42	15
49	2
56	15
61	10
62	11
64	13
65	15
69	12
70	2
72	4
73	15
77	11
78	4
81	2
85	4
94	1
99	11
104	9
106	10
107	2
109	2
113	1
114	4
115	11
116	9
121	10
125	13
126	13
127	14
129	7
130	13
133	11
136	8
137	9
144	1
145	2
147	9
148	4
Market 293
1	15
2	5
5	9
12	6
17	5
33	9
45	12
51	13
53	13
57	3
64	11
65	9
66	10
72	4
77	12
86	14
87	4
89	15
92	4
94	3
95	3
96	7
99	5
100	14
105	6
111	1
112	7
113	9
116	6
118	7
124	15
126	12
127	14
128	10
129	3
131	14
137	5
141	8
143	6
144	11
146	4
147	3
148	5
Market 96
1	12
4	6
10	15
13	4
15	6
16	5
17	7
23	7
28	11
33	14
38	3
39	14
40	4
45	3
46	4
47	1
49	4
51	3
52	9
53	10
54	12
64	1
65	13
69	1
72	11
78	14
83	8
86	15
89	9
92	4
95	11
98	2
102	4
109	13
112	6
115	7
118	14
121	13
128	13
133	1
145	5
Market 49
1	1
2	1
8	8
10	11
12	4
16	8
17	4
19	6
21	10
22	10
24	7
27	10
33	10
34	5
40	10
43	2
49	14
52	15
60	7
61	12
62	10
64	5
66	5
69	11
70	7
73	2
81	9
94	3
96	11
101	7
103	2
106	13
111	7
120	13
126	14
132	11
133	15
140	11
145	6
146	12
147	10
Market 43
1	12
6	5
12	8
13	12
19	13
23	11
24	6
34	2
36	8
41	15
44	2
46	7
48	4
49	2
53	14
55	6
58	15
60	13
61	15
62	9
65	5
67	9
69	6
70	15
77	1
78	12
81	2
86	4
87	14
88	6
90	7
94	4
95	10
96	2
98	11
104	4
105	5
109	10
110	10
113	10
115	15
120	9
126	4
128	14
131	9
133	13
134	15
137	5
138	3
140	12
143	15
146	12
147	7
148	6
Market 15
2	3
5	13
12	12
15	13
16	3
21	8
22	15
30	8
34	11
40	8
52	8
65	2
66	14
67	9
70	2
74	11
82	14
85	15
98	9
102	14
108	3
111	3
116	2
118	4
120	10
121	13
124	12
125	15
126	10
133	13
139	8
145	11
146	5
149	4
Market 177
1	6
2	10
4	2
5	15
15	9
16	6
17	14
21	10
31	15
40	11
44	5
48	11
49	7
53	13
54	2
59	5
62	12
69	8
77	9
79	9
82	11
87	2
92	6
94	13
98	13
107	2
112	3
113	15
121	6
127	15
136	12
145	13
Market 222
5	2
7	12
8	12
12	14
13	3
16	15
19	13
20	5
30	10
31	2
34	9
37	2
40	11
41	5
42	11
44	3
45	7
46	12
48	1
49	2
52	11
57	6
59	6
64	8
78	12
79	10
81	10
89	9
96	1
104	4
121	2
126	15
129	4
133	14
145	7
146	11
Market 23
1	8
3	9
8	13
10	1
15	12
21	4
26	3
31	8
36	13
37	14
40	11
44	13
46	10
57	3
59	1
60	6
61	5
62	13
70	14
73	6
78	11
79	1
81	10
83	1
89	5
94	9
96	10
99	2
106	4
110	5
115	8
116	4
126	15
128	13
131	2
137	4
139	8
144	5
145	9
146	11
Market 198
4	4
12	5
15	4
16	9
21	14
24	10
27	4
31	3
32	5
33	14
41	1
45	12
52	9
53	11
57	3
59	9
60	15
62	14
64	7
65	14
67	10
77	9
92	11
103	4
106	6
109	8
112	10
113	10
121	1
125	7
128	11
137	14
144	7
146	3
148	11
Market 70
2	5
7	15
10	7
11	7
15	12
16	12
21	5
36	14
37	1
41	7
49	15
59	9
61	11
62	7
68	15
70	7
72	13
77	5
78	5
79	5
81	3
83	12
87	14
90	15
93	2
99	14
105	2
110	2
115	7
118	14
125	7
126	10
129	9
134	9
139	8
140	9
145	10
146	9
147	7
Market 340
5	13
15	2
17	12
27	4
33	4
39	15
40	13
44	4
48	13
49	7
51	3
53	9
58	2
62	14
67	6
69	11
75	8
85	12
94	12
104	6
111	2
116	14
124	11
126	11
129	8
132	9
142	1
145	3
Market 18
2	13
5	1
16	14
17	5
22	11
23	13
24	1
30	6
32	10
41	1
45	12
48	11
58	9
62	8
64	10
68	6
70	7
77	7
78	2
80	10
81	4
86	6
87	3
93	4
96	9
99	2
103	5
109	2
113	11
115	7
118	11
120	1
121	10
125	15
128	4
131	9
132	13
140	10
144	8
145	7
Market 200
1	7
15	11
16	5
24	2
31	1
41	5
45	9
58	15
64	7
69	6
70	9
81	10
83	4
90	2
99	13
103	4
106	10
120	14
126	11
138	1
140	10
147	4
148	9
Market 54
1	12
4	7
5	13
6	8
12	15
14	8
16	7
17	1
21	1
27	12
31	1
40	15
45	4
52	4
60	6
61	2
67	13
68	6
70	12
79	14
81	8
83	6
90	1
96	7
106	3
113	13
116	9
120	12
129	15
134	7
141	6
147	7
149	11
Market 297
1	8
5	7
10	3
15	9
16	15
17	4
22	5
26	6
27	7
30	9
31	10
34	5
35	2
37	12
38	8
42	13
44	14
51	7
52	14
59	13
60	6
61	4
64	13
67	11
68	12
69	12
70	14
73	3
77	12
78	8
79	12
81	3
82	13
83	3
86	9
90	9
94	7
102	9
105	15
106	7
108	6
112	10
115	12
128	12
129	14
133	7
138	13
139	11
140	11
143	9
145	4
147	13
148	2
Market 336
2	2
4	14
11	11
15	3
16	5
22	13
26	7
27	2
32	8
36	12
37	2
44	10
46	3
48	12
51	7
52	6
57	4
59	6
60	4
61	11
62	15
64	11
68	10
70	3
73	4
78	1
83	6
86	15
93	1
96	5
103	6
110	9
113	11
115	6
126	4
132	9
137	4
140	15
144	15
146	5
Market 88
1	4
8	4
12	13
20	8
21	11
27	14
30	10
31	5
33	4
37	5
39	5
44	5
45	9
49	8
51	1
53	13
58	15
62	15
64	3
96	14
100	4
106	8
112	2
120	4
123	11
129	10
138	5
141	5
145	15
147	4
149	4
Market 105
1	4
2	1
3	6
12	8
15	5
19	5
24	9
25	7
27	6
29	3
30	1
31	6
32	8
39	1
40	15
42	8
44	10
49	8
55	11
57	13
58	9
60	2
62	3
64	8
69	13
73	1
77	15
80	7
81	12
83	13
85	14
87	7
89	4
90	1
95	5
98	12
103	2
104	13
105	15
110	3
113	2
114	3
115	1
121	13
125	9
128	9
132	8
133	10
138	15
143	8
145	7
146	3
148	2
149	4
Market 116
15	6
16	2
22	4
24	8
27	5
36	2
39	6
41	6
42	2
45	4
48	4
49	14
56	14
64	7
65	9
67	13
69	5
72	8
77	4
82	7
83	6
85	7
87	5
92	15
94	15
98	9
109	12
112	1
113	13
114	6
121	7
125	15
129	1
131	7
137	3
139	2
143	3
146	10
147	6
Market 11
15	10
19	11
24	15
31	14
45	14
59	3
60	2
61	9
64	6
67	6
69	11
78	6
81	3
83	2
106	5
113	6
119	5
121	12
125	5
131	2
132	5
146	11
148	8
Market 142
4	11
7	1
12	3
16	14
19	2
20	5
22	4
23	7
24	13
31	3
36	7
39	5
42	10
46	8
51	8
52	6
59	11
61	5
64	10
65	5
67	11
73	13
81	5
83	10
89	7
96	14
99	3
103	13
106	2
115	12
126	15
128	13
131	1
137	9
144	11
146	1
Market 225
1	3
2	13
13	10
14	2
15	13
16	10
24	10
30	5
31	14
34	7
39	9
40	7
41	9
49	5
54	13
57	10
59	15
60	3
61	10
65	10
73	8
78	10
81	13
93	6
96	12
103	7
105	4
106	9
109	12
112	3
115	5
118	13
119	2
133	11
140	13
146	11
147	4
Market 257
1	13
2	5
5	6
6	5
12	13
13	4
15	3
17	4
21	11
22	15
23	7
27	11
40	3
41	14
42	2
55	11
59	2
61	14
62	2
64	10
67	6
79	8
82	2
83	4
87	8
92	13
94	4
98	11
103	10
104	5
107	13
113	2
117	5
125	5
128	7
133	3
139	14
143	3
145	8
147	14
148	9
Market 258
1	4
4	10
7	3
16	3
19	8
21	7
22	1
23	4
24	13
36	10
41	1
42	12
45	8
48	7
49	12
50	9
53	6
57	8
60	9
61	13
64	1
65	11
68	10
69	2
70	15
73	8
78	3
79	14
81	15
85	6
86	13
89	2
90	8
92	8
94	9
96	7
99	5
104	7
110	1
112	14
113	15
115	6
124	8
125	6
126	5
129	5
131	15
132	14
133	4
137	4
138	15
139	3
140	6
142	13
144	10
145	3
147	1
148	11
Market 237
1	11
3	1
4	12
7	13
8	4
15	13
19	15
21	5
22	15
24	8
25	4
34	2
38	1
39	2
41	6
49	10
60	3
61	4
65	3
73	7
74	6
77	13
78	13
79	5
80	15
81	6
83	14
86	7
87	6
89	10
90	4
91	5
92	1
93	7
95	1
96	13
97	9
101	9
106	6
110	2
111	4
113	12
116	11
118	2
120	1
121	10
125	9
126	7
129	7
133	4
137	10
141	9
144	9
145	14
147	11
148	14
Market 220
15	4
17	15
18	10
21	5
23	1
24	6
26	3
34	8
35	8
39	10
43	5
44	1
52	6
53	2
55	4
57	4
61	6
65	11
67	5
69	8
79	6
82	2
83	6
85	11
87	14
92	7
98	7
103	5
109	6
113	12
125	8
129	10
136	10
137	13
139	8
140	14
144	5
147	12
Market 30
2	8
3	2
12	10
15	4
21	10
24	13
27	5
32	6
36	14
60	6
62	2
64	6
66	12
68	2
69	12
83	7
96	10
106	13
110	7
128	5
141	7
148	1
Market 81
1	7
2	4
22	9
24	3
32	9
38	3
39	13
41	14
45	2
49	15
51	8
52	8
58	9
59	10
60	6
68	10
73	2
77	7
79	14
83	15
87	9
90	1
92	9
93	6
94	15
98	1
102	9
103	6
107	13
110	14
112	13
115	8
120	2
121	3
125	11
126	4
132	12
133	8
134	4
139	15
145	13
146	5
147	7
148	9
Market 238
1	1
4	12
6	8
11	8
12	12
19	11
23	9
33	7
41	6
42	3
44	9
45	3
46	6
53	3
60	9
62	11
64	9
67	1
69	5
70	15
79	13
81	6
85	15
87	13
92	3
94	9
102	3
106	3
116	12
120	2
124	7
127	7
129	1
142	4
145	3
147	1
150	5
Market 275
7	2
16	2
19	1
21	13
27	4
39	5
54	2
58	1
61	10
65	6
67	12
69	1
71	1
77	5
79	12
82	15
87	1
93	11
98	3
104	3
107	3
113	15
115	8
116	1
120	6
121	6
125	13
128	10
132	13
136	15
143	14
Market 110
3	11
8	6
10	3
15	13
16	3
19	4
22	6
25	15
37	1
41	3
44	11
46	1
51	9
58	8
59	10
69	8
70	1
77	10
79	14
86	3
92	13
93	12
94	1
99	6
103	3
109	6
110	5
112	15
113	8
115	14
118	3
121	6
126	15
131	8
134	15
137	9
138	11
139	10
141	5
147	6
148	3
Market 44
7	5
8	14
19	3
21	8
22	11
23	2
24	5
37	3
39	8
42	12
44	9
45	7
51	4
58	3
59	13
64	5
67	3
69	1
74	4
76	11
79	3
87	15
97	12
98	3
102	6
106	2
107	6
112	8
113	1
120	2
121	15
124	3
125	9
126	15
129	12
132	15
133	11
139	6
142	12
145	9
149	6
150	2
Market 219
2	1
3	12
4	4
11	10
21	13
24	9
33	15
37	1
39	13
42	13
46	9
52	7
60	9
62	7
64	13
74	7
83	11
87	1
90	11
91	12
92	9
100	14
103	12
104	4
110	9
120	5
123	6
126	11
132	3
138	6
139	10
141	6
148	2
149	9
Market 33
8	6
12	3
15	14
21	9
22	6
24	4
31	7
40	11
42	12
46	13
48	6
49	4
51	6
53	12
59	13
61	10
62	11
64	8
66	15
70	1
77	4
78	6
87	4
90	5
98	11
100	5
106	13
110	15
119	10
121	2
123	11
125	3
126	7
128	6
129	9
131	8
133	11
140	6
141	7
144	15
148	2
Market 127
5	1
7	12
12	9
14	3
15	11
17	1
19	15
24	8
30	14
31	11
33	11
34	2
39	3
40	9
44	7
45	12
58	8
61	1
68	11
70	15
79	1
81	1
87	7
93	5
94	14
96	2
99	4
109	10
111	7
115	11
119	8
120	7
125	11
126	4
128	5
129	11
132	3
138	2
144	3
146	7
147	7
148	4
Market 147
1	12
12	9
16	12
17	13
21	2
24	4
26	7
27	12
32	15
33	5
38	12
40	5
41	15
42	3
45	10
46	11
57	7
61	10
62	9
63	13
64	5
67	8
70	11
78	6
81	12
83	1
89	13
95	4
98	9
103	14
109	13
113	12
119	1
131	4
133	2
137	14
145	12
146	13
148	6
Market 25
2	14
5	1
6	11
13	4
14	3
17	9
19	7
21	11
24	14
28	7
30	13
33	8
37	11
51	2
57	4
58	1
60	9
64	10
65	10
68	2
69	3
70	7
72	11
73	5
78	12
79	9
81	4
82	5
85	6
87	1
89	3
90	3
92	2
96	1
98	12
99	5
102	6
105	6
106	1
109	9
110	13
113	7
114	14
115	3
116	7
119	2
120	13
126	10
131	7
134	4
137	1
139	7
140	2
141	3
145	7
147	12
Market 242
4	13
5	10
12	13
15	7
19	9
31	3
34	5
40	8
42	13
49	11
53	4
57	5
62	9
64	14
69	14
80	3
86	15
88	5
95	1
102	12
103	13
109	15
112	8
118	9
125	9
137	9
140	4
143	8
Market 35
5	3
12	15
22	14
27	14
34	14
36	14
39	2
41	8
45	14
46	2
48	12
49	3
53	3
58	1
60	14
61	8
68	2
77	10
79	2
81	9
82	3
93	5
96	12
106	15
110	12
115	7
121	3
128	6
133	14
134	3
138	8
139	5
140	2
146	4
148	12
Market 125
3	11
11	13
12	15
21	6
26	2
36	7
40	11
42	13
43	5
44	8
45	11
47	8
48	15
49	12
52	3
59	7
60	11
61	4
65	14
66	14
68	8
77	7
79	10
81	10
86	14
89	15
96	9
98	4
99	14
100	5
104	2
109	2
113	3
115	1
116	8
120	1
123	1
125	1
126	12
128	4
131	1
132	11
134	2
137	8
138	1
146	3
148	6
Market 217
2	12
5	14
8	11
12	12
13	4
15	1
17	6
19	10
20	1
21	13
23	9
24	15
27	5
31	9
34	10
39	2
41	13
44	4
45	2
51	3
53	13
57	9
58	15
61	1
62	12
65	1
67	8
71	5
77	6
78	10
82	5
87	7
90	15
92	15
93	7
94	9
96	6
98	6
102	12
103	12
107	3
113	15
115	8
117	6
120	3
126	4
128	14
129	10
132	1
133	15
138	6
139	4
140	2
143	11
145	7
146	7
147	5
Market 53
1	11
2	13
4	9
5	7
15	6
19	6
21	8
26	14
31	6
33	15
34	3
37	4
41	12
42	3
44	10
45	2
46	15
52	6
53	15
54	10
59	3
60	12
61	5
62	3
64	15
66	8
72	4
76	3
77	10
78	9
82	8
83	6
85	4
90	8
92	1
93	9
96	9
103	15
104	12
106	2
108	12
110	13
116	14
120	6
121	3
125	9
126	2
127	12
128	13
133	5
140	15
142	13
147	12
Market 232
4	4
5	13
13	4
19	2
21	15
24	3
26	2
28	3
30	14
33	3
34	7
41	15
42	12
45	6
53	10
57	6
61	7
62	12
66	12
69	2
70	11
87	9
89	15
90	9
94	14
98	8
100	5
104	10
119	7
121	5
128	2
132	8
137	10
138	2
141	15
145	9
146	14
148	13
149	14
Market 4
6	14
16	9
20	13
21	13
23	8
31	4
36	2
40	13
42	9
45	9
49	7
51	9
57	13
59	15
60	1
61	14
62	3
70	9
73	5
80	9
81	13
86	10
89	14
92	8
95	4
98	2
103	15
112	3
119	6
121	4
125	3
131	2
133	1
137	7
140	1
143	9
144	6
148	2
Market 161
3	11
8	7
9	12
16	2
37	4
38	8
41	5
42	12
51	7
61	8
73	12
78	6
81	15
90	6
93	4
98	5
106	1
113	3
116	6
120	4
121	1
129	1
138	9
141	3
145	13
Market 47
1	11
2	6
4	8
6	3
7	15
14	11
19	6
23	8
32	7
33	11
35	1
39	10
41	7
44	5
45	4
46	6
48	12
49	11
56	5
64	5
66	1
68	8
69	8
70	13
73	11
78	12
79	5
81	3
83	13
87	12
94	5
99	1
103	3
106	15
121	9
126	13
129	5
134	13
138	14
140	2
145	4
147	5
Market 157
8	12
9	3
14	5
15	8
19	1
20	1
23	2
30	12
31	10
36	1
37	4
39	7
45	11
49	3
52	6
59	11
61	8
62	6
65	13
67	13
79	14
81	9
86	10
87	14
89	1
94	9
96	13
103	5
104	15
107	10
116	13
119	1
127	11
129	4
131	7
132	13
140	5
142	12
143	11
144	3
145	1
147	13
Market 73
2	8
7	12
8	1
12	1
22	9
48	4
51	6
58	7
62	9
64	11
70	3
81	11
85	9
87	11
92	13
94	5
97	2
102	14
106	9
113	14
116	6
121	5
132	6
139	9
147	7
150	13
Market 41
2	8
5	9
7	5
8	6
15	4
16	4
17	12
22	8
24	15
31	8
32	2
33	9
38	12
42	4
43	11
44	9
45	2
46	9
49	5
51	15
53	3
57	12
58	13
59	7
60	2
62	10
64	10
65	4
69	8
70	12
71	3
73	1
77	7
79	6
82	7
85	13
86	15
87	12
89	13
92	4
96	15
99	9
102	13
104	11
106	12
109	4
112	12
113	12
115	8
116	6
117	10
119	7
121	6
125	9
129	12
133	11
136	2
137	13
143	6
144	11
145	13
146	5
147	3
148	1
Market 280
2	10
4	3
7	1
15	5
16	9
19	14
22	12
23	1
31	11
36	5
42	10
45	13
48	3
49	5
51	9
58	15
61	5
64	3
68	12
70	5
73	3
83	12
90	14
93	2
94	15
99	11
103	2
113	5
115	13
116	9
120	1
126	4
128	14
129	2
134	12
138	2
145	1
146	7
148	12
Market 2
4	3
7	11
11	12
12	4
19	11
21	2
23	5
31	9
33	1
42	10
46	7
48	2
53	15
59	14
60	2
61	7
72	5
73	2
82	3
85	8
92	13
103	11
114	15
121	13
125	11
133	10
137	12
139	6
147	4
Market 193
2	1
4	3
8	8
19	7
24	7
27	15
32	9
36	1
37	13
39	9
41	15
44	14
45	10
48	3
49	15
53	7
57	5
60	10
61	15
62	9
65	6
69	15
70	12
77	9
83	2
89	8
92	2
96	7
102	5
103	2
105	15
119	15
121	3
133	11
140	13
143	7
146	9
Market 345
1	1
2	5
4	12
7	15
15	1
16	13
19	7
21	6
22	5
23	1
24	13
37	14
39	15
41	7
42	4
46	12
49	3
51	14
58	10
60	6
62	11
67	3
70	9
79	9
85	6
91	11
97	11
101	3
111	6
113	12
116	3
120	1
121	3
126	9
129	4
132	6
134	13
138	15
147	14
Market 10
2	6
3	10
15	2
21	11
22	3
23	7
30	12
31	2
34	4
36	7
39	13
45	8
46	12
48	12
49	12
53	11
60	3
64	7
67	12
69	12
70	5
79	10
85	12
87	6
97	13
104	3
106	8
120	13
126	14
128	1
135	2
Market 284
3	15
5	3
8	11
12	2
17	8
21	5
24	13
27	6
32	10
37	7
42	12
46	1
53	4
58	11
62	12
64	12
76	12
92	3
94	5
104	13
106	13
111	4
113	1
120	7
126	12
132	8
134	1
139	7
145	9
Market 344
1	2
5	4
6	5
12	7
14	8
16	6
17	15
21	5
22	10
23	7
27	11
30	14
34	11
39	7
41	3
42	11
44	4
45	7
46	5
48	14
49	6
54	7
56	9
57	3
59	13
60	6
67	2
77	7
83	7
85	14
92	14
94	3
95	4
102	6
105	4
109	5
113	15
125	15
137	9
139	2
146	3
147	6
Market 180
4	7
19	4
21	13
23	6
24	5
27	3
36	7
39	8
42	14
46	9
47	4
48	6
52	13
53	10
59	8
60	11
64	9
67	1
73	4
78	9
79	11
83	14
86	15
94	7
98	13
103	2
104	10
106	11
109	7
111	14
112	3
113	1
119	13
120	10
121	14
124	13
129	9
131	1
132	11
134	10
138	6
145	7
148	5
149	13
Market 74
3	15
4	9
9	14
10	12
12	14
16	8
25	1
27	7
33	3
39	5
41	9
42	5
43	5
46	10
48	14
49	11
52	15
53	13
59	1
60	11
62	2
67	13
68	8
81	3
87	6
92	11
93	9
96	14
99	2
106	5
113	6
121	10
125	11
126	12
128	9
129	6
131	9
144	9
145	11
146	8
Market 175
8	5
12	9
16	9
21	11
31	14
37	12
39	3
41	6
42	1
43	12
46	4
50	15
52	10
59	7
60	3
62	15
64	2
65	1
67	6
69	2
76	15
77	1
79	5
81	8
87	4
91	3
94	5
101	3
102	6
104	7
109	8
112	12
118	15
124	14
127	5
128	3
129	4
132	2
133	3
137	7
142	8
146	6
147	5
Market 136
2	2
4	3
5	8
7	8
10	5
17	5
22	10
26	7
31	4
33	10
34	3
41	1
50	5
58	5
64	4
69	12
70	10
76	9
102	5
106	1
111	12
120	7
121	9
124	15
129	11
132	10
136	5
142	14
145	11
147	9
Market 20
2	3
3	14
5	14
12	1
15	1
16	10
26	15
27	11
29	3
34	5
39	9
43	2
44	7
48	1
52	15
59	3
60	3
62	14
64	3
65	6
66	11
67	5
69	6
70	4
71	10
77	2
81	15
84	2
91	4
92	1
100	15
110	1
112	14
123	11
125	13
128	2
134	5
136	4
138	1
139	11
141	1
145	11
146	1
147	10
149	6
Market 181
10	11
12	12
14	12
15	9
19	11
21	8
22	6
23	2
30	12
31	7
34	3
36	12
40	4
41	13
42	13
46	13
48	5
57	10
58	5
61	1
62	10
64	4
70	5
74	12
77	14
81	14
85	7
86	6
88	3
91	14
92	5
95	7
97	14
98	14
101	13
102	5
104	14
109	9
111	6
113	15
114	10
115	6
116	10
120	15
121	1
124	7
125	1
126	7
128	14
131	9
135	7
139	4
142	10
143	3
148	14
Market 90
1	8
2	8
6	13
7	11
12	10
13	14
16	1
17	14
21	5
22	8
23	10
24	7
46	9
48	12
49	14
53	4
60	10
67	2
69	7
79	8
94	3
97	11
102	11
111	1
113	8
127	12
129	14
132	12
136	10
142	4
145	10
Market 337
1	12
2	9
12	13
15	15
16	11
22	6
23	6
26	11
27	15
28	14
33	2
34	10
39	6
40	10
42	9
46	2
48	12
49	2
53	4
56	13
61	8
62	7
66	13
67	1
69	13
71	2
74	8
79	7
81	8
86	14
91	15
92	4
95	1
97	3
98	2
101	7
102	10
106	14
109	10
111	4
112	2
116	9
118	13
120	3
121	13
124	2
125	1
126	15
131	3
132	5
134	9
139	9
142	15
143	6
145	14
147	6
149	5
Market 203
2	2
5	13
6	7
7	8
12	7
13	9
15	5
17	15
22	12
31	7
33	13
35	7
36	3
40	8
41	9
45	5
46	6
49	9
53	6
54	7
60	4
62	4
64	5
65	11
67	7
69	12
70	10
87	5
89	13
92	1
98	10
103	5
105	15
106	7
113	1
115	14
116	12
121	11
125	2
128	8
131	5
132	4
137	4
140	6
146	9
148	14
Market 113
2	1
7	15
10	4
16	12
19	4
32	4
36	9
41	10
42	6
45	6
51	3
57	14
59	7
61	1
63	8
64	10
67	14
72	14
77	11
81	15
82	4
83	13
86	11
102	2
103	7
115	11
118	15
119	5
121	11
137	5
140	3
143	8
144	11
147	1
Market 332
3	11
4	2
5	3
15	9
25	6
34	9
36	9
41	9
42	3
45	8
46	4
52	1
59	6
69	15
82	6
87	11
92	4
94	9
98	10
105	4
112	1
113	14
121	6
125	9
133	14
139	10
145	8
146	1
147	2
Market 37
1	14
2	11
7	14
16	6
19	15
24	13
26	14
31	8
36	7
37	10
45	8
46	11
51	15
57	10
58	13
59	1
60	2
62	10
67	5
69	15
73	5
74	1
79	9
81	4
83	11
84	12
86	6
88	14
91	7
92	5
95	8
96	13
98	14
100	7
103	5
104	6
109	6
112	1
113	14
118	15
120	4
121	11
125	8
129	7
132	7
133	2
134	1
140	13
141	13
145	8
146	4
149	11
Market 204
2	7
8	1
12	6
15	1
17	13
21	15
22	4
24	11
30	3
36	3
40	13
42	1
44	6
46	8
48	2
49	15
51	10
58	13
62	8
66	14
68	1
70	5
78	5
79	14
83	15
85	5
87	11
90	12
96	7
98	10
100	1
103	8
104	4
110	3
112	1
113	6
116	4
123	5
124	8
125	4
128	7
136	1
138	5
Market 294
2	1
3	13
4	7
6	13
7	14
12	13
14	13
15	6
17	12
22	11
23	12
30	2
33	4
36	4
38	1
39	6
41	15
45	9
46	1
48	10
57	15
60	6
67	2
69	2
81	8
85	14
87	15
91	3
92	2
97	10
98	9
102	1
104	14
111	12
116	1
126	9
129	9
135	14
139	3
142	6
149	2
Market 140
5	12
14	14
16	8
19	15
21	5
22	12
24	5
26	12
27	7
30	4
36	5
42	6
43	10
47	3
49	14
52	6
53	7
58	12
60	11
61	3
66	11
67	9
68	13
73	3
74	7
80	10
81	12
83	9
84	7
86	4
87	10
92	11
94	3
95	10
100	6
105	6
106	7
112	5
120	12
131	3
133	9
138	6
140	11
141	11
149	4
Market 148
1	8
2	11
12	2
15	5
16	10
22	2
23	1
26	2
27	10
30	8
34	7
38	1
39	7
40	15
41	4
45	7
52	12
54	15
60	12
64	13
69	9
70	14
77	2
79	14
87	12
92	14
94	7
102	1
116	14
121	4
125	2
127	3
129	5
136	10
139	15
142	12
147	12
Market 155
15	5
19	14
21	5
23	9
27	9
30	7
36	11
39	10
40	1
41	9
42	13
44	14
45	8
48	3
53	11
58	13
60	12
62	2
64	1
65	2
67	3
70	2
72	15
73	8
75	4
77	14
79	7
82	12
83	2
87	4
91	11
92	7
104	1
106	13
112	10
120	9
127	6
129	4
132	11
142	1
143	15
145	7
147	5
Market 250
1	3
5	2
6	5
8	1
15	3
16	1
19	8
21	6
23	5
24	10
27	1
30	11
31	6
34	3
36	5
41	2
44	13
45	8
46	10
48	1
49	10
51	8
54	4
58	7
59	10
62	12
64	2
76	11
81	8
85	14
87	2
94	8
98	11
102	15
104	1
112	15
113	6
116	10
120	13
128	5
132	11
133	9
142	12
147	9
150	4
Market 279
1	11
2	13
15	1
16	1
17	4
21	5
22	5
26	7
27	5
30	1
34	1
39	12
42	12
48	2
49	13
57	15
62	12
65	6
69	5
70	6
71	3
78	9
80	12
83	1
85	4
86	5
87	5
89	6
94	7
102	13
112	2
116	9
121	5
125	14
127	7
128	10
129	1
133	15
136	2
139	13
140	9
143	1
145	14
146	9
147	7
148	15
Market 229
3	3
15	11
16	15
17	1
19	14
21	15
23	2
32	5
38	13
41	5
42	7
44	9
45	6
46	15
50	4
64	10
66	10
70	9
87	5
92	13
93	10
96	14
100	7
103	11
113	7
116	8
120	1
121	15
123	11
129	2
134	8
138	11
140	1
141	15
146	10
147	8
148	9
Market 274
2	3
3	2
5	7
8	1
10	1
11	1
19	11
22	1
23	5
26	13
27	7
33	15
34	13
36	2
38	7
40	6
42	7
43	8
46	14
47	9
48	6
51	4
53	11
59	15
64	7
67	6
69	8
71	9
82	15
85	2
92	13
94	6
112	10
113	1
120	13
125	15
126	15
129	9
136	12
139	8
143	9
147	11
Market 325
3	5
4	8
15	4
16	4
22	5
26	8
27	1
32	8
33	4
36	11
39	15
42	14
45	14
46	7
48	6
52	9
59	5
61	8
67	9
68	12
69	14
71	4
73	12
77	6
78	11
79	11
94	4
98	13
102	11
103	7
104	9
106	3
107	10
110	7
113	9
120	11
121	10
123	1
125	12
136	2
139	3
142	5
145	3
147	11
Market 191
3	10
5	5
15	10
16	12
21	12
22	4
24	5
26	12
27	6
30	15
34	3
36	4
39	2
42	9
44	15
48	2
52	9
53	9
59	12
60	10
62	6
70	1
79	11
81	7
92	1
95	3
105	8
112	1
113	2
131	14
132	15
133	14
137	8
140	13
145	13
146	3
147	11
148	9
Market 100
3	9
4	9
12	6
15	7
16	5
22	3
26	13
27	3
29	14
31	4
32	9
33	9
36	9
46	4
48	2
61	12
68	12
81	3
83	4
87	5
94	7
101	8
104	14
116	3
120	6
126	5
129	12
134	12
145	6
148	6
Market 176
6	4
19	4
22	5
23	3
32	8
39	5
42	13
45	15
48	13
49	11
52	6
57	6
59	8
70	10
77	4
80	1
81	15
83	12
86	11
89	1
92	10
98	10
103	14
109	6
119	7
121	8
131	9
140	12
144	6
148	1
Market 141
1	13
5	4
6	14
7	4
14	9
23	10
29	5
30	4
31	8
36	10
39	8
40	9
41	13
42	8
44	14
48	13
57	2
59	10
60	1
61	2
62	12
67	5
68	8
69	14
70	9
75	15
78	7
79	6
83	2
90	3
93	4
94	9
96	12
97	6
98	8
99	6
103	12
110	15
111	2
113	1
120	3
122	8
124	9
126	12
129	9
132	15
138	12
142	15
145	8
147	8
148	14
Market 309
5	12
8	13
11	12
15	3
16	11
17	12
19	7
20	4
21	5
22	12
23	14
24	6
42	2
44	4
61	10
66	7
93	11
99	4
102	13
110	4
113	13
120	14
121	12
126	3
129	13
132	6
141	12
145	14
Market 165
2	11
4	5
10	12
11	15
12	4
15	3
21	11
22	4
27	6
31	13
39	6
41	6
44	7
47	13
58	13
60	7
64	5
65	3
69	7
70	9
76	1
77	5
85	3
97	3
102	3
106	7
112	3
113	13
120	8
121	6
124	10
125	13
127	12
128	5
132	4
136	6
139	2
145	11
146	12
147	5
150	15
Market 215
1	11
3	12
6	13
12	13
20	15
36	7
37	10
42	3
48	4
50	11
51	4
60	3
62	4
67	13
69	14
73	2
81	14
83	2
85	4
86	3
89	14
98	10
99	13
102	10
103	9
106	15
112	11
116	5
125	12
126	8
128	3
129	8
133	11
137	13
139	11
147	5
Market 194
1	5
3	14
7	8
16	14
21	2
22	3
24	2
25	11
32	1
33	2
36	8
39	7
41	8
42	12
44	11
45	3
46	12
52	14
64	7
67	4
70	4
71	12
77	11
79	4
82	11
87	8
92	7
94	8
113	6
116	14
120	15
127	14
129	13
136	8
142	3
147	7
Market 79
1	10
3	4
4	14
11	12
12	14
15	14
16	8
21	4
22	6
23	14
24	6
31	1
32	4
40	6
42	14
47	14
48	7
53	15
58	15
59	4
60	1
63	15
67	6
69	14
70	13
73	5
78	13
79	13
81	12
83	2
85	8
86	6
87	8
89	8
92	14
93	9
98	13
99	4
102	11
105	7
107	4
110	9
111	3
112	2
115	4
119	13
120	15
121	15
126	3
129	13
131	8
132	10
133	3
134	8
138	12
145	5
147	15
150	1
Market 230
3	15
5	3
12	14
16	12
17	2
36	13
37	14
38	15
39	10
40	4
41	9
62	14
67	4
72	1
77	4
79	4
86	6
92	10
98	11
102	8
105	9
114	7
125	4
133	9
147	14
Market 178
1	6
11	11
12	8
15	13
22	7
23	12
26	8
30	6
31	13
45	1
46	4
49	5
52	13
60	13
61	1
64	15
66	9
67	13
68	3
69	6
70	11
78	7
81	13
83	9
90	4
92	5
98	3
99	14
106	10
110	10
126	9
132	7
134	12
145	2
148	5
Market 59
3	12
8	7
16	10
19	3
22	8
24	13
25	3
32	7
38	10
39	1
41	10
48	9
49	1
51	7
52	5
61	2
67	8
68	10
70	14
73	10
78	7
79	7
83	6
85	3
92	8
94	2
96	5
97	5
99	4
106	5
110	11
111	5
120	9
123	14
124	4
126	10
127	3
129	1
132	15
134	5
136	3
138	14
139	10
141	11
147	1
148	9
Market 347
2	13
4	6
5	2
12	14
17	14
22	9
24	15
27	7
39	5
43	4
45	12
49	13
51	7
53	1
58	11
64	13
67	4
69	5
70	6
76	2
79	10
81	1
87	3
94	8
104	4
107	1
129	3
132	15
139	4
Market 34
9	13
12	11
16	10
17	15
25	5
36	9
37	2
38	2
45	13
46	11
51	13
53	5
60	3
69	12
70	8
81	8
85	6
87	1
102	7
104	15
107	6
112	9
113	3
125	2
132	13
136	15
139	7
150	10
Market 346
2	12
12	3
21	9
22	13
24	5
25	3
27	10
31	5
32	10
36	6
37	3
39	9
44	11
59	12
61	11
62	1
64	12
69	11
73	9
78	3
80	15
83	14
89	8
92	6
95	10
98	7
103	10
125	15
128	2
140	7
146	10
148	9
Market 218
2	7
5	6
6	8
7	2
8	8
12	14
15	12
16	15
17	1
21	2
23	7
24	4
31	2
33	11
34	10
36	4
39	13
40	12
41	8
42	15
43	7
45	1
60	6
64	3
67	8
69	8
73	1
77	14
79	9
81	12
82	5
83	3
92	12
94	10
98	11
99	11
103	13
105	2
106	7
112	13
113	15
121	13
128	4
133	1
137	15
139	14
143	12
147	13
148	2
Market 133
4	6
5	2
10	6
15	15
16	9
17	9
22	15
34	2
36	11
42	11
43	13
44	2
45	5
46	4
48	1
52	10
62	4
65	12
66	1
68	10
70	1
79	12
82	1
87	8
94	11
96	1
102	7
105	12
106	8
110	15
112	7
114	1
118	4
125	14
133	14
138	3
141	6
143	11
145	6
Market 91
5	10
13	10
15	7
16	10
21	15
23	15
30	3
31	1
36	15
39	10
42	2
44	8
46	10
50	15
54	1
57	9
60	14
61	13
65	10
67	15
69	1
73	6
79	13
86	9
89	1
92	11
98	12
102	7
103	15
107	9
109	3
116	8
117	3
120	3
121	7
131	10
132	5
139	5
143	1
145	7
Market 156
1	11
2	2
6	6
7	3
16	15
19	11
21	14
24	4
31	10
56	9
58	7
62	3
64	12
67	5
68	3
70	3
73	7
81	10
83	13
92	2
94	5
98	11
100	4
106	13
110	7
113	9
121	14
123	6
126	15
132	4
141	4
145	4
Market 71
11	1
12	8
15	7
16	4
17	11
19	7
23	9
26	1
27	7
36	1
39	6
42	6
43	9
45	3
47	6
48	8
52	6
58	9
59	9
64	9
66	14
68	3
69	13
70	11
71	14
73	12
77	5
81	8
83	5
85	13
90	7
92	15
96	15
98	3
100	1
102	14
104	6
107	15
112	3
113	8
116	6
117	9
123	5
129	15
132	4
134	3
136	2
147	3
149	13
Market 13
5	12
12	3
15	8
19	6
22	7
23	1
26	9
27	10
33	15
36	11
41	11
43	2
47	1
49	6
52	5
58	9
60	10
62	4
67	10
68	10
69	3
70	3
73	8
78	11
81	10
82	5
83	13
85	5
87	5
93	12
94	2
96	15
98	13
99	4
102	8
103	3
104	6
106	9
107	11
110	12
112	11
116	12
120	7
121	8
125	5
127	14
129	6
132	2
133	11
136	7
147	9
Market 259
2	9
3	8
7	14
8	5
16	2
21	2
24	14
26	14
32	12
36	11
41	9
45	9
46	10
49	13
51	3
57	10
59	2
61	8
62	14
69	13
72	12
77	8
83	1
86	14
88	6
92	5
95	7
98	9
112	1
115	7
125	7
128	7
131	15
133	8
137	5
140	8
143	4
148	13
Market 270
2	4
3	7
22	12
26	12
31	9
32	2
36	8
37	12
42	15
45	9
50	1
51	3
52	7
60	5
61	7
66	15
67	5
68	5
73	9
79	6
87	1
94	8
116	8
120	1
121	8
129	4
134	8
141	14
145	6
147	7
Market 29
1	14
3	4
5	7
7	10
9	4
12	11
14	5
15	5
19	12
21	2
22	11
23	11
30	4
31	14
32	1
36	9
41	6
42	14
44	15
45	3
46	12
49	9
51	3
59	4
60	13
62	14
64	2
73	5
77	12
79	13
83	13
85	11
86	1
87	1
94	15
95	8
103	14
104	4
105	12
109	5
112	14
113	9
115	8
116	15
121	8
128	11
129	1
131	9
136	8
137	8
142	12
145	6
148	10
Market 263
1	4
4	1
10	1
11	13
12	10
13	10
15	1
22	6
25	2
30	7
36	12
38	8
40	13
41	1
42	1
43	4
46	2
47	13
48	11
49	10
51	3
57	6
58	5
59	3
64	2
65	10
69	12
76	7
78	5
86	15
92	5
94	4
96	14
98	9
99	9
103	12
104	9
107	10
109	9
112	10
113	4
119	6
121	5
128	7
131	3
137	4
138	3
145	14
146	5
148	4
150	9
Market 303
3	5
4	4
10	3
12	1
15	9
26	8
31	10
32	10
33	7
36	5
37	9
38	14
43	5
44	15
45	10
47	11
48	10
49	6
51	9
52	9
57	3
60	12
64	13
65	2
67	12
68	14
73	10
81	15
82	6
85	10
86	8
87	5
90	14
93	10
96	5
102	15
103	8
104	6
108	4
112	1
115	10
116	8
120	4
121	3
129	12
132	9
134	5
136	2
142	7
143	12
145	5
148	10
Market 184
1	15
7	10
12	7
17	12
19	9
21	15
24	8
26	12
28	15
32	3
34	12
36	7
40	4
42	5
45	8
48	4
49	7
53	3
59	14
60	2
64	11
69	12
70	6
79	14
81	11
82	15
94	9
96	11
102	11
105	9
108	6
112	9
114	5
121	9
129	5
133	8
139	9
143	14
147	8
Market 236
2	15
6	15
7	5
14	7
15	3
22	12
23	10
27	6
28	3
30	5
34	14
36	13
39	10
40	1
41	9
44	14
45	14
49	12
53	2
67	10
70	10
79	2
81	2
94	3
100	4
104	2
110	8
115	1
116	9
121	6
123	9
129	6
132	3
138	2
146	13
149	11
Market 313
7	6
8	8
16	11
24	1
31	3
32	15
36	9
39	5
41	3
42	2
45	3
57	11
59	5
61	4
65	11
67	6
68	7
71	6
77	6
78	5
81	9
85	10
86	14
87	9
90	14
92	8
93	7
99	3
102	7
106	1
107	15
115	11
120	9
121	3
125	14
129	1
132	11
139	7
142	12
147	7
Market 285
1	13
6	12
10	8
12	15
17	7
26	8
32	5
36	8
39	7
41	8
42	10
43	9
46	11
57	3
61	15
62	6
64	5
65	12
68	9
70	9
73	13
81	13
83	8
86	4
93	1
106	13
110	8
115	13
129	8
132	10
140	11
Market 208
1	11
2	5
4	12
8	9
10	4
12	15
15	9
16	7
19	9
25	5
30	9
32	10
33	10
38	12
39	12
41	5
42	8
45	4
48	11
51	4
60	13
61	1
62	13
65	15
69	13
73	10
83	9
88	4
92	3
94	11
95	11
98	2
109	7
112	3
113	14
116	5
118	11
121	8
129	1
131	10
137	6
143	1
Market 22
2	15
12	13
16	10
19	14
22	2
30	13
36	10
41	11
44	9
45	5
48	1
49	6
53	9
60	11
64	7
67	10
69	2
79	13
81	13
85	5
92	9
94	11
106	11
111	14
113	12
116	15
121	11
124	14
127	12
139	13
150	1
Market 65
6	12
7	14
15	7
23	3
24	1
30	10
31	8
40	1
45	3
52	3
62	7
65	1
66	4
67	6
69	6
70	2
73	15
77	10
79	4
87	9
88	15
90	9
92	5
95	12
100	13
105	14
112	3
114	6
116	3
118	7
125	7
133	14
134	10
138	2
143	1
145	14
146	14
147	8
Market 183
1	6
3	15
9	14
21	10
26	4
36	9
38	3
39	1
42	2
44	8
45	6
46	8
49	1
52	8
58	11
59	11
60	3
61	11
68	15
70	13
73	12
78	7
83	6
89	2
96	10
99	5
103	1
106	3
110	13
113	8
115	5
119	11
121	6
126	10
128	10
132	5
134	2
137	12
138	14
140	9
144	14
Market 152
3	12
4	13
6	8
12	7
14	12
21	8
22	9
23	6
26	13
30	12
31	7
32	8
34	12
36	4
40	6
42	5
46	12
57	6
59	15
60	12
64	13
65	2
67	8
70	2
80	1
81	15
103	14
109	10
112	8
113	15
115	5
119	10
125	15
131	14
140	7
144	8
147	9
Market 92
2	15
3	8
16	14
22	2
24	10
32	12
36	7
39	5
42	4
44	14
46	5
48	3
51	3
59	3
65	9
67	1
69	8
73	15
77	1
79	1
80	13
82	7
85	3
89	4
92	13
94	1
98	10
102	2
103	7
107	6
112	8
115	15
117	5
119	3
121	11
125	9
129	7
131	11
133	11
137	11
140	1
143	1
146	6
Market 320
3	5
5	2
8	8
19	1
21	15
24	9
32	13
38	2
41	7
44	7
46	1
48	13
49	9
52	10
61	4
62	14
65	9
77	4
79	15
82	12
83	11
87	11
92	10
102	1
113	11
117	9
120	10
121	6
125	6
129	9
136	10
138	3
143	8
148	5
Market 95
3	13
10	11
16	14
21	12
22	8
24	15
31	5
36	8
37	4
51	11
62	9
69	3
74	6
79	13
97	3
101	2
111	6
116	14
129	1
132	8
145	10
147	1
149	9
Market 305
5	13
12	13
16	4
21	10
22	14
23	3
26	10
30	5
31	8
32	2
39	3
44	15
45	15
46	2
49	11
52	15
57	9
58	12
60	8
61	12
64	11
65	8
66	14
68	15
69	13
77	15
78	9
79	9
85	2
87	9
89	4
95	3
96	13
98	14
99	13
105	9
106	2
120	15
125	11
126	2
133	13
140	1
145	1
146	9
Market 66
1	2
16	2
19	1
30	6
33	8
42	13
44	3
46	15
49	5
64	3
66	10
70	9
73	15
74	9
81	9
97	13
101	9
104	10
111	2
113	8
116	7
120	7
121	14
125	8
133	9
138	12
147	10
Market 130
1	13
12	12
14	15
17	6
19	5
22	13
23	10
30	3
35	9
36	12
40	10
41	2
49	15
52	12
53	12
55	5
57	9
59	5
60	10
62	14
64	9
65	12
69	12
73	7
86	3
89	14
103	2
109	12
112	10
144	2
147	14
Market 328
2	4
8	1
12	9
16	4
17	5
19	2
22	2
24	1
26	9
31	7
32	2
33	10
37	15
38	5
41	10
42	15
43	15
44	5
46	2
53	14
57	11
60	4
62	14
65	13
68	3
69	10
73	13
85	13
86	1
91	12
92	6
97	3
99	6
101	1
104	4
106	11
111	10
113	14
115	3
116	12
120	9
121	7
128	2
129	1
138	4
145	10
146	11
149	15
Market 310
1	3
11	9
15	10
17	7
21	11
24	2
31	1
32	1
34	1
37	10
39	1
49	6
61	3
62	15
64	2
65	9
67	9
69	4
72	14
79	15
92	9
95	9
102	12
105	13
112	12
115	6
118	11
125	7
128	12
131	10
133	8
143	7
146	14
148	7
Market 323
2	1
5	11
6	5
11	14
12	3
14	11
15	11
16	9
17	9
19	6
24	2
30	8
36	12
43	10
44	3
45	8
48	11
52	7
60	3
62	9
65	15
69	3
70	13
73	15
81	15
86	1
87	12
89	11
91	9
97	9
98	14
103	9
111	9
112	1
120	2
124	12
127	5
128	1
136	11
137	7
142	12
146	6
147	5
149	8
Market 173
4	13
5	11
8	4
12	6
15	2
17	7
21	12
31	15
34	15
36	13
46	11
51	12
52	5
53	3
57	7
60	2
61	6
64	1
66	4
81	14
83	2
87	8
94	5
96	15
100	15
110	4
120	7
121	9
123	9
126	7
129	4
145	2
148	10
Market 196
4	3
5	5
6	6
12	10
14	3
15	14
21	9
24	8
30	2
31	4
38	2
39	1
41	10
42	14
44	7
49	7
51	8
59	9
61	6
64	14
65	10
67	9
81	9
86	6
87	7
92	15
95	8
109	1
112	6
114	8
120	11
121	9
125	8
128	8
129	4
131	14
133	5
139	4
145	14
146	10
147	2
Market 21
5	13
13	5
22	12
23	13
24	9
34	10
35	3
36	5
42	11
48	4
57	5
61	10
62	3
64	5
65	9
67	1
69	11
73	13
80	5
105	10
113	9
115	13
119	6
121	6
128	6
132	1
133	15
137	4
140	7
146	10
148	15
Market 281
4	10
5	14
9	2
11	14
12	13
16	1
19	11
21	15
22	8
23	15
25	10
32	13
34	6
36	2
39	1
41	6
42	2
44	13
48	13
51	14
57	7
59	5
60	6
62	8
63	4
69	12
77	2
78	3
79	4
80	14
82	7
83	13
85	11
86	15
95	10
98	7
102	10
105	10
112	2
114	12
118	8
119	7
125	14
128	6
133	12
143	3
146	8
147	15
Market 339
2	8
6	12
10	12
15	7
16	6
19	6
22	9
24	12
31	9
36	3
45	7
52	15
58	12
59	13
62	6
65	6
67	7
69	5
70	12
73	15
76	15
79	10
83	2
86	1
94	7
98	1
102	15
104	15
106	3
115	4
116	7
118	8
124	5
127	2
129	3
133	15
137	3
140	14
142	4
143	11
145	4
146	15
147	8
148	3
150	4
Market 185
1	14
2	14
7	5
14	2
16	13
22	4
31	2
36	8
42	5
45	3
46	1
56	12
59	12
62	9
64	13
67	10
83	10
87	13
92	9
94	12
96	13
98	9
100	2
104	8
106	3
112	3
113	2
125	4
128	10
133	12
149	13
Market 246
2	7
12	5
16	7
17	2
19	6
23	7
24	15
27	6
33	6
36	15
39	4
40	8
45	8
46	11
48	13
49	7
53	14
54	7
58	8
64	9
67	15
70	4
81	4
92	8
93	12
99	1
103	10
106	9
110	10
113	4
121	5
132	6
134	7
148	1
Market 94
3	11
4	5
11	12
15	10
16	12
17	5
19	6
22	11
30	7
34	1
40	8
41	12
43	13
44	1
45	12
46	6
49	6
60	4
62	9
64	9
65	2
67	15
69	7
80	2
81	2
83	15
92	9
98	9
106	12
109	5
113	12
115	7
118	8
120	12
121	9
128	3
131	4
133	8
140	12
146	9
148	12
Market 154
2	6
25	2
26	4
36	14
39	5
40	3
41	10
51	14
52	9
60	10
62	13
68	8
69	6
70	9
73	1
78	8
81	7
86	13
89	1
96	5
98	14
106	9
121	12
126	3
138	8
140	9
148	7
Market 86
1	4
3	14
4	7
5	4
17	10
18	13
22	6
23	1
29	4
32	1
35	15
40	8
44	15
48	6
51	14
57	8
59	4
68	4
69	8
70	4
77	2
78	6
92	12
110	15
112	6
132	8
134	4
140	5
145	13
146	14
Market 144
5	11
12	2
19	12
27	11
30	13
31	13
33	9
34	14
39	10
40	8
41	9
42	12
44	8
45	2
51	13
53	3
59	10
64	2
65	2
66	7
73	8
78	5
83	10
87	15
90	2
106	15
112	10
126	6
129	6
138	1
145	13
Market 210
1	5
5	9
6	15
12	9
14	7
16	14
17	2
19	5
22	14
29	4
33	13
41	14
42	7
44	4
45	14
46	1
48	15
51	5
52	3
56	12
60	11
61	12
62	10
65	1
69	3
70	7
86	3
89	15
92	1
106	2
119	15
120	4
125	11
128	7
131	15
132	6
137	8
140	9
Market 318
4	7
5	15
12	6
17	12
22	12
27	5
36	9
39	7
43	15
44	3
53	3
59	8
60	2
62	9
70	3
76	9
77	14
102	5
104	1
107	8
113	12
116	9
121	3
125	15
127	8
133	7
136	10
142	4
150	1
Market 32
1	11
7	6
21	12
22	10
24	12
28	10
30	6
31	4
34	14
36	1
40	1
44	8
45	12
48	15
58	3
64	3
66	1
67	4
70	15
79	3
84	15
87	6
94	9
113	8
116	3
120	13
126	11
129	4
132	4
138	9
145	13
147	4
Market 138
1	13
10	14
14	7
17	12
21	12
22	6
23	3
24	15
26	3
31	11
32	4
34	1
38	11
41	10
45	14
46	2
49	6
52	7
60	13
64	14
67	14
72	2
77	10
82	11
85	3
86	6
95	6
102	7
104	12
108	13
112	11
113	6
121	8
129	10
131	1
136	5
139	6
140	5
143	8
145	6
Depot
