CapEuclideo.350.150.5.4
Total Cost:253403
|M*|: 349
Depot
Market 161
10	1
11	7
14	15
24	9
25	1
28	1
30	9
35	5
37	15
42	14
46	11
49	1
59	10
64	8
71	11
76	11
77	3
81	1
82	13
83	10
87	7
100	1
123	12
137	12
144	4
Market 207
4	10
9	10
14	13
21	4
34	2
35	10
40	1
49	6
50	11
64	3
65	4
69	12
70	6
74	10
76	8
81	2
82	7
87	13
88	8
92	4
100	12
121	3
123	13
124	12
133	7
140	3
Market 287
2	7
8	4
12	3
15	12
20	4
24	1
32	5
34	8
38	13
39	13
41	5
46	5
49	3
56	12
57	9
64	11
65	14
69	5
75	13
76	8
80	7
81	3
87	1
88	6
89	2
92	3
93	11
99	11
100	2
103	9
105	12
115	1
121	3
123	14
124	5
126	5
129	15
135	15
140	9
143	1
145	3
148	12
Market 197
2	2
4	7
8	2
9	13
12	7
17	12
24	6
35	5
38	14
39	10
41	4
43	5
44	6
45	11
49	11
55	3
56	3
57	15
59	8
60	15
65	6
70	15
77	7
78	11
80	3
88	9
96	8
97	1
106	4
116	9
124	10
125	7
129	10
134	8
135	3
140	11
145	12
149	6
Market 81
4	11
9	9
11	3
29	1
30	3
37	7
42	8
49	9
53	1
57	11
64	7
65	13
71	5
73	1
77	12
80	4
82	10
87	6
88	3
94	10
101	14
106	4
121	4
124	2
126	13
129	10
134	11
143	10
146	6
148	1
Market 335
8	15
11	8
12	12
26	15
27	7
43	11
45	11
61	4
80	1
81	3
91	1
92	10
100	6
106	15
116	9
123	14
129	14
133	8
135	1
137	9
140	14
146	2
149	8
Market 345
11	11
24	2
26	4
33	13
46	7
55	5
57	4
64	8
65	4
67	12
68	4
78	9
83	5
87	14
88	11
89	6
97	1
116	1
135	14
137	14
144	15
148	8
Market 208
1	8
4	4
5	1
9	4
11	2
15	15
18	9
24	11
26	3
32	1
35	9
39	9
42	4
45	14
50	15
53	14
56	11
57	4
60	3
69	7
72	12
78	10
83	3
86	13
89	4
93	4
96	15
100	8
101	4
103	14
106	10
111	8
113	15
115	5
116	9
123	12
126	7
127	3
129	5
130	5
134	6
135	13
143	2
148	8
Market 79
2	14
4	11
8	7
10	7
16	2
19	11
27	12
29	6
30	3
32	10
35	11
37	6
39	7
42	7
43	15
44	13
46	10
50	3
59	13
60	12
66	15
69	3
70	8
71	12
77	15
80	4
88	6
93	8
95	6
99	8
106	14
123	4
124	1
126	8
137	11
144	1
Market 61
2	12
8	15
19	7
27	2
32	6
38	3
39	6
43	14
45	1
47	14
49	10
60	9
68	13
69	9
72	1
73	7
88	11
89	13
96	7
99	2
102	15
103	7
104	7
106	8
107	14
108	4
111	15
112	13
113	9
114	5
115	3
117	8
120	9
121	10
123	5
127	2
128	7
129	11
130	9
132	7
134	8
135	9
136	9
137	4
138	13
141	4
142	15
144	13
146	13
148	12
149	5
Market 262
2	13
3	7
10	3
23	6
24	2
25	7
32	6
42	8
47	13
49	3
51	10
52	8
60	13
72	3
77	13
78	2
81	11
83	5
84	6
87	12
88	9
89	8
93	11
94	7
96	6
101	10
102	6
103	3
105	4
110	3
111	15
113	6
115	6
119	12
122	1
123	7
125	1
129	4
130	5
133	15
134	13
135	6
136	7
137	2
140	15
142	4
145	14
146	9
147	9
148	15
149	6
150	3
Market 98
2	4
5	3
9	1
12	7
15	7
17	14
24	2
25	15
30	4
37	10
39	9
41	4
42	15
46	13
56	9
57	13
66	7
71	1
88	12
89	14
95	8
99	12
116	13
144	1
Market 99
1	8
13	13
18	9
20	3
24	15
26	4
27	8
41	13
47	14
57	15
61	8
64	13
68	14
69	6
73	15
74	6
80	8
81	7
86	13
93	6
97	9
99	2
101	1
113	11
116	7
121	10
123	15
130	11
133	13
134	7
135	2
140	4
144	3
146	7
149	5
Market 285
4	15
8	12
14	4
28	10
34	6
36	15
37	14
41	11
42	1
45	4
50	2
56	14
57	12
64	7
65	14
71	13
75	2
77	7
81	3
87	5
88	2
93	11
105	15
107	14
108	7
112	1
115	5
120	13
122	12
123	14
125	6
127	1
129	13
131	15
133	5
140	9
141	4
145	13
146	11
147	5
149	12
150	3
Market 119
8	4
11	11
15	13
30	3
38	5
46	7
47	3
49	14
50	9
54	4
60	13
66	1
67	15
69	1
71	10
76	11
78	9
82	6
83	15
87	5
88	11
89	7
100	5
103	15
105	14
106	12
109	7
111	8
115	9
123	1
124	9
127	11
129	1
133	13
137	7
140	7
142	9
146	12
148	6
149	15
Market 177
8	2
9	7
19	2
24	13
28	3
30	1
39	6
41	6
43	1
46	13
47	3
49	12
52	2
56	10
57	11
59	7
68	15
70	4
81	2
94	3
100	11
101	13
105	13
106	11
111	2
113	13
116	3
123	12
125	1
130	8
134	4
137	11
143	11
145	4
146	15
148	9
Market 182
3	1
10	6
14	10
30	3
32	7
34	8
35	1
37	8
41	6
42	8
49	14
53	8
65	6
69	9
70	14
83	3
87	5
88	6
116	7
140	9
144	9
Market 291
2	7
3	15
8	11
9	9
12	9
14	12
19	3
21	8
23	1
28	15
43	4
57	4
63	10
73	8
74	11
81	4
83	8
92	1
99	2
100	10
105	13
106	5
121	1
123	11
126	15
133	3
135	4
143	11
144	9
146	4
149	3
Market 74
8	2
23	15
26	13
57	3
69	1
70	8
75	3
86	10
88	7
93	5
100	15
102	13
103	6
105	9
106	7
108	10
110	10
112	13
113	5
116	6
118	10
121	1
124	9
127	13
131	11
134	6
136	5
137	11
147	15
148	7
149	11
Market 319
3	12
4	6
8	13
16	5
24	15
25	15
29	5
30	8
35	15
41	6
45	2
49	11
50	11
53	7
59	4
65	1
69	13
70	4
77	13
80	3
82	13
86	8
87	6
93	14
95	12
116	6
121	5
129	4
130	1
134	15
135	1
137	12
140	4
144	15
146	1
148	11
Market 103
2	12
10	2
11	6
18	8
24	1
27	11
32	3
33	11
38	12
46	13
49	14
53	2
56	11
60	5
63	15
65	4
72	10
79	2
83	12
84	2
89	9
96	11
101	8
113	14
115	2
119	7
120	4
127	12
130	15
134	12
137	5
142	13
143	9
145	2
146	10
Market 342
2	13
3	14
4	4
8	1
14	11
24	13
25	9
34	2
36	3
40	12
41	12
46	7
50	10
51	12
59	1
60	8
64	2
65	15
69	10
70	5
73	5
75	4
80	14
81	10
83	8
87	5
101	6
106	9
121	12
123	11
124	6
126	15
133	1
135	13
137	12
146	3
Market 314
2	8
14	4
17	3
19	4
21	14
28	13
33	3
38	5
39	3
41	4
47	4
49	8
61	3
69	8
72	10
75	10
83	14
86	5
87	8
93	1
105	15
111	8
113	7
121	5
123	3
125	12
126	7
129	15
133	3
134	2
135	12
140	7
144	1
145	7
146	12
148	9
149	13
Market 209
2	14
6	8
8	14
12	2
29	1
35	8
45	2
54	12
67	9
70	2
72	15
88	7
91	12
105	14
106	11
113	15
116	6
124	13
133	8
134	3
135	11
143	3
144	5
146	10
148	14
149	6
Market 273
4	13
8	14
9	12
10	11
11	1
24	11
30	7
36	7
41	13
42	4
43	13
45	2
49	5
51	13
54	7
57	14
60	4
67	8
70	7
77	4
78	6
87	5
88	15
93	6
94	7
101	8
123	12
130	9
137	9
140	12
143	13
145	2
Market 241
9	13
10	11
11	10
14	15
17	12
23	4
24	15
25	1
30	4
32	1
35	7
42	7
43	15
45	7
46	12
50	3
53	11
59	4
64	6
67	5
77	13
78	14
82	9
87	14
88	5
93	9
95	14
101	10
105	9
106	12
111	11
116	3
123	11
124	2
125	4
126	6
129	7
130	10
137	13
144	6
145	2
148	10
149	3
Market 199
4	13
9	4
15	10
24	8
25	8
30	6
32	12
35	15
37	13
42	5
43	4
53	12
57	9
64	1
65	12
77	11
82	13
87	15
89	4
93	11
100	6
101	10
102	15
103	9
104	9
105	11
106	4
107	2
112	12
113	3
115	11
116	4
119	6
122	8
125	2
127	14
128	11
133	3
135	2
137	8
140	9
142	3
144	12
145	11
146	9
147	7
149	10
Market 185
25	3
27	4
32	13
44	7
46	11
47	10
54	6
69	15
70	8
73	5
87	15
88	3
97	2
99	10
116	7
123	7
126	12
135	12
148	4
Market 154
2	14
3	8
8	12
9	13
11	12
12	10
14	11
19	10
27	9
34	11
38	3
39	7
41	4
43	6
45	3
49	3
56	12
57	15
60	1
64	14
73	10
81	9
87	8
88	4
89	10
91	13
99	15
106	13
116	15
Market 143
2	1
3	1
9	1
12	13
17	5
22	1
27	3
29	8
33	4
34	3
38	4
39	1
41	3
43	2
46	4
54	13
57	9
60	2
63	6
64	7
69	8
70	4
73	7
75	10
78	10
79	4
81	10
83	6
84	5
91	9
96	12
99	15
106	5
116	11
121	3
123	15
124	8
129	4
130	5
133	5
146	11
148	3
Market 200
2	7
8	3
9	14
11	9
18	13
25	11
38	7
41	5
44	6
47	10
56	9
60	2
69	13
80	15
83	8
85	7
87	14
88	12
91	12
99	5
100	7
105	9
111	3
115	2
121	12
125	15
126	7
127	1
129	3
130	4
133	5
140	9
143	13
144	3
145	6
146	9
148	3
149	12
Market 293
12	14
19	14
26	14
30	7
32	6
34	1
38	6
39	14
41	15
42	13
44	13
45	3
46	8
53	5
61	2
64	1
66	5
69	6
73	4
75	5
80	10
81	8
86	8
93	7
95	3
96	14
97	4
99	15
105	11
116	11
121	5
123	2
126	11
135	15
149	5
Market 239
2	14
3	12
9	1
11	9
14	15
15	9
16	15
24	3
29	3
30	4
34	5
35	14
40	12
42	9
53	2
57	9
59	13
64	15
65	5
69	15
71	14
75	13
77	13
81	11
82	4
100	14
106	1
121	9
126	10
135	10
140	6
144	6
Market 171
2	14
3	11
5	8
9	15
15	7
17	9
29	1
35	7
39	8
41	1
43	14
44	6
45	3
47	14
53	14
56	10
57	5
60	12
67	12
73	5
78	9
87	3
89	11
91	12
93	10
96	9
99	10
100	9
102	12
105	7
106	1
109	12
112	1
115	9
119	10
120	7
123	8
127	9
130	7
132	10
134	8
135	4
137	15
142	5
143	2
146	15
Market 127
4	13
8	11
9	14
14	4
19	14
27	2
33	12
44	12
45	2
49	6
50	12
57	9
58	15
69	2
80	14
82	12
91	7
93	10
105	4
121	5
125	5
126	9
134	8
135	13
140	14
Market 194
2	6
5	4
6	2
12	4
17	5
18	13
22	10
25	8
26	8
32	2
34	14
43	5
45	12
46	15
47	15
49	11
54	9
56	2
57	14
60	4
67	15
69	3
70	4
72	12
75	13
78	2
79	5
80	12
81	9
83	11
86	6
87	14
88	12
99	1
101	1
104	12
106	11
107	9
109	9
111	7
113	2
116	10
118	9
119	14
120	11
124	8
125	13
126	6
127	5
129	13
130	12
134	7
137	11
144	10
145	5
147	11
149	1
Market 195
4	7
6	9
15	12
24	3
25	3
29	10
32	5
36	9
43	10
59	14
60	9
65	9
72	9
78	8
89	9
94	5
113	8
116	10
121	11
123	11
125	10
130	5
135	8
144	12
146	12
Market 329
2	10
9	14
15	12
23	7
29	4
30	3
39	15
41	1
50	8
56	5
57	11
64	10
69	9
70	4
73	4
76	14
78	4
82	5
83	8
87	6
88	12
93	11
99	5
106	12
116	1
123	8
135	5
137	3
144	5
Market 124
2	15
4	13
6	13
10	9
18	14
32	4
34	7
38	6
43	10
45	10
46	10
47	1
56	8
62	6
65	12
67	1
72	12
78	11
80	5
81	4
91	5
95	14
101	6
106	5
124	15
130	1
133	9
146	5
Market 109
1	6
5	13
6	14
8	6
11	12
14	9
15	3
24	15
26	11
38	10
41	5
43	4
46	13
49	1
54	7
60	4
64	11
65	2
67	7
68	15
72	1
73	2
78	15
80	7
81	5
83	8
86	12
87	1
89	9
96	5
97	3
106	1
116	5
121	3
144	7
Market 235
9	12
15	14
24	8
25	14
30	12
36	5
38	13
41	11
46	3
53	11
64	14
65	2
70	15
72	1
77	13
78	10
88	5
100	5
101	9
105	10
107	9
109	11
110	11
112	6
116	7
119	4
123	13
124	1
125	13
127	15
128	15
129	11
131	9
133	11
135	9
136	11
138	6
142	15
143	3
145	2
147	5
Market 133
3	11
8	14
11	14
14	4
27	11
41	10
43	14
45	3
46	3
49	2
63	7
64	9
69	15
70	9
73	9
88	12
89	6
105	4
106	6
113	13
121	9
124	5
125	1
126	6
129	1
134	1
145	12
148	4
149	10
Market 330
4	12
8	8
18	13
25	4
32	9
37	7
42	9
43	6
45	6
46	8
49	7
53	5
54	2
59	6
60	4
65	15
67	7
69	11
70	3
71	5
72	13
80	7
84	10
88	8
96	4
101	2
104	11
106	5
107	4
108	1
109	5
111	13
115	12
119	14
120	8
121	12
123	10
125	3
126	5
129	9
130	3
131	6
132	10
133	1
134	13
135	7
136	8
137	1
143	3
144	2
145	11
148	11
Market 120
2	2
5	15
8	5
9	14
11	2
17	11
19	10
25	8
26	14
32	2
38	10
39	15
41	9
44	13
53	8
55	12
56	15
68	11
72	5
73	11
80	9
96	5
99	10
106	5
123	7
144	11
Market 349
5	2
8	3
12	12
15	2
16	13
17	14
18	5
24	8
25	14
32	6
37	13
38	3
39	2
43	7
44	4
45	5
47	1
59	9
61	12
64	8
67	8
72	9
73	11
79	3
84	12
86	9
88	10
91	12
103	15
108	6
109	1
112	9
116	9
119	4
121	1
132	8
134	10
135	9
137	13
140	14
141	9
143	5
144	12
147	11
148	4
149	10
150	10
Market 34
4	5
9	7
15	14
19	2
24	5
33	2
36	14
41	12
45	4
46	9
49	12
57	8
58	7
65	7
75	3
77	5
80	10
82	11
87	2
88	9
89	9
91	9
93	15
116	12
121	4
123	5
144	2
Market 7
4	5
8	14
9	2
14	7
19	8
24	9
26	13
32	13
33	12
41	6
45	13
46	8
51	6
56	12
60	10
65	11
75	7
77	6
86	7
87	1
88	2
96	7
100	6
103	14
106	5
107	3
110	2
118	15
124	12
127	15
129	5
134	13
137	1
138	7
139	11
140	7
142	3
143	15
144	4
145	2
148	7
Market 228
12	12
15	4
20	5
25	12
29	3
30	7
34	6
35	9
39	8
45	14
50	3
56	1
57	12
60	13
69	14
70	5
72	6
74	15
76	8
77	7
83	7
87	1
89	12
92	12
93	11
129	10
130	13
133	11
135	11
140	10
144	8
149	15
Market 28
9	3
11	2
22	14
25	13
32	3
34	6
36	12
41	4
43	4
45	4
50	6
65	2
67	12
69	9
75	6
77	15
78	3
81	5
87	10
88	9
89	14
116	14
121	2
123	15
137	1
Market 210
4	13
9	12
24	3
25	13
26	12
30	5
32	15
34	4
37	2
38	7
41	2
43	4
53	4
57	3
59	14
60	8
71	12
72	10
75	8
77	9
80	6
81	10
85	12
87	7
93	4
95	14
96	6
103	1
111	6
113	7
121	13
123	10
124	4
126	7
127	7
129	13
133	8
134	12
137	7
142	11
143	11
144	3
145	11
146	12
148	6
Market 232
1	6
2	2
3	10
8	8
11	12
18	5
27	1
29	2
30	13
32	2
34	6
35	11
39	11
41	3
43	6
46	5
49	10
57	8
59	6
64	4
75	8
80	5
81	12
86	4
89	13
93	11
96	13
100	12
101	5
115	11
116	12
123	3
124	11
125	2
135	6
140	7
143	2
146	6
Market 245
3	4
4	3
11	14
14	15
21	14
24	11
32	2
34	3
38	6
43	15
45	4
46	3
47	13
49	4
57	3
58	2
65	12
69	15
70	9
77	8
81	1
83	15
88	4
89	13
96	14
101	3
116	14
124	11
125	6
129	9
130	12
133	6
140	10
143	8
144	14
145	11
146	3
149	6
Market 242
2	7
4	9
9	6
19	11
25	13
32	11
33	3
38	10
43	13
47	2
60	12
62	6
64	7
67	10
72	9
78	11
88	10
96	6
106	1
126	1
133	2
134	5
145	10
Market 152
3	3
9	13
11	3
12	15
15	14
19	3
22	13
23	13
24	9
27	14
30	10
32	3
33	12
38	12
39	2
41	12
44	4
45	2
46	3
49	8
50	13
54	13
56	4
60	6
63	11
64	9
65	11
70	7
72	1
73	10
81	11
86	14
87	10
88	9
89	11
91	12
93	3
99	6
116	13
121	10
123	7
124	7
135	7
137	8
144	9
Market 144
3	14
8	3
9	11
10	9
11	1
29	14
34	9
42	3
46	11
49	12
51	9
64	5
69	9
70	13
75	1
80	12
83	3
93	4
105	6
113	15
115	2
124	1
125	14
134	1
137	15
143	11
146	3
148	9
Market 67
4	12
6	2
8	11
11	8
19	12
24	12
38	14
39	7
43	2
44	6
45	13
46	5
47	14
54	12
61	1
67	1
69	14
78	12
80	1
84	9
89	14
90	7
105	10
116	12
121	9
124	6
126	14
129	7
130	5
134	4
144	12
145	13
149	3
Market 3
4	1
9	12
10	6
30	3
35	9
37	2
45	6
46	13
49	9
53	2
57	3
77	9
82	12
83	2
87	7
96	11
105	3
106	12
116	3
126	12
129	13
130	5
133	12
134	9
135	5
140	14
144	15
146	2
148	9
Market 284
9	13
12	2
17	4
18	6
25	14
26	4
33	8
38	6
39	6
44	14
46	14
49	5
54	7
57	12
64	8
70	1
78	2
79	6
80	12
83	13
93	15
116	10
126	9
129	2
135	1
140	5
148	7
Market 279
9	7
11	14
15	6
16	15
19	6
24	9
25	14
26	2
30	13
33	13
37	1
41	10
42	10
45	9
46	14
53	5
57	6
59	8
61	12
68	5
70	4
71	7
76	2
80	12
82	14
83	10
86	10
93	1
103	1
106	13
109	3
111	10
113	3
115	13
116	12
120	13
121	4
123	12
127	6
129	8
130	5
135	10
137	5
148	3
Market 153
4	5
9	5
15	13
16	4
19	13
21	2
30	1
33	1
37	10
42	10
44	9
46	15
47	15
53	12
56	14
57	6
60	13
69	13
78	4
81	14
82	13
84	9
86	12
87	15
89	6
95	4
99	9
106	1
124	1
129	12
130	13
133	10
135	14
140	2
144	14
Market 60
5	8
11	11
15	11
24	12
25	7
30	8
35	3
41	4
42	1
45	9
46	2
49	3
65	9
66	10
69	11
71	1
76	1
80	9
82	14
83	6
87	12
89	15
116	5
130	15
137	14
140	9
146	2
Market 248
12	9
17	9
18	8
19	2
25	9
30	11
35	9
38	10
39	6
41	1
43	13
46	6
47	15
65	14
69	14
71	12
72	11
73	15
80	5
87	5
88	15
95	2
99	14
Market 217
8	12
11	6
12	10
14	1
19	5
21	13
26	10
28	12
32	12
33	15
38	8
39	3
40	10
41	8
44	10
45	15
46	15
47	2
56	1
60	8
67	1
68	10
69	7
70	4
80	12
88	3
89	14
93	14
100	1
106	3
123	6
124	4
135	10
140	10
144	3
148	3
Market 88
1	4
5	13
7	7
8	9
11	6
12	7
25	1
30	12
32	4
39	5
45	5
46	2
54	6
56	2
61	7
65	1
67	1
69	9
72	7
73	13
80	7
83	5
88	13
89	2
90	6
96	13
97	13
106	5
123	9
Market 14
6	13
11	15
17	3
24	2
32	14
42	6
45	10
49	8
53	11
59	4
65	11
67	6
69	15
71	6
72	10
80	15
84	3
87	4
96	6
106	10
Market 337
2	10
6	8
9	15
32	13
33	4
35	7
43	7
44	4
46	3
47	8
49	2
54	10
60	9
64	12
68	5
69	3
70	15
72	13
73	1
76	1
82	11
88	14
89	2
93	1
96	12
99	15
106	5
113	1
116	11
123	10
124	7
133	11
134	8
137	11
140	11
145	3
146	6
148	12
149	10
Market 198
1	15
8	7
9	14
11	11
12	5
20	11
24	14
26	15
27	3
29	15
30	11
33	6
34	11
35	12
37	13
38	13
39	11
41	3
42	2
45	6
49	11
50	8
56	8
57	8
59	14
71	13
76	1
77	11
80	6
82	13
83	12
86	9
87	9
88	14
91	8
92	14
93	4
95	4
97	4
99	8
101	10
103	9
104	13
106	3
107	11
112	5
113	9
116	11
118	15
119	9
120	4
121	1
123	3
124	3
126	3
127	2
129	1
130	11
133	7
135	6
136	4
137	13
144	7
145	14
146	10
147	12
148	2
149	8
Market 299
2	7
7	3
10	10
11	12
12	14
25	5
27	10
30	13
32	6
33	4
36	6
38	2
44	7
46	10
47	13
49	6
54	14
59	11
64	5
65	5
68	14
70	5
78	8
80	13
83	3
89	2
91	15
99	15
101	5
103	2
105	1
107	1
109	8
110	14
111	6
112	7
113	11
115	15
116	13
118	4
119	9
120	2
121	12
122	3
123	14
124	1
125	5
129	5
130	3
132	11
133	14
135	8
136	12
138	6
140	8
142	10
143	3
144	3
148	12
149	11
150	13
Market 344
3	10
4	1
8	4
11	15
15	15
21	11
24	6
25	9
33	1
41	6
43	13
46	1
56	11
57	6
65	1
67	14
69	6
80	1
82	12
96	10
116	9
137	3
Market 289
3	6
6	11
9	6
25	1
27	14
29	14
33	4
38	1
41	12
43	5
45	12
49	3
54	3
56	1
65	13
67	7
69	14
76	9
89	4
91	7
93	1
99	15
123	6
124	9
129	2
135	7
144	5
Market 83
3	7
4	2
10	15
11	13
15	10
23	1
24	10
37	11
41	2
42	13
45	9
46	12
49	14
50	8
53	1
57	10
59	5
65	2
70	13
71	7
77	6
80	8
83	14
87	9
89	4
93	13
101	10
105	1
108	10
111	6
112	7
113	7
115	12
118	14
119	13
120	9
124	15
125	15
126	2
130	6
131	4
132	3
134	5
135	11
136	3
137	7
142	11
143	13
144	12
145	3
146	3
147	9
148	8
Market 162
2	5
6	10
11	8
12	4
18	3
19	4
25	12
27	8
38	15
43	10
47	6
54	3
63	1
64	11
67	8
68	10
69	11
73	5
79	2
80	2
83	3
85	2
87	8
88	12
91	3
99	8
106	7
121	11
124	3
129	8
137	9
140	6
148	15
Market 173
8	12
14	8
19	6
22	9
29	13
30	7
34	1
37	2
38	12
39	4
42	8
43	13
49	10
56	9
60	9
63	15
70	6
71	4
73	5
75	7
77	13
81	2
83	4
88	10
95	15
116	10
137	5
144	5
Market 346
4	13
9	5
10	11
11	4
12	3
16	8
20	15
24	13
35	12
46	9
50	15
53	7
56	6
65	8
70	10
71	2
74	14
77	10
80	8
87	11
89	9
95	9
Market 85
3	8
4	5
10	9
15	6
22	2
30	14
36	6
41	8
42	7
45	15
57	4
65	13
70	10
75	15
77	3
83	6
87	8
88	4
93	6
94	9
100	4
111	3
121	13
123	5
124	9
125	6
127	7
129	4
130	13
134	9
135	1
137	14
140	7
144	6
145	11
Market 331
3	12
4	4
7	5
16	3
18	14
22	5
26	1
29	2
32	13
38	11
39	2
41	10
43	11
44	15
46	8
49	4
54	4
56	9
59	1
63	2
64	10
65	10
71	3
75	6
77	15
83	7
87	7
95	8
96	13
100	11
101	1
105	2
106	3
107	9
109	12
110	5
111	12
113	14
115	11
116	1
121	15
123	6
124	8
125	6
126	10
128	10
132	8
133	7
136	5
137	6
138	1
142	6
Market 46
4	4
6	12
17	12
19	13
32	5
38	8
43	8
46	13
49	10
54	6
65	10
67	10
88	4
100	14
102	15
103	11
104	4
105	10
107	8
109	5
110	9
116	10
118	6
124	6
128	8
137	6
142	5
143	6
146	5
147	2
Market 246
4	10
5	14
19	2
32	14
37	8
39	5
41	4
42	12
43	10
56	1
59	1
65	6
68	2
71	2
73	3
83	5
97	5
106	13
121	4
133	4
148	7
Market 12
2	3
4	2
5	10
9	13
12	5
15	11
16	11
18	10
19	14
24	9
26	13
39	2
42	11
46	13
47	6
50	3
53	7
56	1
65	6
66	4
68	10
69	11
70	10
72	9
76	8
80	14
82	11
83	7
85	6
89	1
91	13
96	12
101	10
130	1
137	9
140	14
149	12
Market 310
8	8
9	2
12	2
18	6
19	15
25	12
32	9
33	9
39	9
43	15
44	8
45	6
46	6
54	3
60	6
63	2
64	11
69	13
75	2
81	4
87	6
89	7
93	11
105	10
111	13
113	10
124	7
125	6
130	10
134	1
135	1
137	15
146	5
148	1
149	7
Market 159
4	1
5	4
8	7
11	9
14	10
15	10
17	7
25	4
32	3
34	1
35	1
38	3
42	12
45	14
46	5
50	14
53	3
65	15
66	13
67	7
70	1
72	8
75	5
76	8
78	7
80	15
83	5
87	12
88	9
89	8
93	13
95	10
96	6
105	4
106	4
111	14
113	1
123	2
125	15
129	3
137	2
143	11
145	8
146	14
149	6
Market 35
6	12
8	6
10	5
16	5
38	9
41	1
42	13
43	14
46	7
54	8
59	5
65	13
72	6
83	14
95	15
113	14
116	14
123	4
124	7
126	4
129	13
133	2
134	6
140	2
145	10
149	5
Market 270
2	6
4	6
8	2
23	3
29	7
33	12
39	15
41	3
44	11
45	1
46	14
50	6
57	2
64	7
70	14
87	1
116	12
123	14
135	8
137	6
144	11
Market 313
3	8
6	11
11	12
14	1
32	5
36	3
43	5
45	3
49	2
54	14
67	9
77	10
88	10
121	11
123	3
126	5
133	4
135	15
137	12
140	4
148	5
149	5
Market 318
4	3
7	11
9	1
32	7
34	4
44	13
54	13
56	5
60	1
68	12
69	4
72	13
74	7
80	12
85	10
93	11
96	14
100	1
103	11
113	9
115	5
121	12
123	5
125	14
127	13
129	4
131	11
133	4
137	2
140	3
142	3
143	13
144	13
145	2
148	8
Market 188
1	11
4	4
6	13
8	10
9	9
11	10
17	14
18	12
21	14
26	14
27	3
30	7
38	7
41	15
43	6
45	7
46	3
49	5
54	10
57	9
60	5
72	3
73	12
74	4
78	13
82	14
83	14
84	6
87	14
88	14
92	3
121	1
123	5
124	13
126	9
133	4
135	15
137	8
140	7
144	13
146	9
149	10
Market 264
3	4
4	13
24	13
30	4
32	11
34	12
43	7
46	1
50	9
60	1
65	3
75	3
81	5
88	8
93	7
94	4
103	8
106	5
111	12
115	7
125	13
129	12
130	1
134	1
135	15
140	3
145	2
Market 115
4	10
6	12
10	15
15	9
17	14
18	3
25	11
41	5
42	9
47	11
49	5
51	2
54	3
65	7
70	1
72	11
77	12
88	15
94	7
100	15
104	15
107	11
109	7
111	8
113	13
115	6
116	11
118	4
119	12
121	11
124	15
125	13
129	4
130	8
132	9
136	13
137	15
143	8
145	6
146	15
147	1
148	15
Market 42
9	12
11	11
14	6
19	5
27	9
29	4
39	9
44	10
49	9
56	7
57	7
60	15
64	11
65	1
70	5
73	3
75	6
77	12
80	6
81	8
83	2
85	7
87	3
91	2
93	7
101	6
105	9
106	7
107	4
109	14
111	5
115	7
116	6
120	6
125	5
126	6
131	13
133	5
136	11
137	15
140	8
142	7
146	12
148	8
Market 102
4	15
10	13
30	10
37	12
49	14
57	3
59	5
60	2
65	2
70	3
71	2
77	11
87	14
93	1
100	14
101	1
103	11
105	9
109	13
110	3
112	11
115	1
116	2
118	8
121	10
122	6
123	1
126	3
127	9
128	7
129	9
130	15
131	8
134	6
135	4
136	9
137	5
138	3
140	7
142	8
144	5
146	2
148	10
149	2
Market 301
2	7
12	9
54	15
60	7
61	7
70	15
78	12
80	1
88	9
90	13
91	6
99	4
116	2
121	1
123	12
137	4
140	15
Market 212
3	3
4	5
8	10
10	3
18	13
25	7
29	1
30	3
41	7
43	15
47	13
54	2
60	15
65	10
69	15
75	5
77	12
84	8
87	9
88	1
89	13
96	15
116	10
137	14
Market 214
6	5
8	5
14	14
25	3
27	13
34	3
38	4
41	4
42	2
43	4
45	13
51	1
56	2
57	15
59	3
65	6
67	12
70	9
81	9
87	3
94	8
96	2
101	9
105	14
116	2
121	4
123	4
129	4
130	5
133	4
137	1
148	6
149	14
Market 55
2	5
8	2
10	5
11	3
14	10
15	5
17	11
19	7
25	2
29	14
30	14
34	6
41	9
44	1
49	5
57	6
59	7
63	10
65	10
69	13
70	3
77	14
81	8
83	15
93	9
94	2
100	4
101	13
103	9
106	13
115	3
116	5
120	6
124	12
126	6
127	5
131	9
135	8
144	8
145	4
146	11
148	10
Market 222
3	12
8	8
11	7
12	11
23	6
24	9
27	6
30	15
33	1
34	7
38	4
39	5
42	2
43	15
45	3
53	2
56	7
59	15
64	8
70	8
73	3
75	1
87	14
95	7
100	2
103	14
105	2
106	6
107	8
112	8
115	15
118	2
119	2
121	8
124	5
126	9
129	3
130	4
131	6
137	12
140	14
143	15
144	8
145	14
149	9
Market 95
2	10
4	10
8	7
9	9
11	11
18	3
24	10
29	6
30	7
32	9
34	12
41	6
45	9
46	11
47	1
49	10
56	3
60	9
68	3
70	8
73	1
81	2
86	4
88	11
89	7
93	14
96	1
99	10
101	2
105	2
111	5
113	14
116	7
121	4
123	2
126	14
129	12
130	6
134	12
135	13
140	7
143	8
144	8
145	14
Market 296
2	12
5	6
8	4
9	6
11	13
12	14
17	8
19	2
24	10
25	10
30	5
31	7
35	7
42	9
45	3
46	12
49	4
53	7
57	11
66	9
69	9
70	4
71	15
73	10
76	4
78	5
80	10
81	9
82	4
87	3
88	5
91	3
93	8
95	14
103	10
105	7
106	7
109	14
111	10
115	9
123	9
125	6
127	4
129	1
130	6
133	4
135	1
137	9
140	2
143	9
144	10
146	7
148	5
Market 66
8	8
9	7
11	6
15	12
22	12
29	13
30	11
34	2
36	6
41	5
42	1
45	6
46	9
49	1
53	9
59	11
64	12
70	6
75	11
77	4
87	13
93	8
102	6
103	8
106	2
107	1
108	3
110	6
111	5
112	6
113	3
115	10
119	15
120	7
121	15
123	10
125	6
126	6
127	9
130	5
134	10
137	10
138	9
142	15
143	3
144	13
145	2
146	12
147	14
148	6
Market 166
2	10
3	13
6	2
9	12
11	7
15	9
19	7
24	5
25	12
32	5
33	9
39	2
44	9
45	10
46	15
49	14
57	15
60	9
61	6
64	14
65	13
67	1
73	5
75	5
77	12
78	12
80	15
82	6
83	14
87	7
88	1
89	3
90	2
100	3
101	8
102	7
105	10
106	10
107	1
113	7
115	15
118	15
119	6
120	4
121	1
123	7
125	12
128	15
129	10
131	5
132	7
133	12
134	6
139	13
140	13
142	10
143	4
144	2
145	2
146	7
149	9
Market 57
11	3
12	15
14	7
19	6
22	1
25	1
29	1
44	13
45	4
46	12
49	5
57	14
61	12
64	1
75	6
80	14
87	6
90	1
101	10
106	6
121	13
124	10
125	10
135	10
140	1
145	7
146	2
Market 234
2	8
4	13
9	10
11	2
25	9
26	8
29	3
30	9
35	5
41	8
45	13
48	12
49	12
50	15
56	8
57	1
61	13
64	5
73	9
75	2
76	3
80	3
81	13
82	10
86	9
100	8
103	12
105	6
107	11
109	5
111	2
115	13
116	4
118	14
120	1
121	14
123	4
124	13
125	14
127	2
130	9
133	1
134	4
135	9
137	1
144	5
Market 306
2	10
4	8
11	2
14	2
18	9
26	10
27	3
30	10
38	4
40	7
43	10
46	4
47	1
49	4
54	15
70	10
82	13
88	4
89	8
92	13
99	11
101	10
123	10
129	6
130	9
134	15
135	11
143	7
144	15
148	7
149	2
Market 32
2	1
9	8
12	11
15	15
24	14
29	4
41	7
45	15
46	2
49	15
60	4
61	2
69	5
70	10
73	4
80	13
81	4
82	11
86	5
88	12
91	7
93	15
97	10
101	12
106	9
113	4
116	3
123	5
126	1
129	12
130	14
133	13
134	7
137	1
140	2
143	14
144	1
145	5
146	6
Market 29
1	3
4	15
10	10
11	2
16	3
17	4
25	1
26	4
32	12
33	10
38	1
39	4
43	7
47	7
53	2
56	5
59	13
60	13
64	11
67	12
68	3
71	8
72	9
77	9
78	13
80	7
83	10
86	8
89	15
90	3
95	15
97	10
101	4
103	9
104	11
106	3
107	13
110	8
113	4
114	10
116	12
118	3
119	14
120	1
121	11
122	12
125	2
126	7
129	13
131	8
133	1
138	1
140	10
141	12
142	2
144	1
145	13
146	6
148	4
149	15
150	3
Market 297
1	7
4	2
8	12
11	12
18	8
20	12
22	3
24	7
26	12
29	8
30	15
32	13
34	7
37	2
39	1
41	12
45	2
49	2
57	7
64	8
65	8
67	5
68	1
70	13
72	9
73	4
75	9
77	9
81	7
83	11
86	14
87	7
91	8
93	13
96	13
Market 338
2	1
3	15
8	2
9	13
11	13
12	2
19	3
24	4
25	4
29	11
30	1
33	2
34	1
35	9
38	10
39	5
41	9
42	9
45	15
46	8
49	13
53	12
56	2
57	14
59	10
64	12
65	5
69	1
70	10
71	15
75	8
76	11
77	8
80	15
81	3
82	8
83	8
93	10
95	3
96	11
100	9
101	12
103	15
105	4
106	15
111	11
115	6
116	3
121	14
124	4
126	8
129	10
130	12
131	4
133	12
140	1
142	11
143	15
145	12
146	9
148	4
149	5
Market 16
6	11
8	11
15	10
17	15
30	9
32	8
46	15
49	14
52	9
54	8
60	6
64	15
65	12
77	15
84	7
87	4
88	3
95	7
100	10
105	14
106	9
111	4
115	9
116	1
121	1
130	4
135	2
137	13
143	15
144	13
Market 37
1	13
4	4
6	8
10	10
11	4
18	13
32	11
38	12
51	1
54	2
57	3
59	14
60	7
68	10
72	13
73	3
77	4
82	5
86	8
101	13
106	14
129	11
137	14
140	10
146	4
149	7
Market 278
12	8
27	5
30	9
32	13
38	1
39	2
41	10
43	8
44	7
54	5
80	2
87	5
93	12
96	9
101	8
116	10
123	11
130	5
133	14
134	1
135	14
144	3
145	11
Market 156
2	8
3	9
4	1
12	15
15	4
19	14
24	1
26	12
28	9
33	8
34	3
39	6
41	7
43	4
44	4
50	1
57	9
60	3
64	8
80	3
81	8
83	12
87	1
90	5
100	11
121	11
135	12
137	5
Market 288
2	11
11	7
12	7
15	1
16	9
17	13
18	5
26	4
30	15
38	13
39	3
42	5
44	14
46	9
47	5
48	2
49	12
53	2
54	5
59	6
60	9
61	10
65	7
68	14
69	14
73	14
77	15
88	2
90	11
96	5
105	12
106	5
121	8
123	10
126	15
133	9
135	11
137	4
143	4
144	11
149	4
Market 320
4	12
11	14
19	4
25	2
27	3
30	14
32	5
39	4
42	4
43	7
46	2
47	1
54	15
56	13
59	1
63	9
69	13
70	8
72	2
73	3
77	10
79	3
80	9
83	15
86	13
88	9
89	2
95	14
96	14
99	2
106	2
111	10
124	13
125	5
129	1
130	11
133	1
134	3
143	15
145	2
146	11
148	13
Market 347
8	1
11	8
16	7
18	9
25	14
32	14
38	13
42	15
43	5
45	4
46	10
47	14
49	4
57	14
59	8
60	2
65	4
69	8
71	8
72	7
89	10
95	10
109	10
112	4
116	9
119	1
120	2
121	6
124	12
126	3
127	6
129	9
131	7
134	14
136	3
137	8
144	10
149	11
Market 206
1	4
4	5
8	10
11	5
17	4
19	12
20	7
25	13
27	1
34	1
38	9
39	2
41	6
43	6
44	9
45	1
46	12
53	6
56	1
57	10
60	13
64	12
69	1
72	2
73	10
80	15
83	6
89	13
90	11
92	3
93	7
96	7
97	8
99	7
106	2
116	8
123	1
137	13
144	8
Market 26
2	1
3	14
11	14
12	3
14	5
15	5
22	7
29	7
34	11
36	12
39	4
41	8
43	3
45	5
49	11
50	4
57	7
59	2
65	3
69	3
70	12
81	10
94	11
106	11
116	12
123	12
Market 348
2	6
4	5
8	11
15	6
26	4
35	8
39	15
41	6
44	13
46	4
49	4
59	2
62	9
76	7
77	2
82	10
88	5
93	1
99	2
116	14
123	1
144	9
Market 326
1	6
5	4
18	11
19	1
26	2
30	12
32	1
38	9
39	5
41	14
42	12
43	10
45	1
46	10
47	12
53	11
54	12
56	3
60	13
66	1
68	4
70	15
71	15
72	9
73	13
86	1
95	11
96	8
100	4
101	14
106	8
107	5
108	14
109	15
116	4
118	2
121	10
123	8
125	1
137	9
138	13
140	9
143	7
144	12
145	4
146	14
150	14
Market 43
4	7
10	7
15	15
16	10
22	11
35	13
42	2
45	15
57	12
64	10
65	1
76	15
81	11
93	9
101	3
102	8
103	9
104	12
106	6
109	5
111	13
118	5
120	10
122	14
125	10
131	10
132	11
133	4
134	15
135	15
138	4
142	11
146	1
147	8
149	13
Market 316
1	6
8	1
11	11
18	5
34	6
39	10
41	9
64	7
73	11
80	8
89	1
92	2
97	6
99	4
124	7
126	2
148	11
Market 71
2	8
4	6
5	1
7	15
8	5
9	13
12	15
15	12
18	7
24	14
29	15
33	13
35	1
38	14
47	6
49	13
50	4
54	5
56	8
57	3
70	4
77	5
80	1
85	12
88	4
89	14
95	3
101	3
102	4
105	15
106	10
107	1
109	10
110	11
111	1
112	8
115	12
116	8
119	6
121	11
122	3
123	15
124	1
125	5
129	13
131	2
132	12
133	5
135	8
138	2
140	1
142	14
145	13
148	3
149	1
150	9
Market 186
3	1
14	8
15	13
21	13
28	6
30	1
35	4
39	10
41	14
45	10
49	12
50	8
57	7
58	10
60	2
69	5
73	4
76	7
77	15
80	10
81	6
83	8
88	14
93	2
100	8
106	13
111	2
115	13
116	8
121	3
123	6
125	4
126	5
130	8
133	1
134	4
135	15
143	5
145	12
148	8
149	6
Market 341
2	4
6	4
11	6
12	4
25	6
31	7
32	7
33	8
38	6
43	9
45	5
46	2
54	2
56	9
62	1
66	8
72	3
73	4
88	5
91	4
95	6
101	15
111	5
113	7
115	5
116	5
124	2
125	1
127	13
130	3
133	11
140	3
143	3
144	15
145	3
148	3
149	10
Market 192
4	11
8	9
9	13
10	5
12	13
14	15
16	12
19	14
23	13
24	8
33	4
34	2
37	1
39	13
41	9
42	12
44	2
45	14
46	3
49	11
65	7
70	3
71	7
73	12
75	14
81	13
87	7
91	9
100	4
101	14
105	9
106	6
111	15
113	8
115	5
116	12
123	6
124	5
125	9
130	10
133	9
135	5
137	3
140	6
143	6
144	10
145	5
Market 107
9	6
12	15
17	15
25	14
36	8
45	2
46	1
50	15
58	1
61	10
67	3
69	10
73	6
78	7
83	11
88	15
94	6
97	3
101	6
102	15
103	15
106	15
107	5
108	11
111	1
118	1
120	1
121	11
123	5
124	7
126	12
128	9
131	6
132	14
133	9
136	4
138	12
140	5
143	14
145	8
147	4
148	1
149	12
Market 136
7	8
8	11
11	7
15	13
17	8
24	4
25	3
30	4
34	1
36	14
38	2
41	13
45	4
47	14
49	9
57	11
59	13
60	9
65	4
67	1
68	4
69	4
70	2
72	10
80	4
81	12
85	7
93	3
94	7
96	7
109	14
123	10
124	8
126	14
130	8
134	1
140	5
144	14
145	5
146	5
148	10
Market 226
8	4
14	1
21	12
35	5
41	9
45	6
46	11
50	13
57	2
64	6
69	4
70	5
82	10
83	14
94	2
100	7
106	5
123	3
144	8
Market 15
2	4
3	9
8	1
9	14
11	6
12	10
14	13
23	1
25	6
34	15
38	3
39	6
43	1
44	3
47	15
56	13
60	7
63	11
65	8
68	12
72	2
73	5
75	8
80	1
81	5
87	5
88	5
89	5
91	15
93	3
96	7
124	14
129	13
133	3
135	6
137	7
140	6
Market 93
11	7
25	11
27	7
29	6
32	3
35	11
38	15
39	2
41	13
44	3
45	15
49	14
50	15
60	14
65	8
80	12
83	1
88	11
89	8
93	2
96	8
99	10
104	3
106	7
110	6
112	14
114	2
115	8
116	1
118	6
119	3
121	7
122	3
125	6
126	14
127	14
129	3
130	4
133	3
135	6
150	13
Market 227
2	8
3	6
4	8
5	12
9	1
11	2
14	13
15	6
17	10
18	2
19	9
22	10
24	14
26	2
29	12
33	9
43	14
46	12
60	4
61	6
63	2
64	1
65	2
70	7
73	10
77	4
78	2
86	14
87	5
88	5
89	1
94	14
121	12
123	3
125	10
126	2
130	8
133	7
134	2
144	1
145	8
146	15
148	13
149	15
Market 105
2	10
3	8
4	10
8	1
9	2
10	4
12	1
16	3
19	14
26	2
30	1
32	4
38	9
39	12
41	13
42	5
43	5
44	10
45	5
46	12
49	6
53	1
56	2
57	15
61	5
67	5
71	9
72	12
73	11
75	15
77	1
78	4
80	12
83	7
87	5
89	10
91	9
95	8
96	4
98	13
99	8
106	7
123	7
144	9
Market 321
10	7
14	4
15	4
24	8
30	10
42	14
44	10
45	13
49	11
56	2
69	1
75	2
77	7
80	3
81	3
87	4
91	9
93	5
94	8
113	12
115	10
116	3
123	14
125	15
130	8
135	6
137	7
143	7
144	12
148	14
Market 274
3	10
9	10
12	4
19	10
44	12
45	5
46	8
49	5
56	2
57	1
61	7
63	7
70	15
73	2
75	7
80	6
86	14
87	9
90	8
93	1
97	14
101	13
105	14
106	4
111	11
113	5
115	13
116	8
123	12
125	1
130	1
134	1
137	7
143	3
145	2
146	13
149	7
Market 8
2	8
3	12
8	7
10	4
12	6
14	15
17	6
19	3
21	2
24	3
28	2
30	8
32	7
34	15
44	15
45	1
49	8
54	3
56	15
59	13
61	2
64	9
67	12
69	15
70	10
72	6
74	4
78	7
80	15
81	4
86	6
87	13
88	2
94	1
101	15
103	5
105	3
115	3
123	10
124	15
125	3
129	12
130	1
133	1
137	7
144	4
145	9
146	9
148	14
149	14
Market 137
3	13
8	12
9	14
14	8
18	7
19	14
21	12
26	3
28	15
29	13
30	13
32	10
34	4
35	12
38	10
41	14
43	13
44	5
45	5
54	9
57	5
60	1
69	13
70	15
80	8
85	9
86	7
87	5
89	1
93	8
96	1
97	2
Market 64
3	3
8	7
9	5
16	12
24	3
29	11
37	13
42	9
45	10
47	12
49	10
50	2
53	10
59	1
64	3
71	14
75	4
77	13
81	14
83	8
93	10
101	13
111	2
113	5
116	1
123	12
124	10
125	10
126	8
130	3
135	15
137	6
144	12
145	9
146	11
149	14
Market 298
3	11
9	9
15	1
16	14
24	14
29	10
30	7
36	6
37	2
43	5
46	11
57	3
58	9
59	7
64	12
76	5
82	9
83	14
87	7
89	9
93	14
94	3
101	13
103	6
105	3
106	4
111	9
112	4
113	1
115	9
116	13
118	15
124	3
125	11
129	6
131	9
132	2
134	7
135	6
137	9
142	8
143	3
144	4
148	5
149	4
Market 276
2	1
8	14
9	13
12	15
26	12
27	11
32	9
33	1
34	7
40	2
41	4
43	12
44	11
45	11
47	4
56	15
60	8
61	4
64	9
68	14
69	8
73	9
80	5
81	2
83	8
86	5
89	6
96	1
97	8
123	2
144	9
Market 58
5	13
9	1
12	3
15	15
19	6
25	10
26	4
30	13
32	9
39	6
43	12
44	3
46	9
50	8
53	13
56	6
59	1
61	10
69	10
73	3
80	5
88	10
94	13
96	12
97	5
105	5
106	15
111	14
115	4
121	8
130	8
140	4
143	13
149	15
Market 47
4	2
9	9
14	1
24	12
29	8
34	13
41	2
49	5
50	2
57	14
69	4
75	12
83	10
106	12
123	4
124	2
126	2
129	5
133	11
135	10
137	3
140	1
146	13
148	11
Market 69
1	4
3	4
4	8
5	13
9	13
15	1
24	3
25	8
32	3
33	4
34	8
38	14
41	11
43	1
46	2
47	11
49	6
53	10
55	9
60	6
61	3
64	9
68	8
69	15
70	15
73	2
75	11
77	14
78	6
80	5
81	13
83	4
86	14
87	7
88	5
89	9
96	1
97	3
101	4
105	5
106	12
113	12
121	9
126	4
129	13
134	2
137	6
140	4
144	13
146	15
149	6
Market 20
4	7
5	8
6	12
8	14
9	5
12	8
14	9
17	4
26	12
30	4
32	10
33	6
34	12
38	5
39	2
41	14
42	2
43	4
46	11
53	4
54	5
56	5
57	1
64	3
65	12
69	2
70	2
71	8
72	11
73	9
78	10
80	10
81	3
86	2
87	9
89	1
90	4
93	13
96	10
116	10
123	9
144	7
Market 27
12	13
17	1
19	2
24	3
32	14
33	11
38	3
39	13
42	7
46	2
53	3
54	6
56	10
61	8
64	1
72	14
80	5
84	8
86	2
87	10
95	7
99	7
101	9
103	12
107	11
112	15
113	1
116	14
118	3
120	13
121	10
124	8
126	15
129	1
137	12
142	4
144	9
146	6
149	14
Market 312
2	3
4	15
12	1
14	3
22	13
29	8
34	9
41	4
44	9
49	10
56	11
57	8
64	13
70	5
87	5
106	12
Market 240
11	10
33	3
43	12
44	14
46	4
47	10
54	15
60	13
83	2
85	11
89	6
100	11
101	5
103	10
106	14
109	3
111	9
116	13
121	6
123	11
126	15
130	9
134	4
135	7
137	7
Market 82
2	15
9	6
15	13
17	6
18	10
27	14
30	11
33	9
36	1
39	7
41	15
44	10
46	9
47	4
50	4
60	14
68	4
72	12
80	15
83	11
85	10
87	6
89	14
101	11
115	15
118	8
121	15
125	7
129	14
130	15
133	4
135	9
136	1
146	11
149	1
Market 328
1	5
6	11
8	15
9	10
10	8
12	8
14	1
19	8
22	3
25	5
27	13
30	12
32	12
33	1
34	2
38	13
39	15
41	4
44	5
46	6
47	12
49	2
56	15
60	6
65	6
67	8
70	6
71	4
73	6
81	3
85	12
86	4
89	11
91	6
93	14
100	6
105	13
106	12
115	2
137	9
143	6
148	9
149	6
Market 175
3	4
6	15
8	14
9	1
14	5
25	3
29	13
32	2
33	10
43	4
48	15
49	12
54	7
56	3
60	14
63	6
64	2
67	9
69	2
72	10
73	10
78	14
80	2
81	12
84	5
86	4
87	3
88	5
89	9
91	4
93	7
96	4
97	11
106	12
129	11
135	1
137	12
140	15
148	11
149	4
Market 128
1	12
2	12
4	7
11	4
15	8
17	15
25	3
26	13
30	11
32	3
33	11
38	5
39	9
43	3
46	2
47	4
49	7
53	9
61	14
68	10
69	2
70	15
73	9
77	15
78	7
80	6
83	3
89	5
96	1
106	2
113	7
121	5
125	7
126	5
129	11
133	14
134	8
135	6
137	3
140	9
143	15
144	10
145	12
146	3
148	5
Market 339
3	9
8	3
18	10
19	8
26	3
27	4
28	5
38	1
39	14
43	1
45	4
56	2
60	13
64	11
67	14
70	9
73	3
75	12
81	7
83	11
87	5
88	10
89	1
91	12
93	8
99	4
100	11
103	14
104	14
105	11
106	9
111	7
119	6
120	6
121	6
123	12
126	7
127	6
128	5
129	3
130	4
131	13
134	3
135	4
136	7
138	10
140	7
142	10
147	13
Market 140
2	2
3	11
4	2
9	6
12	6
15	9
19	4
23	15
24	1
25	14
27	4
29	13
30	5
33	8
35	1
37	11
41	9
42	7
44	14
45	3
46	3
49	15
53	9
56	12
64	13
69	5
71	4
73	1
76	6
77	8
80	7
83	15
87	12
93	12
101	5
106	12
121	5
133	1
140	7
149	5
Market 96
4	7
6	2
10	7
11	11
14	11
15	13
17	4
28	2
38	3
42	12
43	4
45	11
47	10
50	10
51	5
57	10
59	4
60	3
67	14
70	4
72	15
74	15
76	6
81	7
88	12
93	5
94	14
116	5
121	8
124	9
126	3
129	1
130	14
134	3
135	3
137	13
140	3
149	1
Market 250
4	5
6	3
10	8
11	8
16	10
18	10
24	7
30	5
32	13
37	10
38	14
42	14
43	9
45	1
47	13
53	4
54	7
59	2
60	4
68	12
70	15
72	5
83	4
85	10
87	12
94	3
96	12
100	3
101	7
105	5
106	8
113	13
125	10
129	12
134	13
135	11
137	10
140	5
145	13
146	9
148	8
Market 92
4	2
6	8
8	5
11	5
16	12
24	14
32	1
42	3
46	7
60	11
64	15
65	15
70	4
83	2
87	2
88	7
96	9
106	15
129	8
135	4
137	8
144	11
148	15
Market 165
2	3
8	15
9	15
11	13
14	1
19	1
22	4
29	8
32	7
33	12
34	11
36	13
39	8
41	7
44	11
46	7
51	13
56	2
59	1
60	7
64	14
65	8
70	8
73	8
75	4
77	1
83	4
87	15
93	9
101	8
105	4
106	11
121	13
124	13
126	8
129	14
134	8
137	9
140	1
144	8
146	10
148	7
Market 283
3	4
4	9
9	8
10	7
15	12
36	11
45	3
49	9
57	2
65	12
77	5
87	13
105	9
106	15
111	14
119	1
123	8
125	11
130	1
131	15
134	6
140	2
144	9
145	14
146	15
148	7
149	10
Market 86
2	7
6	11
8	8
9	6
12	7
17	8
19	11
29	12
32	10
33	7
38	15
39	13
43	5
45	11
46	14
48	11
49	13
60	8
67	13
69	6
72	2
73	3
78	1
80	2
82	3
88	11
89	4
90	7
97	3
101	2
106	12
116	3
121	3
123	2
124	1
126	7
133	9
135	3
140	10
144	9
146	6
Market 101
8	12
12	14
18	12
27	14
33	2
39	12
43	15
44	15
47	14
49	6
60	8
64	1
69	6
70	4
72	4
73	7
80	14
85	6
87	5
89	13
99	5
101	9
105	10
106	11
116	6
121	1
126	7
129	9
130	14
133	1
134	5
135	11
144	10
Market 303
6	8
8	8
11	11
17	1
19	8
25	12
26	3
30	11
32	1
36	5
38	12
41	7
43	7
44	2
45	10
46	13
56	7
61	14
65	10
73	6
77	11
78	13
80	15
82	13
90	2
93	12
96	5
97	12
106	13
116	1
121	3
123	2
124	6
126	10
130	10
135	10
140	10
146	11
Market 187
3	3
4	4
8	5
9	14
11	12
17	2
19	3
24	14
29	13
30	4
32	6
33	4
35	9
45	6
47	4
53	8
60	13
67	10
75	10
83	10
89	1
96	6
121	8
123	7
124	4
133	15
135	10
137	13
Market 266
9	9
14	10
34	5
40	13
41	14
45	2
49	5
50	6
69	1
70	12
80	14
87	8
88	6
92	10
93	11
100	4
101	12
103	6
105	9
109	9
115	1
121	14
123	3
124	13
125	8
127	13
130	7
132	10
134	12
138	9
140	9
142	5
143	3
144	6
146	12
148	3
149	4
Market 229
4	6
9	5
18	11
25	15
26	4
32	9
36	7
38	15
42	3
45	6
49	13
50	14
54	1
68	11
69	3
70	5
83	11
88	15
96	10
101	13
116	11
123	12
124	7
125	4
135	5
140	4
144	2
146	3
149	9
Market 65
8	8
11	11
12	12
15	13
17	3
25	5
29	9
35	6
39	15
45	5
47	14
50	5
54	3
57	8
62	7
64	15
67	10
72	15
86	14
99	4
101	9
113	2
116	9
123	13
133	7
134	15
135	8
140	2
145	15
146	6
Market 157
2	3
5	13
17	2
19	12
27	10
33	6
36	2
39	12
41	13
42	3
44	1
45	10
56	6
58	9
59	12
61	10
67	9
68	1
80	14
83	12
90	2
93	4
101	14
104	13
105	11
108	10
110	1
114	5
116	11
119	6
122	8
123	1
124	14
126	2
131	15
132	13
135	5
141	8
143	14
150	11
Market 52
4	2
7	15
8	14
10	12
11	10
24	14
25	2
26	3
33	13
37	5
42	15
43	1
46	11
47	5
54	9
59	10
65	7
69	2
83	3
88	12
89	15
96	7
116	6
137	13
Market 236
2	6
4	11
8	2
12	9
15	8
18	12
19	4
23	3
28	2
30	4
36	1
38	10
39	3
42	3
44	14
45	5
46	6
47	13
49	10
51	14
56	13
59	5
60	13
64	9
68	12
70	15
73	7
75	12
79	13
86	5
90	6
92	7
93	14
96	1
100	4
101	12
105	1
113	2
121	2
123	11
124	10
125	12
129	6
140	5
144	8
146	4
Market 17
3	6
4	3
8	9
15	8
19	9
22	5
23	6
29	7
30	5
34	4
35	14
39	1
41	8
44	7
45	10
50	12
57	13
64	14
65	12
70	14
73	11
74	5
75	2
81	7
82	12
87	11
88	10
91	14
92	2
106	2
111	15
121	11
123	5
125	11
130	4
134	15
137	6
140	11
144	5
145	14
146	4
148	7
149	8
Market 315
4	10
8	7
17	1
25	15
32	4
36	4
43	5
50	6
57	8
77	7
82	1
89	7
93	3
106	5
116	3
121	1
123	11
126	12
129	10
137	8
146	12
148	9
Market 149
1	10
2	13
5	12
9	12
10	10
16	5
17	10
19	2
25	12
26	14
32	3
33	11
39	7
42	5
43	6
46	3
47	3
49	2
53	5
55	5
61	13
65	7
66	9
69	7
72	4
77	7
80	13
83	15
86	14
87	4
90	12
96	4
97	10
99	8
105	4
106	11
111	4
121	3
125	4
126	10
129	13
130	15
135	9
137	6
140	8
145	4
148	14
149	9
Market 110
2	3
4	4
8	6
11	15
12	3
15	10
20	12
24	4
26	3
34	1
35	15
38	11
39	8
44	11
49	9
55	12
57	6
60	7
65	1
68	7
70	11
73	9
74	15
80	6
81	15
82	5
86	5
87	11
92	14
93	9
96	11
99	10
100	4
102	12
105	15
107	2
110	13
111	9
115	3
116	9
120	9
125	12
129	10
138	6
140	10
142	12
143	5
145	6
146	15
148	12
149	3
Market 24
3	7
4	8
8	10
9	13
10	12
16	12
17	9
24	7
25	13
38	1
49	11
53	9
60	2
64	12
65	3
76	3
77	10
78	7
83	9
87	5
95	13
106	5
116	9
121	4
123	13
133	4
135	1
Market 253
2	6
4	4
8	7
11	9
12	5
14	2
19	13
23	3
26	1
29	4
33	1
35	6
39	8
45	14
46	10
49	11
56	6
57	11
61	12
64	1
69	10
70	3
80	14
83	9
88	9
90	8
93	4
100	1
101	13
102	13
103	3
104	13
105	7
107	2
108	4
111	8
114	10
115	11
116	2
117	11
120	2
123	4
127	9
128	3
129	15
130	4
131	14
136	2
137	1
138	1
141	1
142	7
146	10
149	12
Market 62
9	2
10	10
11	15
15	8
19	8
24	9
26	3
32	4
35	12
38	1
39	15
42	10
44	15
45	8
46	8
49	3
55	15
56	10
59	6
60	4
61	4
65	14
68	11
71	4
72	15
73	9
76	7
77	5
83	4
88	8
93	11
96	6
106	5
107	6
109	9
112	5
118	11
121	4
123	1
124	8
125	4
131	7
133	13
134	15
135	13
140	14
142	4
143	13
145	15
146	6
Market 260
2	11
8	14
15	10
16	7
19	3
24	12
25	1
30	9
32	3
33	3
35	12
38	13
39	6
41	11
42	13
44	9
49	5
56	3
57	4
59	12
64	15
69	12
71	9
73	12
77	7
87	15
89	11
116	6
123	8
130	11
135	9
149	15
Market 305
1	3
5	5
9	13
11	6
18	10
19	3
25	6
26	15
32	4
33	15
38	4
43	7
46	13
49	12
53	7
55	15
60	8
67	14
69	3
73	11
78	11
80	13
87	2
93	5
101	1
106	12
116	4
121	7
123	1
124	9
126	8
129	5
135	8
140	5
144	7
145	1
148	10
Market 158
11	11
13	6
18	5
33	11
34	13
43	2
46	5
49	2
64	6
68	10
69	8
70	13
73	15
74	7
88	15
89	14
92	1
93	10
100	2
101	7
107	5
108	7
109	4
112	11
116	15
120	4
121	10
124	14
129	7
130	3
133	10
136	6
140	13
143	4
144	8
147	10
148	4
149	3
Market 138
3	2
4	14
5	6
9	6
17	15
29	10
32	7
38	4
42	1
53	2
57	14
65	4
66	7
71	4
75	14
78	11
80	2
86	7
96	2
100	15
106	2
116	9
119	6
120	13
121	7
123	8
126	2
130	14
132	3
137	3
140	4
144	5
149	13
Market 80
2	7
4	15
8	7
11	3
12	10
15	7
18	13
20	7
24	8
25	5
26	3
27	13
34	8
36	10
38	12
42	14
45	6
49	6
52	3
54	2
55	14
64	13
65	5
68	4
70	8
72	14
73	1
74	13
77	12
80	10
81	6
83	12
85	13
86	6
88	5
94	11
96	6
103	2
105	4
106	3
111	14
115	5
116	5
123	5
124	11
127	6
129	12
130	4
133	2
134	7
135	10
140	12
144	5
145	15
146	8
148	4
Market 33
4	10
8	11
11	3
24	6
25	15
32	1
38	5
42	14
43	4
45	11
49	4
50	7
53	6
57	11
59	5
65	15
68	2
77	7
85	3
106	10
121	6
124	8
133	12
140	7
Market 50
1	2
5	2
8	14
11	2
16	5
25	15
30	13
32	4
43	6
53	1
55	5
60	13
66	2
68	15
73	8
78	2
80	9
83	9
86	5
95	15
113	15
116	7
121	13
124	15
125	3
126	6
130	4
134	13
140	10
144	13
148	13
Market 267
7	12
11	3
31	14
33	15
41	10
46	11
53	15
54	15
61	9
68	2
78	9
83	15
85	7
86	7
95	3
96	6
97	11
100	3
103	4
106	9
108	10
111	8
116	14
118	3
120	6
124	2
125	15
127	12
130	15
131	5
132	4
133	10
136	3
138	1
144	7
149	9
Market 272
2	4
10	9
11	7
12	11
14	2
15	8
27	13
33	14
41	14
45	10
47	4
50	5
53	5
56	6
63	11
64	2
69	2
71	11
73	12
77	4
83	8
86	14
87	14
88	10
91	4
93	10
101	1
106	13
111	2
115	15
116	4
123	13
124	5
125	9
126	10
129	10
130	8
133	15
137	10
140	6
149	11
Market 73
2	11
6	14
8	13
16	10
18	8
25	11
27	9
30	12
32	2
34	1
37	13
38	14
43	15
45	7
46	10
47	8
49	15
53	15
54	2
59	2
60	8
65	15
69	15
71	13
72	3
79	10
81	1
83	10
84	4
88	14
95	6
96	13
99	10
106	5
116	15
121	14
124	4
135	8
137	7
144	5
Market 160
2	7
4	13
8	8
12	3
19	1
26	4
38	5
39	9
43	14
45	7
46	10
49	15
50	15
57	10
64	6
69	13
70	7
82	3
89	11
91	1
93	6
96	6
99	6
101	6
105	4
106	6
111	5
113	12
116	10
121	4
124	3
126	1
129	11
130	5
140	1
146	15
148	14
Market 100
2	5
4	15
5	1
12	11
19	6
24	10
27	2
35	7
36	13
37	7
42	10
46	1
50	15
53	11
60	12
64	5
73	13
82	4
87	9
88	4
101	8
105	9
113	1
121	4
124	7
129	14
133	11
135	13
137	3
140	7
144	14
145	14
Market 167
3	1
4	2
6	2
8	11
11	9
19	4
21	9
24	15
30	10
32	12
33	2
38	10
39	10
41	10
46	4
54	4
65	3
72	4
73	2
74	6
77	5
78	8
80	14
81	14
83	15
88	9
89	5
96	5
101	6
103	4
105	13
106	12
109	3
111	9
112	1
113	9
115	15
116	12
120	6
121	13
123	7
126	6
127	13
129	2
130	1
131	14
133	3
134	11
135	14
142	7
146	8
149	4
Market 11
4	10
9	11
11	10
15	4
30	12
50	4
60	5
64	4
65	7
74	4
76	9
80	4
88	7
92	4
104	13
105	5
108	5
110	5
111	3
113	11
115	1
127	10
128	5
132	14
136	12
137	13
138	2
142	9
147	15
148	11
149	5
Market 117
3	13
4	3
8	11
9	2
11	8
22	3
30	1
32	15
34	5
38	5
43	4
45	12
47	12
53	9
54	3
57	14
59	10
65	3
70	6
72	6
75	10
83	8
87	6
88	13
93	15
94	2
96	15
103	1
109	11
111	12
113	4
116	7
120	3
123	13
126	5
127	14
134	5
135	5
140	4
144	14
149	14
Market 191
6	14
11	3
16	14
18	9
22	14
24	5
30	1
34	11
37	12
45	2
46	12
53	2
54	1
57	3
59	4
65	1
69	12
71	6
77	15
83	2
87	10
88	12
93	12
96	7
101	15
105	14
106	11
121	14
123	9
124	13
125	3
126	5
130	6
135	7
137	6
144	11
148	8
149	9
Market 123
3	7
4	10
12	14
14	1
23	1
29	14
37	3
39	14
41	15
42	3
46	2
50	15
53	6
56	8
57	2
59	5
64	11
65	3
69	3
70	12
75	3
77	9
80	12
81	1
83	10
87	2
88	11
93	10
95	15
121	8
123	9
124	11
129	8
133	11
140	2
148	10
Market 141
4	8
8	8
12	12
15	14
17	8
18	13
25	6
27	4
39	1
41	10
44	1
50	12
56	12
60	13
65	5
70	4
72	12
87	5
88	3
91	10
93	8
96	5
102	2
103	15
104	9
106	12
107	15
109	12
110	4
111	1
115	13
116	3
123	10
125	9
126	15
127	6
129	6
130	10
131	15
136	1
138	15
142	2
146	2
148	15
149	12
Market 108
8	15
11	4
14	9
19	10
21	8
24	9
27	9
28	5
34	15
36	5
39	13
41	4
46	1
49	2
50	2
65	6
69	4
71	10
73	3
83	13
89	2
91	9
99	12
121	13
129	4
140	7
145	5
146	9
Market 281
4	15
8	15
10	2
11	14
14	9
23	14
30	9
32	10
34	12
37	9
38	14
41	9
42	10
45	13
49	1
59	2
60	14
65	5
76	8
77	3
80	10
81	5
87	4
89	13
93	7
95	6
96	12
101	13
106	5
116	6
123	14
124	13
126	9
129	4
130	15
135	10
137	2
144	6
Market 180
4	7
8	9
9	15
11	7
15	13
16	7
24	6
26	13
29	13
33	13
37	13
42	5
47	12
50	2
55	12
57	10
59	13
60	15
68	6
70	7
71	3
73	5
76	9
77	7
80	8
86	3
121	2
123	13
135	15
144	8
Market 309
4	13
6	4
11	3
16	12
24	9
30	11
38	4
41	1
43	9
45	13
46	10
54	14
59	2
60	13
65	4
70	15
79	7
83	4
88	4
89	1
95	7
96	9
105	13
106	14
111	12
124	9
125	4
129	5
143	5
145	15
146	3
149	4
Market 72
2	3
9	1
14	6
15	10
19	1
24	14
25	3
27	3
30	3
39	3
43	7
45	5
46	11
53	13
56	7
57	2
59	7
73	5
75	9
78	14
81	14
82	4
83	15
87	6
91	15
93	13
100	9
105	2
106	6
111	6
113	12
116	4
121	9
129	9
131	11
134	12
135	10
137	6
142	4
143	6
144	11
145	5
146	13
Market 247
2	11
12	2
30	1
33	13
41	9
44	12
45	13
49	5
60	5
64	3
69	3
70	9
73	2
74	3
80	8
81	8
82	5
83	3
87	5
91	10
92	12
103	2
106	5
109	11
111	8
113	6
115	7
118	7
121	10
124	13
126	11
127	5
144	13
145	4
148	7
149	15
Market 255
3	3
4	1
8	11
11	14
14	11
15	6
19	14
21	10
24	5
26	5
28	9
30	8
34	13
35	11
39	3
43	12
44	2
47	6
49	7
60	10
65	4
69	3
70	3
73	7
80	9
82	11
88	1
90	14
97	4
100	2
106	15
113	6
121	14
129	4
130	9
133	10
137	10
145	6
146	9
Market 237
4	10
6	14
8	10
9	12
15	11
17	2
24	15
32	10
35	1
37	15
38	7
43	14
45	9
46	6
47	11
53	10
54	9
60	12
64	14
65	15
66	2
70	15
76	8
78	4
83	3
84	2
88	14
89	1
95	10
96	1
116	4
121	15
135	9
144	11
Market 223
8	3
17	6
19	3
24	11
25	1
26	15
32	12
33	4
43	8
44	4
45	4
47	5
49	2
60	11
61	12
69	14
84	15
86	3
88	9
89	2
101	14
105	5
113	12
123	12
125	5
126	12
134	7
144	4
149	10
Market 254
6	14
9	2
11	5
15	6
25	13
30	12
36	5
45	11
46	1
49	5
51	1
67	5
70	8
80	2
83	1
88	8
89	11
93	5
100	1
103	6
105	8
106	6
120	1
121	6
123	5
124	7
125	7
127	5
131	2
136	9
137	12
142	2
143	3
145	2
148	11
149	15
Market 139
1	4
2	14
3	3
4	6
8	10
11	4
23	11
26	3
27	8
29	12
35	7
38	4
39	15
41	13
43	1
54	12
55	2
56	12
57	6
72	11
73	6
74	1
80	3
81	1
86	1
87	4
89	15
93	10
99	13
101	15
104	2
107	13
108	15
110	11
119	3
121	15
126	9
127	8
132	1
133	5
135	1
136	13
138	8
140	11
142	6
144	5
145	8
147	9
Market 176
9	6
11	10
30	2
39	4
49	6
64	8
65	2
67	6
70	10
77	13
78	4
89	9
93	5
94	5
101	9
111	5
113	8
121	5
124	6
127	2
130	15
134	11
140	15
144	12
149	9
Market 38
2	14
4	11
8	4
14	2
24	8
28	12
29	6
30	4
32	13
35	6
44	6
45	11
47	6
50	12
57	4
76	13
77	3
80	4
82	12
83	10
87	4
88	6
90	7
93	4
94	5
96	3
97	12
100	12
103	4
109	9
110	14
111	1
113	8
116	9
118	14
120	7
124	10
126	3
127	10
130	12
133	4
140	10
143	4
144	5
Market 36
1	15
2	9
3	4
8	9
12	13
24	10
32	8
34	7
41	7
45	11
55	2
62	14
64	2
65	5
68	12
73	9
76	13
81	9
82	12
89	10
97	15
101	10
105	8
106	13
113	4
116	7
121	8
123	2
124	3
125	9
133	1
135	2
140	10
146	7
149	12
Market 311
8	15
30	14
43	4
46	11
67	14
72	3
77	6
78	14
84	11
96	5
100	11
101	11
103	9
119	7
120	3
124	3
126	4
129	14
130	14
134	3
135	4
140	3
143	9
145	1
149	1
Market 163
3	11
4	11
6	1
8	9
9	8
10	4
14	6
24	12
25	10
29	4
30	11
32	15
37	14
39	6
41	6
42	7
43	11
46	15
47	8
57	5
64	9
65	12
79	2
81	11
83	15
87	3
89	15
95	8
101	3
106	7
123	2
130	11
133	14
134	6
135	2
137	7
140	2
144	15
148	14
149	14
Market 277
11	6
17	4
24	13
35	7
36	4
37	14
41	10
45	11
49	10
66	15
70	5
71	15
76	15
77	12
82	10
83	4
88	15
94	1
100	12
101	6
106	9
111	11
121	15
126	13
137	4
144	12
145	3
146	6
148	5
Market 340
10	14
14	14
24	5
29	13
30	13
34	13
37	6
59	3
64	14
121	10
135	6
137	1
Market 94
10	7
11	7
16	1
17	12
25	1
30	3
32	15
41	10
45	9
47	10
49	12
53	9
54	14
59	1
60	13
65	6
67	5
69	9
70	2
72	13
84	6
87	4
89	5
95	11
100	4
105	6
106	1
107	3
109	1
113	14
115	10
118	11
119	4
120	7
121	4
124	8
125	2
127	10
130	10
132	3
133	10
134	12
143	1
144	9
148	15
Market 258
2	6
4	5
7	11
8	1
9	7
11	11
25	10
26	12
29	11
30	5
32	13
37	13
38	8
41	10
42	2
46	8
49	12
50	9
54	14
59	8
60	9
65	5
68	14
69	12
70	6
77	2
83	6
85	13
88	8
93	2
100	2
102	3
103	7
106	7
108	10
109	5
112	2
113	1
116	2
119	9
121	1
123	1
125	7
126	2
127	5
128	6
129	14
132	2
133	10
136	5
143	2
144	15
149	7
Market 25
2	6
5	9
6	5
8	11
12	15
17	12
25	4
27	9
30	8
33	3
37	6
38	12
39	2
41	14
42	11
43	5
44	10
47	3
49	11
55	1
56	11
63	4
64	12
67	15
68	4
69	4
71	10
72	2
73	1
77	2
78	15
86	5
88	8
96	3
99	15
116	8
123	6
144	10
146	5
148	14
Market 343
2	14
4	13
6	12
11	15
14	8
19	7
28	9
30	5
33	6
40	4
43	7
44	9
45	7
47	2
54	14
56	4
60	5
61	1
69	2
74	11
86	10
89	14
90	2
92	7
96	2
103	7
105	5
111	6
113	6
116	6
124	6
127	15
129	5
135	13
140	8
142	1
149	3
Market 244
6	1
8	7
11	5
12	1
17	11
19	13
26	7
27	4
30	6
32	8
34	4
42	6
46	14
49	12
56	9
64	6
74	2
77	2
86	15
88	7
90	8
97	6
121	2
135	8
144	11
Market 49
3	7
4	2
15	13
21	15
30	5
45	14
49	4
50	6
57	5
64	13
69	6
70	2
77	1
80	12
81	3
82	13
88	13
100	5
105	14
106	12
116	3
121	3
123	1
124	6
126	11
129	3
130	8
133	15
134	11
137	7
140	11
144	1
Market 201
2	8
4	5
6	11
10	4
11	15
12	6
15	2
16	3
18	13
24	11
25	12
27	4
29	9
32	2
35	14
38	2
39	10
44	1
46	5
47	1
49	1
50	15
54	10
63	4
64	10
65	8
69	1
70	6
75	9
77	8
78	1
80	1
84	1
89	9
91	7
93	2
96	9
106	5
Market 142
3	12
11	8
23	6
24	8
25	4
32	14
34	4
38	9
42	15
45	10
57	5
59	2
60	4
64	5
65	3
67	5
77	7
78	2
81	14
82	8
87	4
89	13
93	10
95	13
96	2
121	9
135	1
137	11
144	1
Market 76
10	11
16	13
19	3
22	3
26	13
30	14
37	10
39	3
45	15
49	11
53	11
59	13
61	7
64	3
71	3
72	4
73	4
74	14
77	6
81	2
87	3
93	5
106	2
113	13
121	6
123	15
126	12
130	1
133	9
134	5
144	10
146	7
148	11
149	5
Market 19
1	3
3	1
6	11
8	6
11	9
17	7
24	10
32	3
34	7
41	5
43	4
49	5
54	3
69	13
72	14
73	10
74	3
77	3
78	5
84	9
87	13
88	13
89	11
90	2
92	11
97	2
101	9
105	11
106	1
109	6
111	7
115	10
119	7
121	11
125	12
126	15
130	4
132	11
134	4
135	2
136	5
137	10
142	11
147	14
149	4
Market 45
4	15
9	14
19	4
23	1
24	10
26	1
33	13
59	1
61	13
64	12
65	1
70	1
77	13
80	11
81	15
83	9
88	7
95	13
106	7
124	5
126	8
133	10
Market 280
4	11
12	7
18	1
24	13
26	8
32	9
33	1
34	7
44	2
54	11
60	12
65	6
67	3
69	5
72	9
73	15
79	9
80	12
81	8
86	10
87	13
88	6
106	11
129	7
135	10
140	11
148	6
Market 350
4	4
11	7
14	13
23	4
24	6
25	15
27	5
30	8
36	14
45	7
49	5
56	5
57	11
64	3
65	14
69	9
70	2
73	2
75	9
80	12
83	5
87	5
99	11
101	13
109	4
111	3
113	13
115	3
116	13
121	1
124	10
126	10
127	8
129	7
133	4
134	14
136	8
140	12
142	8
143	2
145	9
148	14
149	12
Market 10
1	13
5	7
8	7
9	7
12	2
18	2
19	14
24	14
26	8
33	12
38	13
41	15
44	12
47	11
57	7
60	10
68	6
69	1
70	10
80	6
83	10
86	8
88	13
93	2
100	14
102	1
105	10
106	8
111	1
113	13
115	5
116	9
118	12
119	9
121	6
124	1
126	3
129	11
131	5
133	8
134	9
136	1
137	13
142	11
143	9
146	5
148	5
Market 202
2	7
15	12
18	2
24	10
25	9
32	7
33	5
34	6
39	4
41	2
43	11
45	4
47	3
49	4
54	13
63	10
69	4
70	14
73	14
80	10
84	2
87	12
91	6
96	3
103	2
106	5
107	14
108	11
115	10
116	7
118	10
119	10
120	1
123	2
125	6
126	6
129	12
130	6
133	12
134	14
135	1
136	7
138	1
140	7
142	6
143	1
144	2
148	9
149	5
Market 204
2	7
9	6
10	6
15	15
19	10
25	4
30	7
33	10
41	6
44	3
49	9
53	12
54	13
56	8
57	5
59	13
64	9
73	1
77	10
78	9
83	11
84	3
86	7
89	4
93	11
96	9
97	8
113	11
116	9
121	11
124	13
126	9
129	5
133	14
134	7
135	13
137	15
140	2
144	7
145	4
149	11
Market 231
8	4
12	11
24	11
25	11
26	13
27	10
33	15
34	3
37	12
39	8
46	7
47	9
54	11
57	8
59	1
65	14
69	6
72	14
73	10
74	7
77	2
79	10
83	1
84	4
86	9
87	3
92	4
101	13
103	9
105	2
111	15
118	1
123	12
129	15
133	12
135	13
136	4
142	12
148	13
Market 190
2	7
8	13
9	11
11	10
12	14
15	8
24	2
25	6
29	6
33	5
35	15
39	1
46	11
47	12
50	5
57	10
64	13
65	8
73	4
76	2
87	7
93	5
99	3
101	14
103	4
109	9
113	14
116	6
118	8
119	14
120	14
123	5
124	1
126	15
127	10
130	14
131	4
132	10
133	5
134	12
135	3
136	7
142	1
143	9
144	6
148	5
149	14
Market 125
4	1
9	11
11	13
14	12
15	4
22	13
23	3
32	15
34	3
36	3
37	9
38	13
43	7
46	5
57	11
60	14
65	13
70	5
71	3
72	15
73	9
75	4
81	3
86	11
87	8
88	15
93	6
96	6
101	5
102	1
104	14
108	4
109	6
111	10
113	5
115	13
118	7
120	10
121	12
122	14
123	9
125	14
126	12
127	9
131	1
136	9
138	12
141	4
144	12
145	5
146	4
147	13
148	11
149	7
Market 268
1	2
5	5
11	14
12	8
20	13
25	13
26	8
27	3
29	11
33	2
34	9
42	8
47	12
50	11
56	9
64	15
65	10
73	15
76	5
83	3
88	4
97	14
106	14
113	14
121	11
123	14
126	14
133	6
135	2
137	14
140	14
146	12
149	6
Market 256
2	15
4	6
5	6
8	5
9	5
11	6
15	9
17	11
32	7
35	5
39	4
43	7
49	1
53	5
56	14
60	4
65	13
70	3
72	15
82	12
83	15
89	9
91	15
93	6
106	5
111	10
116	8
124	3
126	9
130	1
133	7
135	3
145	7
146	9
Market 233
8	15
15	6
18	10
24	14
42	13
45	12
46	13
52	4
54	6
57	15
60	2
70	3
72	3
77	2
78	7
80	1
83	12
87	5
88	4
89	3
93	5
96	4
123	8
Market 224
3	3
4	7
9	4
16	9
17	13
41	7
49	5
57	4
60	3
65	13
69	9
70	12
71	8
78	10
81	9
83	13
87	2
96	2
105	9
113	8
124	14
125	3
129	12
130	12
133	12
135	9
144	13
145	8
Market 145
2	14
6	5
11	7
12	1
15	4
17	9
19	6
25	11
33	12
39	15
48	3
49	11
56	9
57	15
60	12
61	10
65	3
67	15
72	7
73	11
77	6
88	5
89	5
93	11
97	15
105	8
111	9
113	15
116	14
133	12
137	12
143	3
144	6
146	13
Market 211
2	13
8	1
11	2
12	6
14	4
27	10
39	14
57	7
70	7
73	6
75	9
81	11
87	3
88	12
89	15
91	8
93	3
96	7
101	5
102	2
107	2
110	9
112	5
113	7
115	3
118	15
119	5
125	11
126	10
128	13
130	6
132	10
134	14
135	2
137	8
138	15
140	15
143	15
145	5
146	6
148	3
149	15
Market 148
4	4
8	8
9	4
10	14
11	8
19	8
21	7
28	8
35	14
40	2
41	1
56	4
57	11
65	11
70	11
77	8
81	7
87	3
88	8
91	4
95	6
99	12
100	13
123	5
Market 91
2	4
10	4
11	2
12	8
14	5
15	15
19	9
24	4
27	9
34	4
35	15
38	8
41	13
44	12
50	9
56	8
59	14
64	9
70	4
76	12
77	10
81	2
83	10
86	11
87	4
88	15
99	14
100	2
101	14
109	8
111	4
112	12
113	3
115	12
116	7
120	15
126	13
130	2
133	15
134	2
136	5
137	8
140	9
143	11
144	7
145	11
149	10
Market 155
9	1
15	8
25	15
30	2
32	9
38	6
42	6
43	3
45	15
50	8
51	1
54	2
60	9
70	14
77	6
78	5
88	5
94	6
103	4
105	1
106	3
109	6
111	9
112	14
113	10
115	4
116	8
118	9
121	10
123	7
124	3
125	10
126	2
131	4
133	6
134	11
135	15
136	14
137	14
140	3
142	2
144	7
146	2
Market 63
6	5
8	5
9	11
11	5
12	5
15	2
26	12
27	15
33	6
39	13
41	7
44	6
54	12
56	10
57	10
60	6
64	4
68	14
69	4
70	9
73	1
79	15
80	14
82	7
89	10
91	1
93	1
96	14
99	2
111	11
123	1
124	11
125	4
126	8
130	4
133	3
135	9
143	8
145	1
146	3
148	2
149	15
Market 112
3	1
18	7
19	1
23	4
27	8
29	10
32	1
38	3
41	15
43	10
45	2
49	12
50	12
56	8
64	3
69	12
70	1
75	3
81	12
83	1
88	7
91	12
93	3
99	1
103	8
105	14
109	2
115	4
116	15
123	14
124	15
126	9
127	14
133	8
135	1
137	7
140	9
143	10
144	14
145	14
146	2
Market 9
11	3
14	11
15	3
34	5
35	14
36	1
41	6
49	4
50	2
57	7
64	15
69	11
100	10
Market 147
2	3
8	3
10	3
11	12
12	4
17	15
19	13
29	14
30	4
33	14
38	2
39	14
53	4
56	10
57	8
59	4
65	8
67	12
69	1
70	13
72	8
73	12
78	3
82	3
86	11
88	1
101	11
105	13
106	9
108	1
109	14
110	13
112	3
118	11
119	15
120	3
121	8
124	5
130	3
131	5
132	9
135	2
140	15
142	15
143	13
144	14
148	12
Market 56
2	14
4	9
10	10
11	1
12	1
15	5
17	11
18	10
24	12
26	6
30	7
32	11
44	8
47	9
54	11
56	13
60	13
65	4
67	3
69	9
70	8
72	4
73	4
77	12
78	6
80	6
84	10
86	1
91	14
94	7
123	1
144	5
Market 271
3	10
4	15
6	5
8	14
10	15
12	3
16	15
19	5
25	10
33	2
38	13
39	1
41	5
46	14
48	9
53	4
56	8
61	15
64	4
69	1
70	11
71	14
77	13
79	12
80	9
84	15
85	2
86	3
87	2
88	2
89	7
95	9
97	15
106	2
116	2
121	3
123	4
124	10
130	12
135	10
144	9
148	14
149	11
Market 48
9	14
17	10
25	7
26	4
29	13
34	10
38	11
39	12
40	14
42	10
43	5
54	5
57	13
61	1
67	13
69	13
72	9
74	15
78	14
83	3
89	13
90	5
91	15
96	5
99	14
100	2
103	11
106	4
109	10
124	12
126	6
127	5
129	7
133	2
134	9
135	6
143	4
145	11
148	2
Market 90
5	10
6	13
8	14
17	4
18	2
26	13
32	9
33	2
43	12
46	9
47	10
53	1
55	8
56	5
65	3
66	1
67	14
72	4
78	14
80	4
86	6
88	3
89	11
123	5
Market 203
3	12
4	8
8	4
10	3
14	3
22	13
29	15
30	6
34	2
46	10
51	13
52	6
57	2
59	4
69	2
70	14
75	13
77	6
81	2
87	15
93	15
101	3
106	5
112	4
113	5
115	13
116	6
119	8
120	6
121	15
124	15
126	4
130	11
131	9
134	3
135	6
137	2
143	12
145	12
Market 118
1	10
8	12
12	15
19	15
22	13
26	11
28	4
29	8
33	7
34	3
43	7
46	7
57	1
61	6
68	8
70	14
74	9
75	14
81	1
83	4
86	7
87	2
88	7
93	5
97	13
100	13
106	2
123	15
135	13
140	7
144	7
Market 172
4	3
5	15
8	15
9	12
11	5
16	4
19	15
32	6
36	10
37	1
38	14
42	7
46	15
50	4
69	14
70	10
73	6
79	4
84	8
89	7
96	8
105	6
113	13
123	6
124	11
126	4
130	4
134	15
135	14
137	7
Market 54
2	11
8	13
11	6
12	13
16	8
24	14
25	11
29	11
38	3
39	7
44	13
45	5
47	15
53	8
54	15
59	2
64	4
69	10
71	8
72	12
77	2
79	12
84	1
87	13
88	6
91	12
93	1
95	5
96	2
105	7
113	11
116	14
126	15
133	13
135	11
137	14
140	9
143	10
144	13
146	4
Market 300
2	5
3	11
4	15
9	11
10	5
12	3
24	11
29	8
39	2
45	14
46	12
49	10
50	4
56	11
57	4
59	11
73	13
80	11
83	1
86	10
87	6
88	3
91	14
95	1
98	2
105	3
121	12
129	1
135	1
137	1
143	15
144	2
145	5
148	14
Market 146
4	1
5	5
15	4
22	15
29	11
30	4
33	1
45	12
49	2
53	14
59	13
60	2
66	7
73	2
75	9
81	6
94	1
95	9
100	1
105	9
115	4
123	1
126	2
127	5
133	12
134	8
142	3
143	11
145	1
148	1
149	5
Market 275
2	8
30	15
33	4
36	14
38	7
44	13
49	1
50	5
58	5
62	14
65	3
67	11
69	6
70	10
83	1
88	8
89	13
91	7
93	3
94	5
107	15
108	11
109	13
113	9
115	1
116	14
118	6
119	7
120	13
127	14
129	12
130	5
131	10
136	1
138	14
142	7
143	11
144	5
146	12
147	9
149	5
Market 68
3	7
4	9
8	2
11	11
14	6
15	1
17	14
21	14
25	6
32	9
36	7
45	15
49	15
50	9
64	11
65	3
67	3
69	14
70	7
72	15
78	1
82	12
84	13
87	5
88	7
89	8
106	8
116	13
121	1
123	10
129	14
130	7
137	14
140	8
144	5
146	6
Market 282
8	8
9	7
15	13
17	10
26	6
29	14
30	9
35	12
41	1
44	1
49	1
54	10
56	2
57	15
61	6
69	4
70	14
72	2
78	13
80	12
88	14
89	9
91	9
96	10
Market 131
2	7
9	14
12	8
15	4
19	1
27	7
29	9
33	5
39	7
43	15
47	13
49	7
50	10
54	13
56	7
57	12
60	14
61	1
64	8
65	13
70	1
72	13
73	14
85	12
86	7
88	13
89	3
90	12
91	11
96	6
105	9
106	9
113	1
121	10
129	7
133	12
134	2
137	12
146	1
149	4
Market 184
4	5
10	2
11	5
14	6
15	10
18	4
19	2
22	2
25	5
29	8
32	5
33	11
34	7
41	5
42	5
43	3
44	15
47	13
54	10
56	8
57	6
60	13
65	4
75	4
77	13
81	4
83	12
86	12
88	10
89	8
94	14
144	15
Market 78
1	15
8	12
12	2
14	8
19	8
21	14
26	8
27	2
38	2
45	6
46	11
60	1
64	9
67	13
72	4
73	7
78	9
80	1
81	9
88	7
90	9
99	13
100	14
106	14
115	7
123	6
126	7
127	14
134	7
143	2
144	1
145	2
148	2
Market 249
2	8
9	8
15	13
19	11
27	14
29	9
33	8
35	3
50	11
57	6
69	11
73	9
77	4
80	7
82	10
89	14
91	6
95	10
99	9
101	11
105	10
113	10
116	13
129	9
134	9
135	6
137	2
140	2
144	13
146	11
149	4
Market 294
4	9
6	5
11	10
15	9
24	13
25	15
32	9
38	1
41	9
45	7
49	14
50	1
53	2
57	5
59	2
60	10
67	7
72	11
77	13
94	5
102	6
104	13
105	7
107	1
108	10
109	14
111	11
113	7
116	8
118	14
119	13
120	9
121	5
123	1
124	4
127	6
128	3
129	3
130	2
131	14
132	15
134	12
135	5
136	12
140	1
143	13
147	11
148	6
Market 286
1	13
3	11
4	7
9	14
18	11
23	12
26	8
29	13
33	2
34	15
38	3
41	1
43	8
45	6
47	1
49	6
54	4
60	5
64	8
65	12
67	1
68	5
70	2
75	4
81	9
83	1
84	6
86	1
87	10
89	4
93	1
105	15
107	10
111	8
112	14
113	7
115	4
116	5
119	9
120	1
123	4
125	11
126	6
127	13
133	4
134	5
136	3
145	5
148	15
Market 97
2	3
8	12
12	1
14	2
19	7
21	13
25	1
33	3
39	1
41	8
44	15
47	5
49	4
53	7
56	15
57	1
60	7
61	15
64	15
75	7
80	6
81	9
83	7
87	4
88	13
90	10
106	8
116	6
121	1
135	3
137	8
144	11
Market 261
8	9
9	7
18	14
38	11
39	4
41	10
45	6
46	8
47	11
56	15
60	3
63	1
67	1
72	4
73	12
80	2
87	12
89	13
91	7
96	6
101	12
106	2
116	8
121	10
123	6
124	6
125	12
126	15
129	13
130	12
133	10
134	5
140	8
145	9
148	14
149	14
Market 40
4	15
6	10
8	1
11	15
13	5
18	13
24	12
26	4
27	2
32	15
33	10
38	10
41	10
46	5
64	8
68	10
72	3
80	15
81	4
83	10
86	1
89	2
92	12
97	10
101	3
105	10
106	5
111	13
115	14
116	11
121	15
124	14
125	5
133	14
140	10
143	13
148	12
Market 263
3	8
9	3
11	1
12	9
14	15
17	9
25	10
32	7
33	7
34	7
38	6
39	4
43	10
44	5
45	7
46	8
47	9
48	2
49	2
54	11
56	8
60	14
67	14
70	4
72	8
73	1
75	3
78	4
80	3
81	11
84	12
86	3
87	1
89	12
93	5
101	9
102	11
103	4
105	3
106	10
107	14
108	11
113	1
116	7
119	12
121	5
125	14
128	12
129	14
131	4
132	10
133	2
134	12
136	1
137	1
138	9
139	6
141	9
142	12
143	1
144	9
146	8
147	5
150	1
Market 22
3	15
17	5
21	1
25	1
29	4
30	4
32	12
35	1
37	14
43	9
46	6
47	5
57	10
59	3
70	5
78	2
83	5
100	15
101	5
116	8
124	3
129	14
133	2
135	15
146	3
148	3
Market 134
6	5
9	13
11	4
15	10
17	6
24	6
25	14
38	3
42	8
45	14
46	12
49	5
50	13
52	1
57	12
59	14
60	15
67	6
77	7
78	14
82	11
83	11
84	6
88	4
96	10
100	14
102	7
103	14
104	7
105	7
106	1
107	6
110	10
112	1
116	15
118	14
121	5
125	3
128	12
129	11
132	3
133	1
134	3
137	15
138	5
140	7
142	5
145	4
146	4
148	11
150	1
Market 269
2	11
4	13
10	5
11	11
12	2
30	10
34	3
38	12
43	2
47	4
49	6
54	9
56	14
59	5
65	3
68	3
69	14
72	14
74	9
77	5
80	1
87	6
88	7
92	14
96	13
99	15
100	1
103	7
107	15
108	4
109	10
111	8
116	11
118	5
121	11
123	6
124	14
128	15
130	4
131	3
132	3
133	4
135	4
138	13
143	1
146	13
148	1
Market 221
2	13
6	5
8	13
12	3
17	9
18	11
27	9
29	12
30	4
33	1
37	10
38	6
39	15
42	8
49	1
53	7
57	11
65	7
67	7
70	14
71	6
72	3
73	10
80	8
87	8
93	9
96	2
99	1
100	5
101	3
102	15
104	12
105	10
107	1
108	14
110	4
111	8
113	13
115	3
118	2
119	7
120	2
123	2
124	12
126	11
127	15
128	15
130	6
131	9
133	7
134	6
136	5
138	8
139	11
140	4
141	13
144	10
148	14
Market 104
3	6
4	7
9	15
11	1
12	6
14	6
15	1
23	6
24	13
30	7
34	13
41	11
45	15
46	4
53	13
56	12
59	10
65	7
77	3
81	6
83	14
95	12
103	10
106	9
109	9
111	8
112	14
113	6
116	6
119	3
120	15
123	8
126	3
133	11
135	5
136	4
144	10
145	7
146	8
Market 174
6	14
10	9
11	4
12	8
17	5
19	5
24	13
27	3
30	2
36	15
38	13
39	15
42	13
44	15
46	7
49	7
52	9
56	10
57	10
59	9
60	7
64	13
67	6
72	2
73	5
77	10
81	9
83	12
87	4
88	1
89	1
94	2
96	13
99	9
100	12
101	2
108	11
112	13
113	15
118	15
120	5
124	6
125	5
126	9
130	9
133	4
135	5
136	9
137	3
143	5
146	9
147	7
148	9
149	1
Market 30
8	4
9	3
15	7
17	9
21	14
25	2
28	13
30	8
41	1
43	11
45	15
49	12
50	11
54	2
56	1
60	3
65	8
67	1
69	6
70	10
73	6
74	8
76	2
78	3
80	8
81	4
86	7
87	7
93	8
96	11
100	6
101	9
105	6
109	4
111	15
112	13
116	7
118	4
119	11
121	6
123	13
124	3
125	6
126	8
129	8
130	12
133	15
134	13
136	11
137	14
140	9
143	3
144	5
148	2
149	10
Market 220
4	4
5	11
8	4
10	15
16	3
17	2
24	12
29	12
32	6
38	7
41	7
42	15
49	13
53	10
57	10
59	1
60	8
76	13
77	1
88	13
95	10
96	2
106	2
116	15
123	1
133	4
144	2
Market 4
1	6
5	14
6	7
11	3
12	11
18	2
19	7
24	6
27	4
32	14
38	7
43	1
44	5
45	6
46	13
47	5
60	11
61	5
63	15
69	14
72	3
73	9
79	6
83	6
85	2
86	1
88	14
91	4
93	3
97	15
99	15
101	12
106	6
116	5
124	5
135	1
137	4
146	6
Market 292
2	5
4	11
8	11
15	13
17	4
24	5
27	1
30	3
36	4
38	10
42	10
46	11
52	7
53	12
65	6
67	1
70	9
77	7
78	3
83	3
84	14
87	12
88	10
89	5
96	12
105	13
116	13
123	12
124	6
129	13
130	15
134	11
137	6
144	5
145	10
148	4
149	11
Market 243
4	1
8	3
10	6
12	8
14	8
15	7
22	7
24	3
27	13
29	5
33	2
34	11
36	1
42	5
44	13
45	13
49	13
51	5
56	8
57	11
59	13
65	2
69	8
70	12
73	2
74	14
75	8
77	7
81	11
83	9
87	13
88	2
91	12
92	13
100	15
103	13
105	12
107	1
111	14
112	14
115	4
116	2
118	11
119	15
120	12
121	15
124	7
127	12
131	11
133	14
134	4
135	13
140	8
143	6
145	2
Market 75
8	12
11	13
17	1
25	14
30	13
37	13
41	4
43	3
44	15
46	12
52	9
54	1
64	3
65	9
69	11
72	9
77	14
83	14
88	3
91	13
95	15
99	1
100	4
104	9
106	5
112	8
113	14
115	12
119	14
121	6
123	14
124	9
127	7
136	11
140	9
146	1
147	4
148	15
Market 170
8	5
15	15
18	4
25	6
27	10
32	11
34	13
36	7
37	12
40	10
41	4
43	15
45	3
50	9
53	6
57	3
65	14
70	4
82	7
85	1
87	11
93	2
95	12
105	8
111	12
112	14
113	6
115	6
118	9
131	6
134	10
137	9
142	1
143	2
144	15
145	7
146	5
148	4
149	14
Market 135
2	3
3	6
8	5
11	7
14	9
19	4
21	10
26	4
27	15
29	5
32	8
33	3
41	2
45	14
56	5
57	4
61	15
69	13
72	9
74	8
83	3
86	1
87	9
90	1
91	5
92	12
93	4
97	14
101	3
102	9
103	1
104	3
105	8
108	13
110	10
112	5
115	13
120	7
124	15
126	10
129	15
130	9
133	10
134	6
136	12
137	3
140	11
141	3
143	14
144	8
145	3
146	15
147	10
148	6
149	9
150	9
Market 302
4	9
9	10
10	6
11	5
14	5
15	12
16	9
24	11
29	11
30	10
32	13
34	6
36	13
42	11
47	6
53	9
57	3
60	14
64	15
65	3
70	1
71	6
81	7
82	14
83	2
87	10
94	12
96	8
101	13
102	15
104	2
105	14
106	1
111	5
112	13
113	9
116	1
119	12
125	13
128	5
131	9
132	10
133	3
134	10
135	2
138	8
140	11
143	2
145	9
148	7
149	11
Market 295
1	10
2	3
8	9
11	10
12	6
18	10
24	11
28	1
38	13
39	15
40	3
41	1
43	1
44	10
47	11
60	7
68	6
69	7
72	13
73	3
88	4
89	3
90	2
93	11
96	13
97	5
100	15
101	6
103	3
105	6
109	1
112	13
118	2
121	2
123	1
125	15
126	10
127	7
130	12
131	4
133	4
144	4
145	10
146	8
148	12
149	9
Market 121
2	8
9	14
10	3
15	5
24	15
29	14
30	10
32	8
37	13
38	10
39	5
42	5
43	10
50	4
53	1
57	2
65	8
69	10
71	5
82	1
83	6
87	10
89	9
96	11
101	15
105	2
106	2
113	13
116	13
124	6
126	12
129	9
133	15
134	7
135	11
137	1
140	6
143	4
144	5
145	4
146	7
149	13
Market 89
2	12
4	9
6	9
9	9
14	5
18	13
28	3
32	2
35	1
38	6
40	13
41	9
43	6
46	9
49	3
54	15
57	1
60	15
67	12
74	7
82	1
85	4
87	11
92	8
93	5
96	5
101	5
106	1
121	4
123	3
124	15
137	9
140	11
144	2
148	6
Market 215
4	12
6	8
8	2
12	1
15	12
17	4
25	2
26	1
28	12
33	11
35	8
39	15
41	3
43	11
44	2
45	14
46	15
47	4
61	13
64	11
65	10
67	6
69	14
73	1
76	1
78	5
80	15
81	7
82	5
89	11
96	12
100	8
101	15
103	11
106	6
120	3
121	8
123	8
125	4
127	8
129	2
130	8
133	2
134	12
135	12
137	11
142	2
144	7
146	4
Market 183
2	3
6	3
8	4
11	10
12	11
15	7
27	11
30	8
41	12
43	1
45	2
46	11
47	4
50	9
56	7
65	6
67	7
70	7
72	2
73	11
77	5
78	9
81	3
83	6
84	7
86	8
87	12
88	7
89	8
91	3
96	7
99	14
100	3
105	1
106	10
109	4
111	6
116	3
121	1
123	3
124	8
126	10
127	1
129	13
130	3
131	2
133	7
134	6
135	2
140	12
142	3
146	12
148	14
Market 238
2	4
3	10
18	3
26	13
27	3
32	9
34	7
39	7
41	10
44	13
56	15
57	11
60	13
68	11
73	4
80	3
83	8
86	2
87	12
96	4
99	3
100	11
101	1
102	3
103	7
106	8
109	15
110	10
111	3
112	7
115	6
119	1
120	11
122	12
123	7
125	10
126	2
130	1
131	7
132	4
133	5
137	10
138	4
142	2
143	8
144	11
147	4
148	1
149	14
Market 178
4	14
5	13
11	10
15	5
30	13
34	15
37	11
38	4
41	13
42	9
45	1
53	13
57	10
60	5
65	12
66	9
69	6
76	8
83	9
87	13
93	1
95	9
101	15
105	1
106	5
121	13
123	13
124	14
125	4
126	5
129	7
130	15
133	8
135	11
143	6
144	6
145	10
146	8
148	8
Market 251
3	10
8	14
10	12
12	12
14	15
15	9
19	2
23	9
26	14
29	13
39	1
42	3
46	4
49	9
50	12
51	2
56	13
57	6
63	4
64	14
65	6
69	2
75	5
77	9
82	3
83	2
86	1
88	1
91	4
94	4
99	1
106	9
116	14
133	10
137	9
140	13
Market 87
9	10
11	5
22	8
24	8
30	2
35	11
57	10
59	9
64	13
65	2
69	9
70	9
75	3
76	9
80	3
81	12
94	3
101	11
105	3
106	10
115	3
125	15
127	15
130	9
133	14
135	7
137	5
140	10
142	11
143	8
145	10
148	13
Market 304
3	2
8	3
9	11
12	2
14	3
24	9
30	3
34	15
36	9
43	15
47	13
50	6
55	5
57	11
58	2
64	9
65	4
68	10
69	4
70	6
80	4
86	2
94	1
100	14
103	4
113	1
121	13
123	5
126	14
134	3
144	15
Market 230
2	10
3	7
4	1
9	7
12	13
29	13
33	1
45	7
47	5
57	9
64	6
70	9
82	4
88	13
100	10
102	6
108	14
109	8
111	15
112	2
116	3
118	6
120	10
121	11
122	10
130	10
132	7
133	5
142	11
146	15
147	6
150	6
Market 193
5	15
9	2
11	7
15	9
17	1
30	14
32	10
37	5
38	13
41	3
42	8
43	11
46	14
47	9
49	14
52	2
57	4
59	15
60	8
67	12
70	7
77	1
78	10
83	1
87	6
88	14
113	11
116	7
121	1
123	10
124	5
125	1
129	12
133	11
140	8
146	11
148	12
Market 168
5	3
11	1
18	11
25	6
26	1
41	11
45	6
46	3
47	5
49	8
57	14
60	8
64	11
65	6
66	1
68	6
69	4
70	4
71	6
77	2
83	14
87	9
88	8
97	14
103	2
105	6
106	6
113	9
115	2
116	3
121	2
123	2
124	13
126	14
127	12
129	12
130	6
133	11
137	2
140	7
144	15
145	15
149	5
Market 23
2	11
7	3
9	5
11	13
18	6
19	15
24	8
30	6
33	13
41	5
44	4
45	3
60	9
65	10
68	9
69	14
73	9
80	1
96	10
100	1
101	15
106	12
111	8
112	5
115	5
120	15
121	6
125	7
131	5
134	8
135	15
140	11
143	15
145	10
146	14
149	1
Market 334
5	7
8	14
9	1
11	7
14	4
15	6
17	4
23	12
25	9
29	3
33	12
36	12
39	12
41	15
44	15
45	2
46	2
53	14
57	9
65	1
69	5
70	15
72	3
75	2
77	14
78	9
83	5
86	13
87	15
89	2
116	5
135	7
144	9
Market 225
8	7
10	3
11	3
12	12
15	4
17	2
25	5
33	6
37	6
41	15
44	14
46	7
47	1
54	3
57	10
61	15
64	1
67	1
71	4
72	5
77	12
80	10
83	5
88	12
95	6
96	1
97	15
123	13
124	8
129	14
137	12
140	15
Market 324
11	10
15	3
19	6
25	7
30	13
32	11
36	7
42	1
44	11
47	5
51	7
53	8
56	15
61	2
67	10
70	8
72	15
77	13
78	11
80	7
83	15
93	6
96	8
97	5
101	2
106	12
123	9
124	15
125	10
129	11
137	11
140	6
145	14
146	14
148	8
149	8
Market 39
4	3
5	9
6	12
10	11
11	15
15	10
17	7
25	8
29	4
30	14
32	11
35	11
38	4
43	10
57	3
58	15
60	9
67	1
70	2
72	3
77	3
83	4
84	8
87	15
88	3
95	13
101	6
103	8
109	6
111	1
112	2
113	12
116	15
129	10
130	8
132	1
133	11
134	9
136	11
143	14
148	7
Market 151
4	10
10	15
11	15
18	8
25	4
30	1
32	11
37	10
38	10
43	15
46	1
49	4
53	8
57	9
71	10
72	14
80	8
89	14
95	15
96	6
100	8
105	5
109	5
111	12
115	3
118	14
121	7
125	11
129	1
130	3
137	1
143	5
Market 257
1	6
2	3
8	1
9	11
12	11
26	9
27	8
33	10
34	5
38	8
47	6
53	12
56	2
64	1
81	10
83	3
89	3
99	12
100	14
106	2
111	7
123	11
126	5
129	11
140	7
Market 53
2	15
11	13
12	5
19	12
20	8
23	15
24	9
30	10
33	9
34	12
35	2
44	12
46	6
49	3
56	11
59	8
63	13
64	14
70	4
73	5
75	7
80	15
81	9
87	9
88	7
99	7
101	5
106	5
111	8
116	3
124	9
126	9
129	3
133	3
134	6
135	12
140	5
143	6
144	14
146	13
148	1
149	14
Market 6
6	6
8	14
11	15
15	2
17	12
24	15
25	6
27	6
32	10
38	12
39	10
43	4
44	3
47	1
49	3
56	14
60	13
67	1
69	11
73	10
78	4
79	6
91	11
96	12
99	9
101	8
104	9
105	15
106	7
107	3
109	7
110	1
111	4
112	15
113	8
115	11
116	6
118	15
120	3
122	3
123	13
124	13
125	8
126	2
128	15
129	14
130	12
131	13
132	3
133	3
136	11
138	3
140	10
142	6
144	2
146	3
150	3
Market 106
2	12
3	5
4	14
9	1
11	4
12	13
24	8
25	8
26	6
30	8
32	2
38	5
41	9
49	14
50	9
57	10
60	5
61	6
65	3
69	9
73	14
75	3
77	11
81	13
83	4
86	11
88	6
93	14
94	7
96	2
97	8
100	5
101	13
102	3
104	5
105	3
106	9
107	14
116	7
118	7
120	11
121	14
123	9
126	13
129	12
131	5
132	12
133	11
137	11
140	8
142	13
145	3
146	13
147	5
149	8
Market 77
8	12
9	14
10	3
12	10
15	11
16	3
17	11
24	5
30	7
32	2
41	14
43	7
45	13
50	13
54	2
56	13
57	9
60	4
67	15
70	12
71	14
77	9
80	8
83	12
95	12
100	3
102	2
103	1
104	15
105	4
106	10
107	4
110	8
112	11
119	15
120	10
122	2
123	7
124	6
126	9
131	7
132	8
134	4
135	1
136	2
137	4
147	15
150	1
Market 218
1	1
3	3
9	9
11	14
19	2
24	6
26	13
30	4
33	13
34	2
39	7
41	13
45	4
49	2
50	12
53	7
56	2
61	2
70	7
73	6
74	14
82	4
83	15
88	1
90	9
92	8
95	2
97	4
100	13
Market 327
2	3
4	8
8	7
15	2
19	11
26	9
27	15
33	14
44	1
46	9
47	2
49	5
50	6
69	13
76	8
80	10
81	4
88	3
90	8
97	8
99	15
102	9
104	5
105	10
106	5
107	11
110	13
113	1
114	8
116	10
119	15
120	10
121	7
122	14
123	14
125	9
126	7
127	4
128	14
131	9
133	8
134	11
135	4
136	5
137	3
139	12
147	12
149	3
150	8
Market 13
3	14
9	6
10	5
19	13
27	15
30	10
35	8
37	7
41	14
43	14
45	6
46	9
49	4
56	6
59	13
71	15
75	13
77	4
81	12
91	7
93	4
96	12
100	10
105	2
106	5
108	14
109	11
110	15
113	15
116	6
118	7
119	6
120	15
123	8
127	1
129	6
131	14
132	14
136	15
137	14
142	3
145	3
149	14
Market 31
11	3
17	6
19	2
24	15
25	8
26	2
33	15
37	1
38	10
43	15
44	10
47	3
55	5
56	10
60	8
62	5
65	15
66	2
69	3
71	10
73	14
77	15
80	5
83	8
86	2
88	5
89	11
91	5
95	13
96	11
99	8
101	13
103	5
105	1
109	13
111	8
116	12
121	9
123	3
124	2
126	14
127	4
129	10
130	5
133	3
134	4
135	11
144	11
146	1
148	9
Market 205
1	8
3	6
4	13
8	6
9	3
19	11
22	7
24	1
25	4
29	6
30	6
34	5
38	2
41	7
43	5
44	9
45	15
49	1
56	12
59	9
65	7
67	2
69	11
70	7
72	1
73	10
75	9
77	10
80	9
81	1
84	3
86	12
88	4
89	3
94	10
97	2
100	9
102	8
103	14
105	11
109	7
110	7
112	12
115	11
118	2
121	14
124	13
126	12
127	11
129	1
130	14
134	2
140	2
144	7
147	5
Market 322
2	2
6	13
11	7
12	12
15	4
25	6
26	10
30	2
33	11
38	13
41	6
46	7
49	6
56	10
70	2
72	3
73	9
80	4
86	7
87	7
88	4
89	4
91	1
96	1
97	4
99	9
102	7
104	5
112	5
113	9
119	15
125	9
128	2
131	15
132	13
133	14
134	13
136	1
137	13
140	7
145	7
Market 307
4	11
15	2
19	3
26	5
33	6
46	8
60	14
65	15
66	5
71	3
78	1
80	10
83	2
86	6
89	13
95	13
112	2
119	3
120	2
123	6
126	13
129	4
131	10
133	8
144	4
146	4
149	3
Market 70
3	6
9	2
11	11
16	9
20	7
22	15
24	7
25	15
27	3
29	7
34	6
35	15
37	12
49	8
53	1
59	5
64	9
65	2
71	6
75	1
80	4
82	8
83	5
87	7
91	2
93	13
95	11
99	10
103	5
104	10
105	10
107	1
108	7
110	13
111	4
113	15
116	9
118	4
119	11
120	14
121	6
122	14
123	11
124	11
125	15
126	5
129	3
130	3
132	11
133	6
134	9
137	13
138	2
139	7
144	4
146	1
147	15
149	10
150	10
Market 213
3	11
9	15
14	15
19	8
33	15
34	6
39	2
44	14
46	11
64	4
69	11
75	12
80	15
83	12
86	10
87	5
88	4
91	6
93	10
99	14
100	10
101	15
105	6
106	7
111	3
113	1
116	8
124	1
125	8
126	4
135	3
137	14
140	8
143	14
145	3
146	8
148	10
149	5
Market 129
4	3
9	12
10	12
11	12
13	3
15	6
20	14
27	8
29	12
40	14
41	5
42	1
45	9
50	14
57	15
59	11
64	2
65	14
69	13
70	7
76	11
87	1
92	13
93	10
99	13
101	3
105	9
106	3
111	2
116	4
121	6
124	11
129	8
135	12
140	10
144	13
145	15
146	15
Market 59
2	1
4	15
8	3
12	9
15	4
28	2
40	4
47	10
56	6
73	10
80	15
81	1
86	1
87	4
90	10
92	11
93	12
121	5
126	5
133	6
137	7
144	5
148	3
Market 21
2	7
4	8
8	13
11	12
20	4
39	7
41	7
55	8
57	6
60	14
64	4
69	2
81	9
86	3
88	9
93	2
96	5
101	13
105	12
111	10
113	10
115	5
123	8
124	6
125	1
126	12
127	4
129	14
130	13
135	15
149	2
Market 332
4	5
6	11
10	13
11	2
15	13
18	8
30	15
32	2
36	2
43	12
47	6
49	7
51	15
53	1
59	1
65	5
67	2
72	14
87	15
88	5
94	12
96	11
101	1
105	3
113	13
124	3
126	13
148	7
Market 164
2	5
4	11
6	12
8	2
11	7
17	6
24	2
26	5
38	7
44	4
45	9
46	11
47	14
49	6
54	6
56	7
57	10
60	15
65	12
67	6
78	1
80	6
84	4
86	7
88	2
96	2
99	1
106	15
116	9
121	4
124	15
126	12
129	11
130	3
133	9
135	12
137	6
146	3
149	3
Market 336
6	13
8	10
11	2
15	5
17	9
24	13
30	4
32	10
35	5
37	4
38	15
43	12
45	2
46	8
57	5
60	14
66	8
71	10
72	1
76	8
77	2
83	5
89	14
96	15
105	2
106	2
111	7
113	15
115	10
116	15
123	11
125	12
129	11
130	7
134	10
135	1
137	1
140	13
144	4
145	13
146	13
148	11
149	12
Market 181
2	13
6	13
8	13
9	4
11	3
12	4
15	10
17	3
18	5
19	1
27	11
30	7
33	8
36	8
37	12
38	7
39	9
41	3
44	3
47	5
50	8
53	7
54	14
57	12
60	13
64	12
65	1
68	15
69	8
70	13
72	7
77	6
82	12
83	11
88	3
89	2
95	11
103	4
109	15
111	15
113	8
130	6
135	13
137	15
140	11
142	12
143	8
144	9
145	14
146	13
149	5
Market 44
1	4
2	8
3	11
9	9
19	9
26	6
27	13
29	4
32	3
34	15
38	2
43	4
44	6
45	12
46	3
47	3
49	1
50	14
55	8
56	12
57	11
63	12
64	5
70	3
73	2
75	9
80	14
81	6
82	2
84	4
86	5
89	3
93	8
96	10
99	2
101	7
106	7
113	9
121	6
125	4
129	9
130	6
133	2
134	4
140	14
144	7
145	2
149	11
Market 2
4	13
8	5
9	11
11	5
12	9
18	2
19	15
27	14
33	3
38	5
39	2
41	4
43	2
44	15
45	4
46	15
49	9
60	4
64	15
68	15
69	6
72	5
87	12
88	2
89	11
91	9
96	4
99	15
105	12
106	5
112	14
113	8
116	1
120	5
125	10
126	8
130	8
133	10
134	9
136	6
137	12
140	14
145	7
148	15
Market 150
4	11
8	6
11	5
12	2
27	8
30	1
32	10
37	6
38	11
39	11
41	9
42	11
43	8
45	7
50	1
64	5
69	3
72	6
73	13
76	9
81	6
83	14
89	1
93	4
95	10
99	3
106	8
116	2
124	3
126	5
129	15
133	6
135	15
137	11
146	12
Market 18
4	11
6	2
9	9
11	7
17	10
24	6
25	1
31	14
41	15
49	4
54	14
59	13
65	8
66	9
67	3
70	6
78	3
88	10
89	12
100	6
109	1
111	5
121	11
123	8
124	11
125	3
126	8
127	9
129	3
134	1
137	13
142	14
145	13
146	12
148	14
149	10
Market 290
2	4
4	4
8	13
11	12
19	8
25	8
33	5
39	6
42	2
43	10
44	6
47	1
49	11
54	11
56	7
65	4
69	2
71	10
72	2
73	12
80	7
88	7
95	14
106	10
121	14
123	11
124	2
144	3
Market 41
6	11
8	2
15	14
24	1
25	4
30	5
35	14
38	8
41	5
43	4
46	7
47	15
50	15
60	6
69	9
72	13
76	5
79	2
81	5
82	9
83	10
84	11
88	8
89	15
96	14
Market 189
3	10
6	12
7	5
8	14
9	13
11	4
14	8
17	2
18	11
30	6
37	14
41	13
42	4
43	11
47	4
53	15
54	2
57	15
64	6
66	5
70	7
71	11
72	15
75	2
77	10
78	14
84	13
86	8
87	3
93	7
100	12
101	11
107	14
108	4
109	7
110	10
112	3
114	15
119	3
120	12
122	3
123	3
127	12
128	4
129	9
131	12
133	4
134	13
135	4
137	11
138	8
140	14
142	13
143	8
145	15
146	12
147	14
149	13
Market 308
2	4
8	5
12	9
19	15
24	9
30	15
32	4
33	6
35	10
38	8
39	14
45	14
46	9
50	10
56	15
57	8
60	2
65	6
69	4
70	3
76	10
77	3
87	9
88	10
91	11
106	3
123	6
144	3
Market 122
2	4
4	10
8	9
9	12
10	15
12	5
25	14
27	9
30	15
32	5
33	6
34	1
37	5
38	14
39	1
41	3
44	13
45	14
53	6
54	2
59	9
64	3
68	7
71	8
72	13
73	8
77	4
80	9
85	2
89	10
92	9
95	7
100	2
101	14
103	3
105	7
111	8
113	10
115	12
121	8
125	6
126	9
127	12
129	12
130	9
140	5
143	14
145	3
146	11
149	1
Market 5
2	13
12	15
16	10
23	1
24	11
29	9
35	4
37	10
39	4
42	7
46	15
57	5
63	5
73	13
81	2
83	3
88	13
93	4
95	10
99	6
105	8
106	8
113	4
116	10
124	9
129	6
130	9
133	15
134	7
140	3
146	1
148	14
Market 325
2	5
4	3
9	1
11	8
14	7
15	10
21	9
24	15
33	7
34	8
36	5
39	1
41	8
45	8
46	14
51	10
64	9
65	13
70	5
73	8
87	13
93	4
94	14
100	14
101	9
105	12
113	5
133	7
134	10
140	3
144	8
145	13
148	10
Market 252
6	1
8	2
9	6
10	6
11	14
15	2
38	7
42	13
45	15
46	6
53	10
54	2
57	14
59	3
60	5
65	9
67	8
70	4
72	9
77	14
78	15
80	12
89	10
95	2
96	4
106	3
116	15
121	14
126	10
137	6
140	5
148	12
Market 114
1	1
3	5
9	8
14	8
19	14
29	9
38	8
39	15
41	11
45	3
47	13
57	13
60	11
63	2
64	3
69	3
70	12
73	10
81	5
86	7
91	3
93	6
116	12
121	1
125	11
126	14
129	7
134	13
135	15
140	11
143	4
144	6
145	11
149	12
Market 51
9	5
12	13
15	4
16	14
19	1
20	15
24	9
27	1
29	12
33	10
34	14
35	6
39	12
42	1
45	14
46	1
59	12
64	2
65	3
69	2
70	15
71	15
74	12
82	14
83	10
92	15
95	14
100	9
103	15
105	7
106	14
111	4
113	7
116	2
119	11
120	2
121	3
124	3
126	6
127	12
131	13
135	7
136	4
137	13
145	13
146	8
148	15
149	2
Market 130
4	4
5	5
15	8
17	1
24	9
25	12
30	15
37	11
38	5
42	10
43	6
45	15
54	7
60	14
66	11
70	2
71	1
77	14
80	1
83	15
86	9
88	13
95	12
96	2
101	3
102	9
103	1
105	7
106	7
108	7
110	6
111	7
120	3
123	10
124	9
125	15
128	7
136	11
137	4
138	3
140	9
142	3
143	11
146	8
148	11
Market 169
2	5
4	14
8	10
9	3
25	14
29	4
38	1
39	6
41	4
43	12
46	11
49	8
50	6
56	5
57	3
64	13
65	15
69	13
72	14
76	3
80	8
82	12
93	2
96	6
100	13
106	4
144	15
Market 219
7	8
9	12
11	4
14	8
22	2
25	10
26	14
27	13
29	5
32	8
33	3
38	4
44	14
47	8
49	9
53	3
56	12
64	15
68	5
75	4
83	8
87	13
89	13
91	6
93	9
96	7
99	5
100	7
101	11
103	12
106	3
113	1
118	5
121	10
125	7
126	8
127	11
133	8
135	12
140	4
142	13
143	2
144	2
145	4
148	6
Market 196
2	7
3	8
5	15
9	10
11	14
12	7
14	6
19	6
21	10
25	5
26	13
27	11
30	12
33	14
34	9
41	1
45	6
49	14
53	4
57	15
60	6
61	1
67	6
69	13
72	13
74	8
80	14
81	1
83	6
87	2
90	12
93	14
97	9
99	12
113	13
116	13
123	15
125	2
133	2
135	15
145	9
146	10
148	9
149	15
Market 323
4	15
10	14
19	9
24	7
33	14
36	14
39	14
45	15
46	3
49	11
56	3
58	2
59	9
60	6
64	7
69	8
70	11
75	12
77	14
80	15
83	10
87	15
88	2
93	15
94	7
101	11
106	14
121	6
123	6
125	6
126	3
133	4
135	1
144	2
149	7
Market 116
2	6
3	10
9	8
11	5
22	1
24	7
29	1
30	1
33	15
38	8
39	12
43	11
44	4
45	5
49	11
56	2
60	5
61	3
65	9
69	13
72	8
75	11
80	12
81	8
87	10
88	8
89	5
93	11
96	13
106	9
121	11
137	1
144	7
Market 216
2	4
5	7
8	12
11	1
24	15
30	7
32	13
36	6
45	4
50	7
53	1
58	9
67	11
69	10
72	13
73	3
77	2
80	6
83	11
87	9
88	3
89	4
94	5
121	8
123	7
135	15
137	12
144	3
Market 265
1	4
4	11
6	5
8	10
12	8
14	2
19	10
29	15
32	8
46	9
47	1
49	4
53	5
67	2
68	3
72	1
73	4
75	1
80	10
86	2
88	15
93	9
Market 259
2	14
6	7
7	15
8	6
9	10
11	14
12	2
17	10
18	9
25	6
26	9
33	2
39	11
41	9
44	7
47	15
54	3
56	8
67	12
68	3
77	10
78	3
85	15
89	15
91	14
93	11
96	6
101	5
111	7
113	7
116	2
125	14
130	14
133	11
134	5
137	10
140	3
143	12
144	14
145	11
148	7
Market 113
3	12
4	3
6	13
8	13
11	14
15	12
16	11
18	15
24	10
25	14
29	5
30	8
35	10
38	1
41	12
43	6
45	13
47	14
49	10
53	8
57	12
59	6
64	10
65	11
67	3
72	6
76	2
79	2
83	10
84	14
95	14
101	8
105	11
113	5
116	6
123	6
124	12
125	13
129	1
130	9
134	5
140	5
146	5
148	11
Market 317
4	15
9	11
19	1
20	13
25	9
33	9
34	8
35	5
37	5
41	5
46	11
47	4
49	7
50	1
53	15
57	12
64	15
65	10
70	7
76	1
80	3
81	15
82	13
83	8
87	10
88	5
92	1
93	11
101	15
102	10
103	13
104	2
105	4
109	10
113	12
114	8
116	10
120	8
121	5
123	11
125	5
126	2
128	5
129	3
130	4
131	11
132	14
133	11
134	6
135	1
136	13
137	6
139	15
141	3
142	7
144	5
145	6
148	6
Market 333
1	14
2	12
11	15
12	7
14	11
26	2
29	15
30	7
32	8
38	4
39	5
41	12
64	14
68	15
69	2
87	15
88	7
90	6
93	14
96	2
97	5
101	4
102	2
107	3
108	12
111	8
112	14
113	1
115	13
124	4
126	4
128	4
131	5
134	3
142	10
143	3
144	11
145	1
148	15
150	7
Market 132
1	5
11	13
18	9
24	8
26	8
32	9
33	6
37	2
38	2
39	14
42	2
47	4
53	7
56	6
59	3
67	1
69	13
71	12
73	4
83	8
85	12
88	6
89	13
96	10
123	10
124	4
130	1
140	1
149	9
Market 111
7	4
16	3
26	15
32	3
37	4
42	6
43	3
49	3
53	4
70	2
71	15
77	4
83	13
85	5
106	14
129	1
135	9
140	13
144	8
Market 84
2	8
11	4
12	3
18	2
19	3
27	11
32	6
34	13
39	7
41	14
43	3
47	1
49	10
57	5
60	9
63	4
64	7
67	1
68	10
73	12
80	14
88	14
91	10
93	10
96	10
99	9
106	12
116	9
123	15
Market 126
8	11
19	8
24	5
32	15
33	9
38	6
39	1
44	2
45	3
49	11
54	7
56	2
57	5
60	14
61	7
69	3
70	13
73	6
77	4
86	11
87	15
89	9
91	2
97	3
100	14
103	5
105	12
107	10
109	1
112	15
113	13
115	12
116	9
119	12
123	2
124	13
125	13
126	10
127	2
131	6
133	6
134	7
137	15
140	5
143	3
Market 179
2	3
12	8
18	3
27	14
34	11
39	10
43	8
48	7
49	2
55	13
60	15
72	10
83	13
86	7
91	11
93	3
96	9
97	1
99	10
105	14
107	9
109	12
112	2
116	3
123	11
125	12
127	5
129	5
130	6
132	13
133	3
142	14
143	2
144	2
145	12
148	4
149	2
Depot
