CapEuclideo.350.200.8.2
Total Cost:50524
|M*|: 346
Depot
Market 166
4	4
17	5
20	5
53	12
56	14
59	11
62	13
66	7
68	9
93	15
107	13
109	15
111	10
114	1
115	9
120	3
125	7
129	13
131	14
132	1
134	15
136	4
138	15
142	9
144	10
155	5
158	9
160	7
165	11
166	15
167	11
174	9
177	13
180	11
182	14
195	15
199	4
Market 127
4	5
11	11
13	5
24	3
32	2
48	15
54	4
61	15
66	15
69	7
70	8
74	2
84	8
94	4
113	13
122	5
125	9
127	12
143	3
145	4
147	9
161	12
169	3
191	11
199	12
Market 184
4	2
37	15
38	8
48	3
50	4
53	14
61	14
63	11
66	2
73	9
92	4
108	11
133	10
141	15
168	13
Market 226
18	5
89	14
92	1
94	8
96	14
113	8
122	2
140	10
145	14
180	8
196	6
Market 29
4	7
14	1
17	13
41	3
68	15
76	8
83	7
91	10
95	11
98	6
118	14
120	8
129	1
130	15
136	10
144	9
150	8
152	3
156	10
157	15
160	5
161	10
168	2
174	1
176	1
184	5
Market 95
21	7
22	10
23	6
27	2
30	15
51	4
65	13
122	13
143	5
183	15
200	4
Market 27
3	11
10	1
11	2
24	15
34	6
38	2
48	5
58	5
63	7
76	15
108	13
112	5
124	6
130	9
144	10
171	1
178	4
189	13
197	14
199	14
Market 323
5	5
7	9
12	8
17	9
21	9
49	1
52	2
58	4
62	3
71	10
73	3
78	4
85	9
94	5
97	7
108	4
112	11
113	13
114	11
127	6
186	4
190	4
195	7
199	13
Market 136
2	5
7	12
43	9
44	6
49	8
108	10
109	1
114	15
147	6
169	3
197	9
Market 315
30	15
44	11
52	9
58	5
64	10
85	12
86	13
122	2
127	8
143	8
144	7
147	7
153	2
161	13
184	8
186	3
199	9
Market 298
5	2
12	11
13	10
23	2
36	8
47	11
51	3
53	1
62	3
114	1
144	15
165	3
189	5
195	12
Market 350
7	5
38	7
56	8
60	13
74	13
84	8
85	8
88	6
121	12
130	1
132	14
133	2
145	13
152	6
161	7
163	15
171	8
188	14
Market 341
5	4
27	6
40	3
43	1
50	1
66	4
68	8
70	13
73	3
76	11
79	2
81	9
89	14
99	12
104	3
109	3
113	4
117	13
129	11
132	5
138	2
144	11
150	8
157	7
158	5
164	6
166	4
195	15
198	10
Market 213
12	8
17	2
21	14
22	3
23	3
26	7
56	14
61	3
66	9
69	14
71	11
72	5
81	2
95	4
98	15
105	5
106	14
108	7
113	8
118	15
120	9
122	12
124	15
137	2
142	6
159	9
160	8
168	8
169	8
171	7
180	9
182	14
196	12
198	1
Market 283
1	12
11	1
21	3
25	4
34	15
49	11
51	10
61	13
67	5
73	11
86	13
105	2
107	10
110	4
116	7
119	7
141	9
147	15
163	1
165	2
167	2
169	1
171	12
182	8
194	13
195	14
Market 179
3	7
7	8
11	14
25	5
36	13
43	10
47	5
51	13
53	1
61	5
62	3
68	8
73	10
74	9
84	9
90	13
94	12
110	7
116	9
119	8
124	3
127	2
144	1
166	13
178	5
187	11
189	6
200	5
Market 124
1	3
4	10
38	11
41	13
50	8
58	7
61	5
63	1
169	15
Market 246
1	11
7	6
14	4
15	4
22	13
27	14
28	9
36	14
40	3
45	9
52	10
63	9
64	12
68	15
74	8
75	3
85	12
97	5
101	13
103	5
113	6
116	8
122	9
124	10
144	6
149	15
156	13
161	3
165	13
181	3
186	1
189	2
194	2
196	15
199	12
200	11
Market 11
7	6
11	15
16	13
17	12
30	9
34	15
53	13
76	8
79	10
84	2
86	7
88	2
89	5
92	13
105	11
112	12
113	8
114	12
122	14
124	9
130	1
141	1
159	13
165	14
186	15
197	14
Market 215
6	7
11	9
14	7
19	1
22	7
32	9
37	12
38	7
66	14
70	6
71	1
76	5
79	8
81	12
85	15
91	7
94	1
95	7
102	12
108	9
109	6
113	2
122	7
128	7
130	3
133	2
138	8
144	9
146	1
154	6
157	6
160	1
163	7
164	1
171	11
173	5
174	13
182	2
186	1
Market 301
5	1
17	1
26	2
42	3
44	14
64	3
65	13
69	6
71	7
73	3
75	5
87	15
98	11
106	10
122	15
124	6
127	5
132	14
140	15
141	3
146	6
156	3
158	2
159	4
162	6
168	14
178	13
Market 85
4	8
8	7
13	12
16	12
27	1
45	1
49	14
72	3
73	15
80	5
81	4
86	8
90	2
98	3
100	6
103	1
127	7
129	4
130	11
138	11
151	2
153	3
158	10
170	15
174	4
180	3
186	5
190	7
196	13
Market 116
1	4
6	15
12	2
23	14
27	2
38	2
41	1
44	6
61	10
62	5
74	14
114	4
180	9
196	4
199	9
Market 181
8	1
17	6
44	13
70	10
76	2
79	13
88	8
91	3
93	13
96	14
102	15
108	15
115	12
124	12
126	2
131	5
151	2
152	7
157	12
167	1
169	10
174	5
176	4
177	2
192	7
197	15
Market 26
3	7
10	3
40	4
50	3
96	15
109	1
113	3
130	4
147	5
151	1
165	3
168	14
187	6
194	15
Market 42
16	2
40	8
47	8
53	4
65	11
84	3
85	7
92	6
105	8
107	10
113	2
124	4
125	11
140	10
187	4
195	15
Market 309
3	8
7	2
23	13
30	4
36	2
40	6
44	8
50	1
60	12
67	8
74	1
85	1
98	8
112	1
115	14
120	15
134	4
142	8
144	13
147	2
148	1
151	1
152	12
153	9
156	12
159	6
163	15
173	7
182	2
186	4
188	13
Market 70
1	11
6	8
7	4
10	1
20	9
34	2
43	10
48	15
58	5
63	7
67	11
68	2
69	15
73	11
75	9
86	2
93	9
94	3
95	5
98	8
99	5
110	12
114	10
121	8
122	6
123	2
128	9
138	12
147	8
163	14
164	4
169	15
189	11
197	11
200	15
Market 239
3	15
5	9
7	6
10	4
11	5
14	2
17	5
30	9
56	14
61	10
64	2
84	13
107	3
112	4
125	13
133	13
165	9
176	1
192	3
197	7
199	11
Market 12
7	9
11	15
16	2
43	6
53	12
56	11
61	5
73	14
109	10
130	12
180	4
189	5
190	13
195	15
199	10
Market 153
4	7
7	11
13	2
16	5
17	3
23	12
40	14
43	9
45	15
48	8
62	6
125	1
181	15
182	12
187	2
190	12
191	5
196	4
197	8
Market 19
22	7
26	10
36	4
44	14
65	11
72	2
84	12
88	1
101	1
135	5
142	6
145	6
151	8
165	2
174	15
195	3
Market 339
2	9
15	6
26	12
42	8
49	7
53	13
58	5
60	2
97	8
99	2
101	8
114	15
127	9
140	11
142	6
154	15
157	6
158	10
169	13
174	12
191	10
194	12
195	7
200	2
Market 346
5	8
10	9
12	8
22	14
25	6
34	12
48	14
49	2
62	5
67	15
69	6
109	3
114	9
143	5
178	9
179	6
182	12
186	8
Market 320
1	5
4	6
5	10
7	4
23	4
26	3
30	2
34	11
42	11
45	1
48	5
49	4
53	10
60	14
61	3
89	15
105	8
122	10
143	8
165	3
188	9
198	9
200	15
Market 314
1	14
4	8
6	9
38	8
147	2
165	5
174	11
189	2
197	1
Market 164
1	2
53	1
174	1
180	14
196	12
Market 253
2	4
7	10
13	10
17	11
19	1
22	1
31	11
42	12
45	15
53	1
68	1
69	14
70	5
75	8
76	11
81	12
84	6
120	4
125	7
130	10
131	3
144	14
153	10
162	3
169	9
174	2
184	14
192	4
195	8
Market 130
4	8
7	12
12	5
13	12
16	12
25	3
40	1
47	9
51	11
56	13
62	5
84	10
109	1
127	8
128	1
130	3
143	8
144	12
157	4
159	14
177	12
189	8
199	15
200	4
Market 31
11	6
17	2
23	1
32	9
40	2
43	5
50	1
70	10
95	15
125	10
151	8
153	1
154	9
176	12
187	7
195	6
199	1
Market 273
1	3
4	2
8	7
44	9
45	10
60	15
73	11
92	13
178	11
186	2
188	1
194	7
Market 156
26	2
36	6
40	14
44	2
56	7
178	4
187	5
196	4
197	7
Market 35
6	9
18	13
22	8
27	4
34	5
40	4
52	5
56	11
69	1
73	9
76	6
92	15
105	8
107	13
112	2
121	11
125	8
135	2
137	1
141	6
144	9
146	1
152	8
166	1
178	8
182	11
192	8
Market 108
6	9
11	12
12	15
16	9
27	4
32	3
41	4
52	6
53	8
187	7
190	13
195	5
196	3
197	15
200	4
Market 287
13	5
38	2
50	7
58	7
61	10
68	4
74	6
86	9
92	12
95	7
113	6
141	15
174	13
188	15
190	3
194	14
Market 300
48	11
56	1
67	9
180	9
194	9
195	14
Market 148
34	9
37	9
48	1
49	2
56	2
60	13
62	5
63	11
74	1
168	1
182	8
Market 330
4	15
14	15
16	11
22	5
25	8
40	3
50	2
63	2
73	3
74	7
86	9
92	6
94	9
108	13
112	13
122	10
127	6
154	2
161	15
168	10
184	9
186	8
187	8
188	8
190	2
196	8
Market 82
4	13
7	1
17	6
24	11
29	8
38	11
45	11
54	11
67	7
84	5
88	5
102	12
107	10
113	1
124	7
125	8
128	9
146	10
156	15
169	14
174	10
183	4
196	8
Market 297
1	5
3	9
4	3
26	7
27	4
30	9
45	14
46	14
48	4
56	13
61	3
65	7
66	15
185	5
195	1
Market 177
16	12
38	12
45	9
58	2
84	2
168	6
180	12
186	13
194	11
Market 291
5	7
11	6
21	10
25	1
40	4
43	5
47	5
61	10
62	2
66	10
74	4
78	5
86	7
89	1
94	10
95	11
97	10
128	9
130	1
141	11
144	6
157	14
159	5
174	7
189	11
190	11
199	3
200	13
Market 138
27	1
34	4
38	14
57	3
67	11
74	4
85	8
105	4
114	7
135	10
141	14
143	8
144	11
166	9
180	13
187	3
195	6
Market 220
12	5
53	5
144	14
176	9
199	4
Market 294
1	13
16	11
24	6
25	9
80	1
84	15
85	13
90	8
95	2
108	1
113	1
130	9
135	1
147	3
154	11
166	2
174	9
Market 231
6	13
9	14
18	8
41	13
48	5
52	4
75	12
93	14
101	5
113	10
129	4
147	1
154	15
166	2
178	8
182	7
Market 290
3	9
24	14
31	8
42	12
43	9
51	10
54	4
65	7
74	2
76	12
79	13
80	5
85	14
88	13
92	12
102	4
107	1
109	3
110	5
112	3
119	2
125	15
140	4
156	11
169	8
174	4
199	12
Market 306
5	2
60	14
66	4
70	13
84	4
90	12
108	9
140	5
154	8
159	8
161	3
168	6
189	11
Market 141
51	5
53	10
69	10
70	13
71	1
90	11
115	2
145	12
155	11
157	12
158	14
166	7
167	12
170	5
186	11
Market 333
5	14
6	2
10	10
11	11
18	8
21	6
22	6
25	10
38	9
40	10
47	4
56	2
72	12
80	10
81	1
86	8
92	4
93	13
97	10
101	6
102	3
112	9
113	8
118	13
122	2
123	3
124	15
127	14
128	9
135	7
141	7
142	8
144	11
147	8
150	15
156	6
159	2
160	11
166	3
171	1
178	1
200	5
Market 33
3	12
15	9
17	5
46	11
56	4
65	8
Market 262
5	15
17	13
23	13
29	1
34	1
45	11
46	15
49	10
50	12
61	11
66	15
67	15
71	9
74	2
76	7
78	6
101	5
105	11
112	4
114	10
116	14
119	9
147	8
159	2
165	13
169	13
171	10
178	8
190	3
Market 64
2	9
17	5
47	2
56	5
195	11
Market 50
11	13
23	3
44	11
45	10
58	3
76	7
85	5
88	11
89	13
92	2
94	5
102	8
105	14
112	4
124	15
125	10
141	9
165	6
166	2
187	11
191	9
200	14
Market 344
4	1
13	2
25	8
38	7
47	6
66	11
90	6
92	6
184	9
Market 207
6	13
7	15
19	4
27	12
44	11
55	14
68	3
73	7
85	6
88	15
90	15
97	4
107	9
109	15
125	6
130	14
141	7
175	9
176	6
178	11
196	12
199	3
200	4
Market 52
1	15
6	9
7	14
30	14
34	3
46	8
53	15
62	14
169	15
196	5
Market 10
5	5
10	5
25	2
46	12
56	4
94	10
109	8
151	7
154	2
166	7
178	12
182	10
190	8
Market 336
47	9
108	7
113	3
135	3
143	4
186	6
Market 272
9	9
16	15
18	9
24	13
25	3
62	2
65	3
66	6
67	9
74	11
108	14
182	14
185	1
186	8
196	3
Market 334
4	3
5	9
7	15
11	2
14	11
19	1
21	8
22	9
30	6
40	2
44	1
45	2
53	8
55	11
64	1
66	14
68	14
69	4
73	14
78	7
89	12
97	13
103	3
112	6
116	15
121	3
125	14
130	5
135	2
138	5
152	14
157	7
158	11
159	4
177	11
184	6
189	11
Market 275
10	1
23	8
26	1
43	3
60	6
70	1
80	4
105	9
110	1
114	6
135	3
138	6
146	3
168	2
174	9
192	6
Market 137
7	12
10	5
38	5
47	7
48	3
49	12
50	15
51	12
67	12
181	1
184	9
189	13
191	11
Market 331
4	3
6	10
11	12
12	13
20	15
26	10
30	6
67	8
86	8
92	3
95	6
105	12
108	12
122	10
124	10
125	12
143	7
144	2
154	11
158	5
174	6
180	9
190	7
192	4
Market 189
2	8
5	5
11	4
22	12
25	3
29	2
38	5
44	4
53	2
67	10
82	1
83	7
84	3
89	14
92	13
94	11
97	11
102	1
103	15
112	7
114	3
121	2
125	12
127	13
128	10
132	6
137	12
140	6
143	7
152	10
154	14
160	12
162	5
163	4
164	8
165	12
166	10
171	9
182	13
185	8
186	3
188	6
189	2
195	8
196	2
200	11
Market 288
4	7
8	2
19	8
25	15
30	7
47	5
49	6
59	4
62	4
63	5
130	14
184	1
Market 317
8	7
16	11
17	14
25	11
27	12
32	1
38	4
50	11
51	14
53	12
71	10
72	12
73	11
74	9
76	6
77	10
83	4
84	10
88	9
89	10
97	6
104	3
110	4
112	13
113	12
115	12
117	7
118	12
127	5
130	3
136	10
140	2
144	11
145	15
147	10
154	7
155	6
162	9
163	7
164	9
165	2
169	15
173	9
174	8
179	1
182	13
192	6
Market 201
5	4
23	1
34	4
44	3
54	14
66	13
67	10
178	9
190	7
198	8
Market 129
1	10
23	15
40	5
46	15
51	13
85	10
92	4
125	2
165	3
178	14
186	2
189	1
194	3
198	4
199	9
Market 123
4	9
6	9
22	9
23	6
25	15
32	5
38	3
55	5
60	15
61	13
63	11
74	14
78	13
80	15
84	11
85	8
90	9
96	14
107	5
109	5
144	12
153	3
174	12
190	9
191	3
199	10
Market 113
7	7
23	5
30	5
34	11
46	7
50	10
70	9
74	10
89	3
97	4
147	5
151	4
178	3
190	8
191	10
192	9
Market 162
1	11
8	14
11	13
25	4
28	7
43	15
55	14
58	1
63	6
66	3
70	4
86	4
92	5
94	4
95	2
96	2
130	5
144	13
147	4
159	11
161	2
166	10
168	10
169	13
184	10
186	8
187	15
190	4
194	4
199	11
Market 65
1	7
6	1
22	3
49	9
50	13
65	15
114	9
130	2
144	10
178	6
181	12
186	5
189	1
Market 9
22	13
30	6
50	13
56	7
61	3
186	6
Market 150
1	1
4	15
8	13
12	11
24	6
45	14
53	14
56	2
60	12
62	14
63	13
64	8
65	9
70	3
71	4
79	15
95	4
99	3
101	8
105	12
107	6
112	10
114	11
116	14
119	6
125	12
141	13
143	3
146	13
147	8
151	11
156	5
157	2
159	10
164	3
171	5
186	5
190	8
193	8
194	1
195	11
Market 212
6	1
25	1
33	5
45	8
105	15
Market 260
1	12
36	3
49	12
51	3
56	15
57	6
176	6
178	5
194	15
195	9
196	4
Market 261
3	8
4	15
5	10
7	1
19	12
32	10
43	14
49	3
63	7
65	8
70	6
72	3
73	3
84	6
85	2
87	7
88	9
91	2
97	8
102	2
108	4
122	8
129	1
135	3
137	7
138	3
140	4
147	3
151	2
152	9
155	9
156	5
161	5
164	1
166	4
171	6
189	5
Market 87
1	3
17	12
19	11
25	15
26	5
38	3
47	2
50	5
76	5
93	12
95	4
98	2
103	13
111	5
128	10
136	1
140	13
153	1
155	8
162	10
165	4
166	6
170	6
173	13
174	6
177	14
184	1
Market 175
15	15
38	7
44	6
51	10
53	1
56	3
60	5
70	10
95	15
112	1
124	4
165	7
182	7
189	9
Market 256
1	3
16	13
24	9
36	8
38	11
43	14
57	9
63	4
73	9
85	2
109	2
114	10
130	6
143	10
144	7
165	12
191	12
200	7
Market 186
3	4
40	3
54	7
62	15
66	9
86	15
113	12
114	4
133	3
153	6
165	5
174	6
185	9
187	15
189	5
190	3
Market 155
4	1
8	12
13	3
21	11
22	12
27	4
32	1
63	11
89	13
90	10
95	3
102	11
124	15
130	4
153	14
186	12
Market 152
4	9
5	1
10	5
15	6
26	7
27	6
30	9
49	14
56	15
70	12
95	7
105	6
109	14
130	6
143	15
165	14
169	4
175	1
197	1
199	4
Market 39
4	11
11	12
15	12
51	7
70	8
77	15
81	12
91	1
96	3
97	3
111	1
112	12
121	1
124	15
138	7
161	13
166	6
170	6
Market 224
1	4
11	10
15	10
21	8
22	9
23	10
26	11
36	12
38	12
42	10
47	8
51	10
53	2
64	6
73	6
90	5
105	9
109	11
133	12
169	8
182	14
184	11
189	7
192	11
195	12
Market 134
1	9
27	14
40	4
57	9
58	2
72	3
86	13
88	1
90	3
107	11
110	10
130	1
143	1
151	1
153	15
154	4
166	7
167	3
168	14
189	6
Market 126
3	15
40	1
45	7
47	10
68	7
95	14
96	5
97	4
101	14
113	13
117	6
138	15
143	8
147	6
153	1
156	15
168	8
188	5
Market 84
7	7
11	12
12	12
13	13
17	9
18	8
21	1
47	2
62	6
181	3
195	14
199	4
Market 247
7	3
10	2
25	1
38	15
43	4
49	11
60	4
61	7
68	8
73	8
78	2
88	13
95	10
98	8
108	6
110	12
117	9
121	7
137	2
140	4
141	8
144	6
153	4
157	14
164	8
171	13
178	11
186	10
200	2
Market 59
14	9
29	7
32	13
40	4
47	2
48	3
55	9
61	6
69	8
85	5
86	2
88	5
95	10
113	9
141	3
144	3
151	13
154	5
161	12
177	13
184	7
188	11
196	2
Market 310
1	9
25	8
50	9
70	8
71	12
74	14
80	12
85	9
92	7
105	10
110	7
112	14
140	2
145	13
157	14
175	2
179	1
190	8
198	12
Market 74
5	11
6	2
13	13
18	6
19	3
22	3
30	9
46	14
48	4
50	2
54	15
56	8
60	14
65	10
67	13
70	13
74	1
84	3
85	13
86	4
94	11
97	7
105	2
107	8
112	1
130	5
141	3
143	10
147	14
151	4
165	10
168	4
180	3
187	9
197	10
200	10
Market 88
1	12
3	13
7	14
13	9
16	9
27	2
34	4
43	2
52	6
53	7
58	14
61	9
62	8
63	9
66	13
70	2
74	5
90	7
178	4
182	4
191	4
200	14
Market 90
7	9
12	7
14	5
16	1
17	4
23	9
30	10
50	11
73	1
88	9
95	9
102	5
119	1
125	7
133	2
157	5
159	2
161	14
165	15
187	13
197	7
200	6
Market 115
43	5
47	10
86	6
97	2
101	12
108	13
110	12
112	2
116	4
121	12
132	12
133	1
147	8
155	13
156	3
163	8
165	11
169	5
178	13
187	8
189	12
199	13
Market 174
2	2
53	9
71	13
119	4
140	7
141	4
152	2
153	1
157	4
171	8
180	8
Market 109
6	8
17	10
21	15
34	1
43	10
53	13
56	3
67	2
71	9
76	6
79	9
82	8
89	6
96	12
98	12
99	12
102	1
103	14
113	14
117	8
122	12
127	15
131	3
133	14
134	14
135	5
142	15
145	10
146	3
150	7
151	5
152	3
157	9
159	11
162	1
170	2
171	7
174	13
176	10
196	1
199	10
Market 235
1	10
5	13
10	11
12	11
14	13
26	1
27	6
33	4
38	1
49	8
51	10
52	11
53	10
56	4
63	10
67	4
68	4
74	11
78	2
84	9
85	12
89	3
94	7
97	4
102	6
112	2
113	2
122	3
125	8
138	10
145	2
147	2
166	15
176	2
184	6
186	7
188	12
Market 238
5	13
11	5
14	13
17	9
32	2
48	4
50	10
51	6
58	14
67	2
69	4
73	14
74	10
77	10
79	2
80	4
83	13
99	9
101	9
103	9
107	8
109	3
110	2
121	11
123	10
124	15
125	15
127	10
161	7
163	4
182	3
187	3
Market 158
8	8
58	3
64	5
76	6
79	11
94	5
102	2
110	4
112	1
114	13
115	5
127	10
133	7
142	14
143	6
152	15
159	4
163	10
166	8
167	3
178	4
Market 132
1	9
10	5
13	12
19	8
27	13
41	13
56	11
67	1
130	12
200	8
Market 223
52	6
63	10
69	15
73	5
89	1
109	8
133	14
151	2
153	1
174	8
177	11
187	5
196	10
Market 277
11	7
21	12
22	4
38	14
41	15
46	14
56	2
58	5
71	1
72	12
80	4
81	7
83	5
85	5
90	10
94	7
98	14
99	8
102	11
103	4
109	3
112	9
123	13
125	2
128	10
129	12
133	4
143	8
149	7
150	5
154	11
155	8
164	3
165	15
167	2
168	14
169	12
182	15
188	5
190	7
Market 237
1	14
36	9
37	8
49	9
61	11
62	9
68	2
76	6
91	6
96	1
104	4
128	15
132	4
134	12
138	6
141	14
142	8
145	1
147	2
148	11
150	8
159	1
162	5
164	4
168	9
171	1
173	2
180	15
188	1
Market 46
4	4
11	13
13	9
18	11
21	5
30	9
31	8
36	10
43	11
45	4
66	9
72	9
76	5
80	6
86	1
92	14
95	7
99	8
105	11
107	13
113	5
124	4
140	10
147	6
151	13
154	6
155	2
169	14
171	5
175	1
187	12
195	4
198	8
199	8
Market 38
1	8
15	14
45	15
48	15
53	9
58	8
79	8
83	13
97	5
110	6
127	3
130	12
141	15
144	7
199	10
Market 3
15	15
21	8
44	5
49	14
62	2
74	15
75	11
80	7
109	5
122	4
135	11
147	5
151	3
155	11
175	8
178	2
186	3
200	7
Market 15
26	11
38	8
44	13
53	5
62	6
69	8
78	13
88	6
97	6
105	5
107	15
113	13
147	12
176	2
184	1
189	3
196	4
197	4
Market 43
16	15
28	8
32	4
38	14
45	5
70	12
75	3
78	3
86	1
94	13
95	15
97	11
108	14
114	2
118	13
122	2
130	15
138	9
140	9
141	15
149	8
153	2
161	11
163	3
165	1
182	7
184	6
195	1
Market 16
4	3
25	3
27	1
32	12
53	7
68	1
70	1
74	2
94	3
105	12
187	10
197	3
Market 47
3	3
6	7
17	15
22	2
25	14
27	9
38	14
43	10
44	7
49	9
50	1
86	9
92	12
105	9
114	13
147	9
182	9
186	1
195	6
196	5
198	12
200	10
Market 180
16	6
21	9
36	1
49	8
57	9
61	8
63	6
105	15
125	7
169	8
186	3
195	14
Market 274
10	10
11	9
14	14
22	3
23	4
34	1
46	11
48	7
49	11
50	9
56	10
58	1
65	1
69	4
73	3
86	13
90	14
95	1
96	9
101	14
110	11
113	6
122	1
124	5
125	3
128	10
151	6
186	13
189	10
200	15
Market 58
1	7
13	3
22	7
63	15
84	4
97	5
127	8
133	15
144	4
168	7
174	6
177	10
182	3
184	2
Market 105
23	7
29	7
45	13
62	3
180	3
Market 92
22	1
25	11
31	13
47	2
48	15
130	12
186	4
187	13
Market 22
1	11
4	13
5	9
6	5
15	1
25	5
40	3
47	10
52	4
58	6
69	9
74	12
77	8
85	2
88	6
90	7
92	3
98	6
101	14
102	14
109	11
110	1
113	4
116	14
119	10
122	2
125	3
138	4
140	1
142	2
143	3
153	15
154	14
186	10
Market 41
7	11
12	1
14	12
21	2
23	10
45	3
46	12
58	3
178	13
188	5
190	6
197	15
199	10
Market 233
4	7
24	9
40	9
49	7
57	9
65	10
Market 248
3	3
36	6
38	1
51	7
60	10
64	1
65	14
68	11
85	5
89	9
90	5
92	7
108	8
127	12
135	7
141	8
143	3
147	7
168	7
182	9
187	6
194	4
197	10
198	3
199	8
Market 7
17	13
40	14
61	5
75	6
76	14
78	9
97	14
115	15
125	2
128	10
132	14
140	6
145	1
153	9
185	8
194	15
Market 151
2	15
4	3
5	10
10	8
30	15
34	13
43	10
47	1
56	6
60	13
64	3
71	14
73	10
76	15
78	1
83	5
93	11
94	5
96	4
97	11
102	12
109	13
113	6
114	10
122	2
127	5
131	1
134	12
137	11
140	7
143	9
144	14
157	12
161	9
162	6
164	14
168	8
170	11
171	9
178	2
192	13
Market 76
14	3
18	12
31	3
40	13
41	5
42	11
47	4
53	10
56	3
60	4
62	7
130	9
169	1
198	2
Market 100
4	5
6	14
7	3
9	7
17	10
27	6
32	3
37	12
44	5
52	6
56	12
63	14
64	11
181	9
189	6
191	4
192	9
196	3
Market 204
4	6
29	10
31	1
43	10
54	12
186	5
189	10
Market 209
2	11
12	5
62	12
125	4
178	2
182	2
186	9
192	11
196	15
Market 86
17	14
21	10
25	4
29	9
34	7
38	14
52	12
53	13
59	14
67	5
69	13
77	3
78	6
94	9
96	7
103	6
112	6
116	4
121	5
123	10
124	2
125	1
128	11
133	2
143	1
144	11
146	15
150	5
154	9
155	10
Market 234
8	15
12	3
32	7
41	14
64	14
73	4
74	15
85	11
89	14
92	11
114	15
130	5
133	14
135	15
143	8
147	11
161	5
165	2
176	3
182	1
184	15
190	10
195	6
Market 348
4	4
7	1
8	2
19	3
22	8
125	13
130	2
182	11
186	11
190	1
192	15
Market 325
18	9
31	10
45	10
66	3
69	11
70	3
73	4
78	5
81	11
88	11
89	8
90	4
91	5
92	11
97	6
101	6
112	2
115	14
123	10
127	11
128	5
129	4
139	12
141	4
145	13
147	1
148	15
151	8
159	6
163	6
165	8
177	6
187	13
190	9
198	12
Market 62
5	1
8	14
22	13
31	6
34	9
38	15
40	1
42	14
50	10
51	6
55	13
69	12
70	4
77	8
78	5
80	12
88	9
94	11
106	6
112	2
113	15
114	15
121	10
123	10
124	6
125	8
132	2
135	1
143	13
144	15
159	4
174	8
186	13
194	1
Market 284
23	5
51	14
53	4
189	12
194	12
196	10
Market 172
44	7
47	1
48	12
49	9
57	10
64	5
176	7
184	4
Market 185
1	6
14	10
15	14
25	6
28	6
38	12
42	2
45	15
49	9
51	6
56	4
61	6
Market 242
7	13
22	5
50	6
63	10
69	14
90	7
94	12
97	8
107	2
109	10
110	14
119	10
122	7
128	12
144	10
145	7
159	10
161	4
166	13
169	9
187	9
195	10
196	4
Market 125
7	4
10	11
15	2
42	7
44	1
47	12
48	4
53	8
56	12
62	8
64	13
72	11
76	1
77	5
85	14
90	14
96	2
97	2
99	8
103	10
105	10
108	2
109	4
110	5
112	2
119	12
122	7
129	3
135	13
141	11
148	6
149	6
151	7
152	6
154	4
161	8
173	14
174	11
188	7
196	14
200	11
Market 89
1	12
5	5
6	5
8	6
11	9
22	9
25	11
27	9
45	14
47	4
48	8
73	8
90	15
94	1
105	15
169	10
178	3
182	12
184	6
187	14
190	1
195	8
Market 191
1	8
14	15
40	3
54	6
55	6
56	4
69	8
107	5
133	3
147	7
165	4
169	7
176	3
178	8
196	7
200	10
Market 250
22	5
27	8
32	10
50	11
64	13
135	6
176	15
183	13
190	13
Market 28
40	14
105	9
186	7
Market 131
6	2
8	4
17	8
22	8
23	1
32	8
44	4
45	4
48	12
55	12
69	15
90	9
95	4
112	7
114	10
118	6
125	11
127	1
135	1
141	3
146	13
151	12
158	15
168	8
169	12
171	2
176	10
184	1
188	10
194	6
Market 240
23	10
26	6
29	10
48	6
62	12
113	13
125	15
192	9
194	3
195	1
Market 342
2	7
77	7
92	6
97	8
106	10
108	9
117	11
124	14
125	10
126	1
129	11
145	13
153	7
156	6
159	6
168	11
169	3
187	5
189	14
195	7
Market 244
17	4
21	5
32	13
47	7
53	1
196	14
Market 121
1	14
7	8
12	13
23	14
34	14
43	6
50	4
53	2
65	2
73	10
105	12
109	5
130	12
182	6
184	2
193	1
199	9
Market 178
6	3
10	1
43	3
45	15
47	14
49	4
68	14
69	2
74	8
80	6
84	13
96	11
128	6
133	4
157	5
165	6
166	2
175	5
186	4
191	10
194	6
Market 147
9	13
13	5
16	4
17	7
22	9
27	3
48	1
53	9
62	7
68	15
76	15
89	3
92	10
94	10
110	2
125	5
133	10
135	10
143	1
144	11
161	12
169	7
177	8
196	5
Market 73
1	12
62	14
190	2
Market 159
17	1
25	13
34	2
49	1
60	12
70	10
88	9
105	6
108	4
114	5
140	12
143	8
145	6
168	14
Market 343
3	9
10	10
29	9
30	6
34	1
45	7
48	15
61	11
74	6
82	13
90	14
108	2
112	7
116	14
119	8
123	11
135	13
137	7
145	2
147	9
153	5
159	9
191	10
197	12
199	4
Market 211
11	11
54	11
84	11
90	15
97	2
101	4
102	3
103	15
119	7
124	7
132	7
140	2
143	4
149	9
151	3
155	3
157	9
166	11
168	8
181	4
199	14
Market 103
12	6
22	12
24	4
25	8
40	11
47	3
62	1
74	5
88	7
96	11
97	9
98	1
99	1
101	2
105	7
116	5
117	6
119	1
126	1
128	4
130	6
135	7
138	13
146	14
149	15
151	9
152	12
154	1
164	2
166	12
169	3
170	3
173	5
189	1
191	1
192	11
Market 163
4	4
5	6
17	8
23	7
31	12
34	4
40	3
47	7
51	7
53	1
54	8
56	10
61	7
66	14
76	5
84	3
97	12
112	2
114	13
125	13
127	8
128	15
130	15
133	9
143	9
154	3
155	6
156	8
166	9
175	1
177	13
185	9
189	4
195	6
Market 133
3	1
4	15
5	14
10	14
13	14
16	6
51	12
53	13
61	4
66	1
70	1
75	4
77	12
79	1
81	2
83	9
95	15
96	2
97	15
102	15
103	11
104	15
113	8
114	8
115	15
117	6
119	11
120	2
125	7
131	1
135	15
140	15
146	7
156	9
157	6
158	11
161	15
169	3
171	6
174	7
183	9
186	2
189	13
192	12
194	9
195	9
196	8
Market 335
9	3
21	11
44	13
45	7
70	12
84	1
89	13
94	13
105	5
108	6
127	7
143	6
144	3
166	9
199	3
Market 194
5	4
23	7
56	4
60	9
69	6
80	15
110	9
112	13
113	7
114	2
116	11
138	15
144	1
145	15
Market 217
3	4
34	7
61	3
105	3
189	8
190	8
194	11
Market 219
7	11
13	15
19	9
40	4
58	5
62	1
79	2
84	9
96	8
108	11
122	4
159	2
161	1
Market 154
1	15
14	11
21	3
55	6
63	8
89	1
92	1
97	10
108	9
113	13
144	4
Market 37
1	9
10	10
14	14
61	12
62	1
66	4
70	12
74	9
85	12
88	8
95	15
99	7
109	9
116	13
118	5
133	11
141	1
142	8
152	1
161	4
168	15
174	1
182	14
197	3
Market 332
1	14
4	7
17	13
22	10
30	4
32	6
56	4
58	14
60	15
63	15
169	14
178	1
191	1
Market 144
7	6
34	9
56	4
58	2
60	2
84	4
85	1
90	6
180	3
194	4
Market 63
1	11
2	8
11	10
30	14
42	4
73	5
84	8
122	9
135	3
145	2
147	14
169	14
178	10
186	6
187	14
192	14
198	14
Market 5
28	8
45	14
50	3
81	2
103	13
105	3
113	12
116	8
119	11
129	13
133	5
146	5
148	14
149	7
Market 293
26	2
43	3
47	4
82	9
84	13
91	14
92	13
132	10
135	7
140	2
141	9
159	2
161	11
178	11
186	15
199	10
Market 206
5	3
6	9
10	1
12	9
18	8
25	5
36	2
43	10
61	5
68	12
73	7
82	4
96	15
102	7
108	14
110	8
118	15
125	5
134	5
135	10
141	8
145	7
156	12
162	11
176	10
180	4
186	6
200	11
Market 53
3	14
40	6
42	5
43	9
51	10
74	5
84	1
92	15
95	15
135	5
155	8
158	14
164	10
190	5
195	2
Market 79
7	1
15	5
22	7
26	2
30	7
38	9
45	14
47	7
56	1
64	6
68	12
73	3
74	8
90	9
92	1
96	7
97	15
108	1
113	5
114	14
143	15
187	6
191	11
195	13
198	13
Market 196
1	2
5	8
6	8
7	10
10	6
14	7
16	8
19	14
22	15
28	6
40	14
42	15
50	10
51	14
52	9
63	7
179	15
187	11
Market 56
10	7
20	4
23	11
46	3
50	1
51	8
67	6
92	10
125	15
182	4
187	10
200	12
Market 18
3	9
12	13
17	7
21	9
26	7
56	9
70	14
85	7
107	10
138	8
145	7
153	8
166	4
192	11
193	1
197	8
198	3
Market 122
7	7
17	6
40	4
47	4
49	1
50	11
53	3
54	10
68	3
95	14
97	2
122	12
135	8
143	13
151	8
169	13
174	9
196	6
Market 170
1	7
5	10
9	6
47	2
50	4
52	11
58	3
67	4
73	7
74	1
90	12
97	6
109	10
114	9
127	2
147	10
161	7
186	3
190	4
191	7
Market 285
10	2
12	11
15	5
23	14
38	5
45	8
49	4
78	13
86	7
87	13
89	10
94	15
95	3
96	4
105	6
109	2
126	7
130	7
135	9
140	2
141	11
150	4
155	14
159	4
162	6
185	5
Market 118
12	10
16	14
27	12
36	3
48	1
62	11
63	6
68	4
70	3
71	11
74	6
79	2
83	6
84	14
90	8
102	8
116	1
119	8
138	12
141	2
153	9
166	4
174	1
184	9
199	14
Market 169
4	13
5	2
12	3
22	15
41	10
43	2
45	6
52	14
53	3
63	5
90	11
130	9
144	13
178	5
180	11
192	13
195	15
197	4
Market 328
1	2
10	5
17	8
22	2
27	8
34	9
44	14
53	7
63	9
84	1
85	13
151	14
165	2
187	8
188	4
Market 205
1	8
7	13
9	8
14	11
30	5
49	13
65	6
71	15
79	9
85	13
88	5
92	5
103	8
108	6
114	2
123	15
138	15
141	1
143	4
146	4
147	8
151	7
155	1
162	10
163	1
167	4
173	14
184	10
189	3
Market 75
25	15
34	3
40	10
41	14
44	13
47	11
73	11
127	9
130	10
141	15
147	14
184	8
Market 34
41	6
64	7
79	13
96	4
97	6
109	15
112	1
122	13
133	13
143	6
151	4
153	7
154	14
168	3
178	12
Market 17
11	11
12	13
20	15
34	14
47	14
49	9
51	11
62	10
63	3
74	9
85	10
97	8
133	8
175	4
178	6
182	9
186	10
Market 326
6	7
13	14
17	8
32	4
53	15
58	6
74	6
77	15
78	8
79	11
80	5
85	10
88	8
95	1
99	14
112	10
118	13
128	9
141	4
144	3
146	15
149	2
152	7
156	10
168	15
177	8
188	13
189	2
193	15
194	11
200	15
Market 269
22	12
25	10
27	11
40	10
45	1
51	13
78	1
80	12
90	4
93	4
95	9
97	8
102	1
111	3
115	5
136	13
154	6
158	2
171	1
174	4
182	14
195	9
200	7
Market 83
3	4
10	6
12	6
14	6
26	9
40	5
41	1
68	14
76	9
79	3
80	1
88	14
94	11
96	3
102	11
107	15
112	6
116	9
121	4
125	6
132	2
134	12
144	5
151	8
154	12
157	12
165	14
175	14
179	12
182	14
191	4
192	6
196	5
200	13
Market 221
4	12
13	8
25	7
40	1
53	14
68	14
70	10
80	8
81	5
83	6
97	11
102	7
112	9
118	8
123	4
144	5
146	11
147	1
165	13
166	5
167	15
171	15
187	9
189	6
190	5
194	4
195	7
199	2
200	4
Market 120
7	8
21	12
49	9
56	6
60	6
85	13
90	2
143	9
169	14
187	5
Market 193
14	13
22	14
29	1
46	12
67	11
85	9
105	10
113	6
130	8
174	2
177	3
184	8
186	9
196	11
Market 66
13	10
28	8
34	4
40	10
43	6
52	10
58	10
62	7
70	2
74	14
88	4
97	6
112	6
114	13
124	8
127	9
133	15
140	15
145	5
151	10
153	5
154	10
157	2
168	11
194	10
196	7
Market 61
13	8
21	3
34	8
43	8
45	15
66	6
68	4
73	12
78	15
81	1
83	9
86	9
88	6
96	2
109	14
110	5
112	7
115	1
126	3
128	13
132	14
134	10
152	6
156	15
159	8
161	15
166	13
171	2
174	7
186	13
187	12
191	2
197	14
Market 21
7	12
33	10
41	1
71	11
77	12
79	12
92	4
95	12
105	1
109	9
116	5
117	6
125	12
129	8
135	2
136	9
137	9
144	4
145	6
151	8
163	5
164	11
165	12
170	5
181	6
182	11
186	10
Market 96
11	11
22	1
38	3
45	4
50	13
52	7
56	9
58	9
66	9
74	4
85	4
90	15
96	10
109	9
125	5
133	2
141	6
143	9
153	12
166	5
169	8
182	1
194	10
Market 329
3	1
4	10
5	1
7	8
11	10
19	8
23	3
30	5
32	5
38	9
44	8
60	15
66	7
105	13
195	11
Market 267
11	5
21	7
22	10
25	14
43	11
47	3
49	5
56	7
60	11
66	1
68	15
69	4
70	7
73	10
79	14
84	13
105	4
114	13
119	7
127	14
135	5
146	3
147	15
152	1
155	13
157	3
159	6
162	10
174	1
186	2
190	2
200	6
Market 245
10	4
19	12
34	15
36	3
43	14
46	9
47	4
75	5
81	14
88	4
93	8
97	8
102	1
107	8
108	7
113	15
115	3
126	9
130	5
131	7
136	15
137	8
147	12
149	5
158	12
159	8
161	5
162	9
165	12
166	6
169	2
186	3
Market 157
11	6
47	12
56	9
62	1
63	2
64	13
66	12
67	8
68	13
69	10
71	11
77	9
83	14
86	3
91	5
101	11
102	10
103	5
107	10
110	7
117	4
128	1
130	7
132	15
145	11
157	13
174	15
194	14
Market 249
4	1
7	5
11	11
18	9
22	6
29	8
40	5
48	9
53	11
63	2
66	5
187	14
190	15
197	7
Market 60
12	12
17	7
31	13
47	4
49	9
56	10
62	5
65	12
66	3
169	4
187	1
189	10
197	13
Market 188
6	15
27	11
43	4
44	5
45	11
47	1
48	8
49	9
54	14
56	11
58	14
198	8
Market 93
11	2
15	6
16	3
21	7
25	3
43	9
46	14
58	4
61	8
67	3
71	9
78	4
86	3
90	11
92	10
93	6
94	2
105	5
109	3
117	4
120	2
123	2
136	8
138	3
163	9
174	13
178	6
182	7
191	13
197	8
Market 160
1	9
4	2
7	8
9	9
10	6
16	6
20	2
25	8
26	13
27	5
34	15
38	9
45	4
60	3
69	13
88	3
105	2
108	8
109	2
125	2
130	11
147	1
161	4
169	14
184	10
Market 71
1	1
6	11
10	8
38	12
46	14
48	9
50	15
60	12
62	9
70	2
74	15
79	7
84	13
86	7
94	1
96	13
105	10
110	14
114	14
118	8
121	12
122	13
135	5
141	15
151	10
153	2
157	6
169	7
171	15
174	5
184	4
186	10
195	9
196	7
199	2
Market 106
3	10
65	2
84	4
85	6
96	10
97	2
105	4
108	9
109	10
133	7
143	2
182	11
186	8
190	3
Market 263
7	14
10	3
35	9
44	10
47	7
53	2
67	1
68	4
80	8
85	13
92	1
98	11
109	11
121	7
130	10
146	8
147	4
153	15
154	11
158	12
161	11
163	7
167	13
169	13
180	15
194	7
195	15
Market 111
6	9
7	4
17	14
53	5
73	6
88	2
95	8
105	8
112	3
113	4
125	7
130	15
133	13
141	6
145	6
154	11
180	11
194	15
196	6
Market 140
1	11
2	12
12	15
45	11
50	2
62	2
Market 292
9	3
22	15
26	2
28	8
34	6
51	2
125	12
189	11
196	4
Market 241
6	6
7	7
18	6
21	2
34	14
38	8
52	12
56	13
62	13
90	2
181	3
187	11
194	5
198	6
Market 222
5	8
11	1
22	4
49	10
53	8
56	15
62	11
69	11
71	8
72	13
77	11
78	1
80	7
83	15
84	10
90	15
97	2
99	2
105	12
110	6
112	2
117	13
122	5
123	3
132	8
134	7
135	10
143	8
144	11
145	6
147	3
151	14
153	8
156	2
159	13
168	13
171	3
198	5
Market 232
5	10
10	1
21	15
34	7
51	5
64	13
105	12
114	15
125	5
135	9
168	7
177	4
185	10
188	2
Market 36
1	7
6	1
14	8
16	12
27	5
56	2
59	13
61	3
64	14
66	9
178	8
180	9
190	1
196	2
Market 13
8	9
19	9
20	3
22	2
23	13
29	13
34	1
41	3
51	12
52	14
55	15
56	7
58	6
71	10
75	15
81	1
84	15
85	11
86	7
91	15
95	6
97	5
106	13
108	10
109	9
113	11
114	12
115	11
125	5
138	3
144	3
148	9
155	14
159	2
165	10
168	13
171	4
172	4
186	9
190	13
192	4
195	13
200	1
Market 161
5	10
11	2
22	11
25	7
32	6
41	7
65	8
84	15
169	7
184	12
194	12
Market 77
4	5
8	14
30	3
32	3
38	4
40	10
48	13
49	10
52	2
53	15
57	13
63	3
69	1
75	7
77	14
89	7
107	1
114	4
124	6
127	15
130	10
142	15
144	3
147	8
152	8
160	3
161	8
163	2
171	4
193	12
200	14
Market 149
7	4
11	6
17	5
27	11
31	10
47	5
62	11
63	12
68	15
73	14
75	10
79	4
84	3
85	13
101	5
116	10
122	6
133	14
136	9
143	14
153	6
154	13
160	1
166	5
169	12
175	11
187	8
188	12
189	5
192	1
196	12
199	6
Market 227
2	3
4	5
12	1
29	5
33	3
53	7
55	5
58	8
59	5
62	8
74	2
89	8
110	1
135	15
145	5
168	8
183	6
191	12
Market 81
4	2
7	3
13	5
25	13
38	3
54	7
61	15
73	4
85	13
92	4
135	14
169	1
177	2
186	6
Market 142
1	10
11	14
18	7
22	4
38	4
49	8
52	6
53	12
54	7
67	10
68	13
76	11
78	1
79	14
83	4
99	1
102	1
118	10
123	6
125	6
132	6
137	15
138	13
149	1
152	8
159	8
168	9
169	7
178	6
186	11
196	2
Market 340
3	4
7	14
12	10
16	4
24	13
25	11
36	2
43	13
44	12
60	14
65	9
182	5
184	2
186	4
193	4
198	11
Market 143
4	15
6	9
19	1
23	12
30	7
41	10
45	14
48	9
50	3
55	7
64	10
65	13
69	12
78	11
85	11
96	13
97	1
105	6
109	13
113	7
114	6
122	6
130	15
133	10
Market 197
4	8
12	3
19	15
20	1
30	3
32	10
44	5
45	9
60	5
62	5
66	10
70	1
82	9
84	5
86	12
90	9
91	8
95	2
96	14
98	15
101	11
106	7
114	9
118	15
121	13
125	10
127	9
130	12
137	2
148	10
150	12
161	11
172	3
179	7
180	12
182	1
187	3
189	6
196	10
197	1
Market 14
7	11
9	3
12	7
17	9
25	11
40	9
56	10
85	14
95	1
108	6
143	1
158	6
166	5
194	6
Market 101
9	1
16	2
22	3
38	15
41	10
54	7
68	8
78	2
81	7
86	4
89	9
92	1
95	8
102	3
108	11
109	3
114	5
118	3
119	15
122	8
123	4
124	12
131	11
137	10
140	2
141	6
144	5
145	8
148	2
158	13
161	7
165	6
169	2
189	2
194	5
Market 69
7	6
31	11
36	1
40	7
56	14
61	9
72	2
80	7
94	12
95	4
99	9
103	6
106	3
111	1
117	9
118	10
123	11
125	4
136	8
142	15
143	4
146	1
149	9
155	6
158	1
159	2
161	1
166	1
168	10
188	12
189	13
Market 8
7	7
12	15
16	1
27	6
30	7
32	6
38	4
51	2
56	11
60	9
64	7
69	13
70	12
90	4
92	4
109	6
122	14
125	5
130	5
133	8
143	13
144	11
147	7
168	3
169	10
186	2
189	3
191	11
Market 187
15	7
27	7
34	10
45	14
73	11
76	3
88	4
107	7
112	2
113	10
122	4
127	10
130	4
140	13
145	5
161	3
187	10
190	9
192	14
Market 229
5	11
34	6
49	10
62	10
67	14
76	2
78	14
79	12
82	1
86	1
95	10
98	8
99	1
100	1
101	8
102	2
106	7
109	11
110	12
115	14
120	12
129	6
133	7
135	5
140	1
151	15
156	7
157	3
168	3
169	12
171	1
178	12
185	2
196	1
Market 23
80	7
84	5
88	9
96	2
97	8
114	9
133	12
145	12
150	11
159	15
169	4
171	8
180	11
187	1
Market 173
8	7
28	7
32	11
52	11
53	2
55	10
63	13
75	9
81	10
94	14
106	4
131	13
138	8
140	4
162	7
167	14
190	5
195	5
Market 295
1	1
40	4
45	12
54	14
69	11
72	11
76	11
79	6
80	12
83	4
86	13
88	8
97	3
114	9
118	4
122	13
141	14
151	5
158	15
164	13
167	14
168	11
200	6
Market 251
3	10
5	8
6	14
10	7
15	1
23	10
34	9
43	14
52	11
60	13
74	1
80	3
86	13
88	14
96	5
103	11
107	9
108	7
110	13
112	4
114	2
116	6
128	13
133	2
140	11
141	10
151	13
161	3
163	4
168	7
188	12
Market 255
45	12
47	9
84	7
102	7
114	2
122	8
141	2
145	6
178	5
181	5
186	1
Market 24
1	3
3	9
4	15
7	9
11	12
12	5
16	6
25	10
45	12
60	11
63	12
65	5
73	6
85	9
86	2
90	13
112	6
143	14
165	6
189	5
Market 171
1	11
5	7
16	2
22	2
25	1
27	10
30	4
34	14
36	3
43	9
44	7
46	7
51	6
53	15
61	12
64	15
68	1
73	10
80	8
90	7
92	6
95	9
108	14
112	4
124	2
125	2
130	11
135	8
153	12
159	1
176	4
178	1
180	1
183	7
190	7
200	15
Market 252
10	8
11	1
49	9
54	3
61	15
66	4
90	13
174	12
195	6
198	8
Market 117
12	12
20	12
43	14
44	8
49	11
64	10
71	7
74	9
78	5
83	10
84	13
86	11
88	7
92	1
98	1
99	1
103	11
107	14
110	1
114	12
127	3
133	2
145	8
148	13
150	15
152	9
166	7
180	15
189	9
Market 257
11	14
13	10
28	6
32	11
43	2
61	4
187	6
Market 104
16	12
21	5
51	3
54	12
73	3
94	10
105	6
176	13
Market 2
6	12
7	14
9	1
17	1
22	12
29	4
46	9
59	14
73	7
84	2
95	8
105	3
113	4
130	5
133	1
144	8
147	2
151	4
153	11
161	13
168	4
178	5
188	8
199	1
Market 72
3	15
7	4
17	3
26	13
32	9
40	4
49	1
74	9
109	15
113	8
130	14
196	14
Market 278
21	4
25	2
42	7
46	14
50	6
64	10
69	4
84	1
89	4
99	4
102	15
107	3
108	7
109	5
110	10
122	10
147	15
149	9
150	12
155	5
171	11
194	8
Market 25
4	6
11	14
12	1
14	11
21	11
38	10
40	10
41	4
43	3
46	7
54	1
56	10
61	7
73	3
177	3
191	8
197	6
Market 135
4	1
5	10
25	7
27	5
43	15
45	2
48	3
78	6
88	2
91	12
96	11
97	9
101	8
102	4
105	2
113	14
133	11
137	2
142	10
143	4
146	15
150	3
159	5
162	7
166	7
177	1
188	14
193	5
Market 99
12	9
15	3
21	11
31	10
34	8
56	6
62	3
69	13
72	3
74	10
80	2
108	6
112	5
127	3
128	5
133	7
140	13
141	12
149	13
154	4
157	10
186	13
198	12
Market 236
3	2
7	9
19	4
49	14
58	8
66	12
67	14
177	14
199	15
Market 176
4	7
25	8
54	13
56	8
62	14
69	15
90	8
92	11
94	13
113	3
125	13
130	1
133	7
144	9
161	1
176	13
177	14
188	3
189	1
199	8
Market 258
5	3
10	6
12	1
20	5
21	12
30	5
34	2
43	2
49	6
50	8
56	6
70	6
78	5
94	8
96	9
97	4
107	10
112	14
146	3
147	1
161	2
171	4
190	8
196	9
Market 279
22	6
30	4
31	1
44	13
47	12
56	8
70	3
79	5
83	6
91	2
99	3
107	9
136	4
140	12
143	4
152	15
156	6
158	4
165	1
176	9
177	14
178	1
181	2
186	3
187	15
Market 303
1	13
28	12
55	4
68	13
70	4
76	14
78	11
89	15
95	4
124	13
125	3
130	7
151	7
157	8
176	5
186	13
190	2
194	1
Market 183
7	6
10	1
12	15
16	10
24	4
42	7
65	3
70	9
72	1
73	14
78	9
97	8
107	15
109	5
117	12
134	15
140	14
166	2
167	6
191	2
Market 280
1	15
16	7
19	10
21	2
25	8
40	4
48	3
50	13
55	14
61	14
73	15
90	6
92	4
125	4
130	4
165	9
188	10
190	3
195	5
Market 202
11	15
38	13
56	10
92	3
130	3
168	15
182	12
187	11
200	10
Market 281
7	2
23	1
40	13
43	6
44	1
45	9
92	1
Market 345
1	3
6	12
14	3
19	6
40	15
56	2
113	11
169	15
182	9
190	4
200	7
Market 67
4	9
11	15
14	13
20	7
47	4
49	1
52	12
67	5
71	4
73	13
84	12
102	15
110	14
116	11
119	7
130	8
140	15
155	7
156	3
169	12
194	14
Market 299
7	9
15	15
25	10
42	1
70	10
84	10
99	12
113	3
124	3
142	14
144	2
174	3
180	2
182	12
189	14
Market 304
7	2
44	11
46	7
74	10
89	13
147	13
161	8
183	12
200	12
Market 286
21	14
27	14
38	2
53	4
79	2
88	5
94	13
96	5
101	4
109	15
119	6
124	12
128	6
154	7
164	9
178	12
190	13
194	1
Market 289
5	7
9	7
13	11
14	15
21	1
32	3
40	15
49	11
53	6
54	8
61	3
70	12
73	4
94	8
125	2
147	7
161	5
176	2
191	1
196	8
199	4
Market 230
3	10
6	9
7	8
8	7
40	2
43	15
47	15
75	13
99	9
121	13
127	9
133	13
142	9
146	7
149	15
165	11
178	5
Market 49
9	6
14	1
20	9
39	14
41	8
56	3
60	2
62	14
67	1
109	1
186	12
188	11
192	6
196	3
Market 6
5	11
8	15
11	5
12	1
16	7
17	2
23	7
25	8
30	2
38	7
41	9
44	12
55	3
68	7
70	14
74	14
75	4
96	12
99	2
101	1
105	12
109	3
114	6
121	5
123	5
134	4
138	13
141	2
149	13
177	8
196	9
Market 228
10	3
11	1
49	13
50	3
56	5
62	9
67	8
169	4
184	11
186	9
200	8
Market 266
17	12
41	7
49	5
53	3
69	1
70	13
105	11
108	13
159	2
169	13
188	11
194	15
195	5
198	12
199	9
Market 110
10	8
25	7
47	6
55	12
61	13
70	9
79	15
80	2
88	8
89	2
105	5
114	13
118	3
122	1
123	8
130	12
135	11
137	9
145	13
152	11
154	9
165	7
168	1
170	1
Market 312
6	12
7	1
12	5
14	2
18	2
21	15
23	7
49	2
67	3
88	3
97	2
107	7
108	15
109	15
143	2
153	8
154	7
177	6
182	11
184	10
Market 51
32	5
48	10
69	3
74	13
84	8
86	11
95	9
121	7
128	4
129	14
132	5
133	9
140	2
141	13
147	15
154	12
157	1
162	10
171	1
174	6
180	12
199	13
Market 145
18	6
38	14
42	2
66	11
130	5
169	15
186	5
189	6
190	8
Market 4
16	5
31	5
32	5
43	2
47	10
48	5
54	1
56	5
58	12
61	1
63	8
187	15
188	1
189	3
198	5
Market 268
8	1
19	9
63	12
74	9
108	10
182	7
Market 282
5	9
27	10
43	2
66	14
92	11
122	10
125	5
135	7
Market 192
2	1
6	2
8	14
12	5
41	13
43	5
45	1
50	1
66	11
84	12
97	1
105	6
130	3
133	13
144	5
196	2
199	7
Market 128
2	11
9	11
14	15
24	7
33	9
40	13
50	4
65	9
105	5
165	12
195	7
Market 97
4	6
12	1
17	15
22	3
38	4
41	15
45	10
48	3
50	6
53	7
73	10
161	14
196	3
Market 302
3	4
5	8
24	15
25	1
43	15
58	15
61	12
69	11
72	13
78	1
80	6
92	12
95	9
96	1
103	4
105	8
111	7
116	2
118	1
123	10
127	10
128	4
133	11
136	9
144	6
151	8
152	11
157	4
159	12
160	9
165	3
166	3
167	8
182	12
185	6
189	13
200	7
Market 259
4	13
15	13
42	10
45	1
50	15
53	13
60	15
73	10
85	5
106	13
107	14
114	8
118	14
122	4
133	6
138	1
143	14
152	2
166	9
174	2
184	8
191	14
Market 349
6	6
19	6
48	9
67	3
76	10
78	9
89	8
99	13
113	10
114	11
131	12
144	15
145	2
151	14
157	7
162	7
169	1
171	9
180	5
184	7
187	9
190	5
191	5
194	1
Market 30
7	5
31	13
38	7
53	15
62	1
75	6
78	15
86	2
89	12
94	10
105	7
108	6
109	15
114	12
119	9
121	5
127	5
130	15
135	10
144	2
146	13
150	2
161	2
167	3
178	10
187	2
192	6
195	8
Market 182
12	15
14	4
21	1
88	14
89	8
90	11
99	12
107	12
119	2
121	9
123	11
135	12
143	10
169	1
190	10
Market 200
8	8
25	5
50	6
67	7
84	3
89	2
94	8
114	4
125	6
179	14
186	10
190	1
200	11
Market 190
5	7
12	10
15	15
17	14
23	11
25	11
30	14
40	14
62	13
75	10
78	6
84	11
89	2
95	5
103	14
107	13
109	12
113	8
116	10
117	4
122	1
125	1
129	10
132	6
133	11
135	7
142	5
152	8
153	6
158	10
159	2
161	15
166	11
177	10
194	13
196	7
Market 119
4	12
18	15
25	3
43	5
47	7
52	1
61	4
67	7
71	6
78	1
80	10
88	3
95	6
101	14
121	9
138	7
151	12
154	10
159	4
163	10
165	1
167	11
168	15
176	8
180	10
198	6
Market 313
10	13
18	3
24	12
26	8
49	13
51	9
56	2
125	2
176	1
184	6
187	11
188	8
191	14
194	13
Market 243
9	11
11	6
17	2
44	7
50	13
67	7
69	6
70	11
76	6
86	11
96	3
99	6
102	7
105	14
114	7
116	9
119	8
135	5
159	2
165	8
Market 271
5	14
12	7
24	14
43	3
56	12
65	9
69	9
84	13
90	14
92	5
169	5
198	11
200	3
Market 319
2	2
12	6
15	13
49	14
52	15
61	6
105	11
114	6
130	1
144	3
168	10
184	13
185	1
190	7
194	5
195	14
200	9
Market 98
43	14
49	15
67	2
69	10
84	4
89	15
109	14
124	13
161	12
184	15
188	15
Market 218
1	5
15	1
22	10
24	3
42	5
45	3
52	9
58	2
60	6
62	6
74	3
94	10
109	1
125	3
151	1
185	4
188	15
195	7
200	15
Market 102
5	5
16	7
17	7
25	15
34	10
42	11
68	12
74	4
77	11
78	8
79	7
86	13
89	5
105	9
108	5
114	14
119	7
122	5
124	14
127	12
133	2
138	5
153	14
154	11
156	11
158	4
163	5
174	8
177	14
188	4
194	10
195	3
Market 45
3	7
5	11
83	7
90	5
93	12
106	2
119	13
121	10
142	6
147	5
153	10
156	12
166	14
182	14
188	14
Market 337
1	14
7	2
8	2
17	7
19	13
55	11
64	15
73	1
182	8
186	12
Market 55
1	13
6	10
28	7
30	8
34	4
41	13
44	1
45	7
46	7
52	15
56	12
62	5
67	1
69	6
71	2
78	9
87	6
89	14
102	4
125	3
130	1
131	8
134	14
146	8
147	3
148	10
149	13
155	15
158	15
159	9
163	15
169	11
170	7
171	2
173	10
187	2
Market 308
17	1
21	11
23	4
41	1
42	13
48	6
62	8
186	7
194	8
195	10
196	6
Market 270
2	11
10	1
12	13
17	13
21	13
78	5
84	12
92	8
107	13
108	11
114	6
122	5
127	8
132	6
133	5
137	14
140	12
143	10
147	7
149	7
151	10
155	9
156	1
168	3
169	7
176	13
184	7
191	3
196	6
199	14
Market 322
27	10
43	2
48	13
51	5
61	10
63	4
66	9
67	9
70	12
85	9
130	4
145	9
153	3
169	11
176	11
194	9
Market 48
44	9
68	9
113	9
189	5
190	2
194	8
198	3
199	11
200	14
Market 338
4	13
20	12
53	8
58	8
78	2
80	5
85	4
88	10
89	13
90	6
125	11
133	14
135	8
141	6
152	7
153	9
154	13
159	8
162	6
168	5
174	5
176	13
Market 214
31	10
43	14
61	5
72	2
83	7
94	15
96	7
110	7
112	3
135	8
145	7
149	14
158	3
168	4
Market 276
27	1
40	8
48	8
130	5
169	4
200	14
Market 327
1	1
4	5
14	1
20	12
22	14
23	10
25	3
34	11
50	14
51	2
67	5
70	9
74	15
76	5
82	7
86	8
88	3
97	4
98	7
99	1
100	3
102	13
107	14
108	13
111	11
122	6
127	8
128	13
129	8
132	11
142	12
144	3
145	13
150	10
156	1
169	15
186	5
Market 78
17	12
60	12
62	15
75	4
78	6
80	9
107	5
112	4
117	4
124	1
128	4
132	9
135	8
141	1
144	9
156	3
162	12
165	5
168	11
200	3
Market 80
3	1
7	2
11	13
12	7
16	14
17	9
27	3
30	12
43	15
45	13
47	2
68	9
92	12
94	4
105	5
108	3
122	6
125	6
141	10
182	4
191	10
197	1
199	14
Market 107
5	3
14	15
25	3
26	11
42	15
74	1
90	3
96	11
102	9
105	3
109	1
110	15
119	10
127	7
143	11
146	10
157	6
177	13
181	12
184	4
192	5
195	10
199	5
Market 94
10	11
26	13
29	4
38	6
43	1
44	8
60	9
62	7
68	7
72	7
73	15
75	7
76	4
78	3
88	6
89	6
94	3
96	13
105	1
110	7
118	5
122	8
123	7
125	6
133	5
134	8
135	1
149	11
154	12
158	11
Market 324
1	5
5	3
21	2
26	12
187	1
188	11
195	6
200	14
Market 91
7	5
12	2
15	6
40	3
45	3
78	2
84	10
109	8
114	6
135	12
141	10
144	6
145	2
147	2
153	5
158	14
169	4
180	1
184	10
186	4
188	11
189	5
190	9
Market 210
3	14
13	8
16	4
22	1
25	13
26	5
30	5
36	3
40	4
53	12
57	6
60	14
73	6
74	14
80	9
95	6
113	6
125	3
127	9
130	4
133	13
138	4
145	11
147	15
190	7
Market 199
5	10
6	6
7	5
22	13
32	10
43	2
47	4
54	14
62	11
68	13
70	9
73	13
74	6
77	4
80	4
84	2
85	15
89	10
92	2
95	2
96	6
101	13
117	12
118	6
119	6
121	12
124	8
128	12
134	15
137	12
150	12
153	6
156	9
164	7
168	8
174	13
180	3
186	15
192	2
195	3
197	9
Market 139
11	15
20	12
49	6
73	14
76	14
78	6
85	2
88	13
89	1
94	4
109	15
114	4
127	3
128	15
130	1
133	4
135	3
143	6
151	10
153	11
157	10
158	14
161	13
165	1
168	9
190	3
191	9
Market 146
1	6
6	5
9	8
20	11
22	1
40	5
52	2
71	6
74	10
85	4
86	9
89	14
90	1
108	9
112	11
119	1
133	11
135	14
151	14
159	11
165	5
171	11
182	13
190	3
194	12
Market 225
1	10
3	11
12	6
36	7
44	4
73	7
74	3
90	8
169	2
174	15
197	3
199	7
Market 57
1	10
3	5
7	4
11	15
14	13
16	9
17	8
27	9
47	12
50	10
56	9
67	7
74	5
185	10
194	14
197	13
199	7
Market 296
4	8
6	11
16	11
17	3
29	2
38	13
50	9
56	2
67	5
90	7
94	13
105	4
189	5
199	14
Market 316
5	8
26	6
30	3
38	9
42	13
45	11
48	1
60	10
114	10
182	12
Market 168
9	1
11	11
16	4
21	8
25	11
27	2
31	14
33	3
36	11
41	3
43	14
54	4
67	9
70	11
73	15
105	2
108	11
109	11
133	11
135	15
151	3
186	5
187	15
188	3
190	3
199	9
Market 318
5	15
7	5
16	15
19	1
22	5
25	9
48	9
63	6
70	4
73	13
76	8
80	14
83	10
85	6
90	14
96	12
109	6
116	12
119	7
123	4
125	3
128	10
138	8
144	3
154	12
155	14
157	15
161	15
162	7
171	1
177	3
185	10
188	13
195	7
Market 165
13	14
15	7
17	8
25	9
31	2
38	9
40	10
43	7
49	9
53	11
62	6
68	6
69	7
81	12
91	6
92	13
97	12
105	11
106	9
115	2
122	7
123	1
125	6
144	2
145	11
147	9
153	14
161	12
162	1
164	10
167	15
170	2
186	8
188	13
200	5
Market 20
4	6
13	9
14	5
27	14
30	12
58	13
67	12
178	6
187	2
190	12
Market 264
3	2
6	7
18	13
24	6
31	5
52	3
66	1
69	6
74	9
97	7
113	8
182	7
190	14
195	13
Market 347
5	14
17	9
26	9
40	4
47	12
49	2
56	2
68	5
69	7
78	8
80	1
89	13
94	4
97	13
107	14
108	4
113	6
125	6
144	15
154	12
161	10
182	5
184	3
194	11
Market 254
1	15
7	8
9	14
17	3
32	7
38	13
50	3
58	9
61	7
70	11
75	1
79	3
80	1
90	1
92	6
94	10
101	4
107	2
110	4
112	1
114	3
121	6
122	10
134	8
137	14
146	13
147	12
150	15
152	6
157	3
159	6
165	15
188	12
192	12
Market 112
4	3
5	1
40	10
55	5
58	15
61	8
62	4
63	1
66	15
147	8
175	7
186	11
190	10
194	15
Market 203
12	14
16	11
17	1
27	4
38	14
49	4
52	7
61	2
65	15
66	10
69	3
88	5
90	7
92	8
96	5
110	8
114	12
127	9
130	8
140	1
141	10
144	2
153	9
165	10
174	13
178	5
184	5
185	8
189	10
195	6
Market 216
6	12
7	2
9	2
11	15
21	9
29	1
41	15
68	6
70	1
84	4
105	5
113	4
178	1
200	1
Market 198
5	9
10	14
15	7
25	7
28	11
34	11
46	6
51	13
56	10
61	6
62	10
67	1
74	11
90	10
94	12
96	11
102	13
108	4
112	11
128	8
141	3
144	2
147	12
154	8
157	8
161	2
166	6
168	12
177	15
182	5
186	15
187	15
188	15
194	1
198	4
Market 208
43	12
45	3
50	14
61	1
90	3
94	6
107	9
125	12
182	1
Market 321
4	6
11	8
16	7
17	7
36	6
40	14
48	12
52	6
114	2
195	8
199	14
Market 54
4	7
8	5
36	15
45	2
70	1
73	8
86	6
119	13
121	6
140	10
141	1
153	3
155	13
157	4
165	9
171	8
Market 265
7	11
8	2
11	11
19	1
48	1
50	5
63	10
183	15
184	2
187	10
Market 195
12	11
16	8
18	2
40	14
45	9
49	9
65	3
73	3
79	11
92	2
97	10
107	8
114	1
143	9
144	6
146	7
151	11
174	13
198	4
Market 307
4	1
16	3
20	14
22	1
92	12
96	6
97	11
108	10
109	5
151	9
159	8
185	4
Market 68
3	9
12	13
17	2
26	6
31	11
38	7
42	6
49	3
56	5
65	8
169	1
182	7
189	2
190	11
194	14
Market 311
6	10
19	14
21	12
29	9
40	10
41	14
69	12
72	12
78	5
86	6
103	13
118	1
119	8
133	7
143	7
149	8
156	8
157	6
159	6
162	3
163	8
Market 167
9	6
17	6
27	14
41	9
44	6
45	6
49	11
50	13
69	11
77	13
80	12
82	14
83	13
85	9
86	13
88	8
89	13
90	9
94	11
95	7
97	5
101	2
106	8
108	12
109	4
110	8
117	7
121	12
123	3
124	11
132	13
136	6
138	12
145	3
147	7
148	12
149	14
151	2
154	5
159	14
162	15
163	7
167	4
168	11
169	10
189	10
194	12
197	12
Market 32
1	9
3	14
4	15
14	9
20	5
28	2
38	10
41	12
49	15
50	13
61	4
62	8
70	4
94	4
95	10
113	5
114	4
125	2
143	4
151	8
165	12
175	7
176	3
Market 114
5	11
17	14
30	2
31	2
38	14
45	6
53	10
60	8
80	13
84	6
85	9
88	12
92	9
94	15
96	2
114	13
122	14
130	5
144	5
145	8
151	13
159	11
165	3
178	4
189	10
196	13
Depot
