CapEuclideo.350.150.5.1
Total Cost:266742
|M*|: 349
Depot
Market 155
7	1
11	1
12	4
14	3
15	6
16	9
19	14
22	10
24	5
25	13
27	1
32	5
45	2
46	2
49	2
53	9
56	7
57	7
63	1
64	11
69	2
78	5
84	6
88	14
96	13
97	10
100	3
102	14
105	8
107	2
113	10
118	3
119	12
120	10
128	6
130	14
133	3
134	4
137	7
139	12
140	1
141	8
145	15
149	11
150	1
Market 105
1	8
2	9
3	12
5	12
9	3
11	8
12	11
13	10
14	14
15	3
16	12
21	15
22	3
24	3
26	12
27	11
28	8
29	6
33	6
35	8
36	14
37	14
39	1
43	13
47	8
48	5
49	15
51	2
52	6
56	2
59	3
60	15
62	2
64	2
75	5
78	5
83	12
84	14
90	1
100	6
102	6
103	6
104	11
105	2
113	11
117	9
123	12
124	1
128	14
129	15
130	15
131	15
132	12
134	4
137	15
141	11
145	10
Market 285
1	10
6	2
8	2
9	1
14	2
15	10
18	6
19	1
23	2
25	2
27	13
32	14
33	3
36	4
37	8
38	7
40	4
42	6
43	13
44	12
46	7
47	15
48	1
50	4
55	12
57	9
59	8
61	6
65	10
69	3
79	5
80	3
98	11
100	4
101	10
123	10
129	15
132	7
133	5
145	14
148	2
Market 229
1	2
2	1
4	5
5	3
6	8
12	14
15	15
17	12
18	5
21	13
22	14
24	6
25	3
26	13
27	9
28	10
30	4
31	10
32	3
33	2
36	14
37	5
38	2
39	5
41	1
42	12
43	5
44	5
45	6
46	5
48	7
49	7
52	1
53	15
54	15
57	4
59	6
61	4
62	12
63	2
67	15
73	1
74	5
78	6
81	2
85	6
89	10
92	5
97	1
98	2
100	5
102	11
107	1
111	10
112	9
119	11
124	6
125	4
128	13
129	13
130	10
133	13
138	9
141	14
145	6
146	8
149	10
Market 90
1	1
11	12
18	2
33	1
37	15
47	1
53	15
54	14
65	7
69	4
72	4
85	8
92	4
100	6
104	12
110	5
111	15
126	14
129	4
132	5
135	3
140	2
145	3
148	3
150	6
Market 139
4	8
11	8
13	10
14	4
16	15
22	12
32	4
33	3
34	3
36	12
38	7
43	5
46	7
51	9
55	12
56	13
57	9
59	6
65	6
67	2
69	10
70	5
71	1
74	8
78	1
81	8
85	11
86	10
87	9
92	1
93	15
94	3
101	3
105	12
109	1
110	1
115	3
123	15
128	7
131	13
132	15
135	7
137	8
139	10
140	2
145	11
146	12
147	2
150	14
Market 28
22	13
38	8
42	1
47	14
54	1
55	14
60	1
65	10
81	10
82	6
88	5
90	12
94	5
96	2
100	12
112	5
116	3
121	12
124	4
129	13
131	9
133	11
135	5
140	15
141	8
145	9
147	4
149	9
150	2
Market 262
6	2
12	3
16	5
22	6
26	6
34	15
38	12
46	10
47	6
48	14
49	2
53	10
54	8
55	9
56	3
60	4
63	4
67	8
72	12
77	12
81	11
84	12
92	5
94	9
97	5
102	9
116	4
119	7
120	7
127	14
128	3
129	13
131	14
133	10
136	1
139	9
140	5
141	11
145	10
148	12
150	5
Market 264
12	1
14	6
19	5
25	4
32	12
55	12
64	14
67	6
79	9
81	3
86	6
96	9
105	13
110	4
126	14
128	8
131	7
137	7
147	2
Market 19
1	9
4	8
12	15
14	9
16	5
19	3
26	13
33	2
51	14
57	4
59	4
63	2
65	1
67	1
73	15
88	13
91	5
95	8
101	10
102	15
104	3
112	2
116	3
117	6
119	8
123	14
131	7
141	8
150	13
Market 106
16	4
19	7
26	7
32	15
37	9
38	6
42	11
43	4
46	2
47	15
49	3
51	8
57	1
60	10
63	9
68	10
69	6
72	1
75	2
79	11
83	9
88	6
90	4
92	7
94	2
98	15
101	4
104	13
111	2
112	1
124	15
131	4
138	10
140	12
150	14
Market 35
1	11
11	6
13	8
19	13
32	10
38	8
43	12
51	9
55	10
59	4
63	11
66	10
72	5
75	1
81	3
92	8
95	10
100	4
104	14
111	13
112	14
117	3
119	14
122	7
123	3
127	5
128	6
132	2
138	15
140	7
145	11
149	1
Market 73
1	8
3	2
9	5
10	11
12	13
13	14
14	9
15	3
17	15
23	11
25	8
26	14
31	10
33	12
38	11
44	13
45	11
49	7
52	7
53	14
54	4
56	10
60	3
67	3
74	5
81	7
84	15
88	14
92	2
95	11
100	4
102	5
105	2
111	3
112	13
116	10
121	13
122	14
127	11
139	10
145	15
148	15
150	13
Market 308
14	15
42	2
51	5
55	7
64	6
65	7
78	4
79	6
83	12
94	1
98	8
102	4
104	6
105	2
107	11
116	3
120	11
121	14
125	9
127	1
128	14
130	14
132	14
133	1
135	3
140	11
144	2
Market 272
38	5
55	4
67	9
69	11
84	12
85	2
95	13
97	4
104	5
108	13
113	10
117	9
119	7
120	8
122	11
124	8
128	10
131	12
132	2
134	14
136	12
148	4
Market 5
3	1
4	13
5	2
7	12
9	11
10	2
13	10
14	13
16	1
17	10
18	4
19	2
22	10
24	6
25	7
27	9
29	14
30	7
31	3
32	1
33	6
34	12
36	12
37	15
41	15
42	10
46	2
47	3
49	4
52	9
53	9
56	13
59	3
60	13
62	8
65	15
71	9
72	15
80	6
81	9
85	12
92	8
94	2
98	14
100	1
104	4
109	6
110	11
111	5
115	1
116	4
117	2
123	3
125	8
132	3
136	11
148	7
Market 326
1	14
4	12
16	14
19	8
22	12
26	6
33	1
46	14
57	1
59	10
60	3
63	1
67	5
74	6
78	4
79	8
88	9
89	4
93	3
95	2
96	4
105	14
109	14
110	9
111	5
112	1
117	8
125	8
128	3
131	1
137	4
138	7
139	3
140	13
145	10
146	10
149	10
Market 4
49	4
55	2
65	7
70	14
71	7
72	5
79	6
86	12
87	3
88	10
93	5
94	4
96	12
99	9
100	10
103	4
106	7
107	8
110	15
112	13
116	5
119	3
123	9
128	5
131	4
135	8
136	14
138	15
150	6
Market 322
10	15
14	1
22	15
25	6
27	6
36	11
42	1
45	2
47	9
49	14
51	12
55	5
56	4
57	8
60	6
75	2
79	9
86	12
90	5
93	7
95	11
96	13
101	10
103	1
110	4
111	1
112	5
123	5
125	1
131	2
132	9
138	8
145	3
150	9
Market 182
1	15
24	9
25	11
26	3
27	1
32	10
38	9
42	1
54	12
56	9
60	15
63	1
65	4
72	2
75	15
82	4
84	9
90	1
92	15
101	7
104	15
109	4
113	6
119	1
128	6
133	10
138	2
144	9
150	3
Market 235
7	1
12	6
32	15
36	3
38	9
42	12
47	2
51	3
64	11
65	13
69	14
70	7
78	8
81	14
90	3
96	14
98	14
101	8
112	2
121	1
125	15
126	2
131	15
132	4
147	2
150	9
Market 201
1	4
2	2
8	7
12	1
13	15
14	13
16	13
18	15
19	13
24	15
25	12
29	8
31	1
32	5
34	9
36	3
37	3
42	12
43	4
44	1
45	8
46	4
47	3
49	9
50	3
52	4
54	2
56	8
57	14
60	15
63	6
64	3
65	6
69	8
70	8
72	11
74	7
82	11
86	11
87	5
90	11
98	6
99	4
103	14
105	10
110	10
121	12
126	15
128	7
129	5
131	13
132	6
138	10
142	7
Market 234
1	14
7	1
16	10
19	12
25	12
27	15
32	6
33	15
37	13
38	14
49	9
51	8
53	12
54	14
57	11
62	3
64	11
67	1
69	4
77	3
85	6
88	12
92	3
97	1
98	10
100	12
102	12
107	13
108	15
111	4
113	12
117	7
119	11
121	6
124	8
130	9
131	3
132	1
133	6
140	5
141	15
145	1
149	15
150	4
Market 54
14	4
25	2
32	7
33	10
36	12
37	3
38	12
42	14
47	10
49	8
51	2
55	15
60	8
67	8
72	10
73	4
81	15
84	10
97	10
98	4
108	12
111	6
113	7
117	14
122	6
124	11
125	4
127	12
130	4
131	14
132	7
137	15
139	5
140	3
141	15
148	6
Market 69
1	2
4	15
5	8
6	8
7	2
8	4
11	2
14	2
15	6
17	3
22	6
24	4
25	11
28	3
29	4
30	9
31	8
32	14
33	10
34	5
44	14
53	1
59	14
67	5
74	11
75	13
78	4
84	2
88	13
101	5
102	12
104	15
105	2
108	5
112	4
118	7
127	2
128	2
129	3
133	14
140	3
145	15
148	14
149	3
Market 150
1	7
10	8
16	9
25	11
26	10
34	13
38	13
43	15
47	15
49	14
50	3
51	3
63	7
64	3
65	5
67	1
70	12
75	7
79	10
84	13
86	2
88	11
90	12
92	1
93	12
95	3
96	6
97	13
98	1
100	6
103	11
107	13
110	12
111	12
112	7
116	10
119	2
127	11
132	8
133	9
135	11
136	2
139	11
140	12
145	12
150	3
Market 265
1	3
6	2
7	6
8	10
11	6
13	15
14	8
15	2
16	13
18	9
19	6
25	9
27	1
32	8
34	12
36	1
37	5
38	4
43	10
51	8
53	2
54	11
56	9
60	1
61	5
62	3
63	14
65	11
67	4
70	9
72	14
73	2
87	4
95	9
98	3
100	9
103	8
104	8
112	2
117	5
119	6
121	15
127	4
128	4
131	14
135	5
137	7
140	10
141	10
145	11
149	9
150	9
Market 273
1	9
3	4
6	3
7	9
8	9
12	7
13	3
16	1
17	11
18	6
19	14
22	11
25	3
27	9
29	4
30	3
33	3
34	14
36	2
37	7
38	3
41	13
42	10
44	11
50	2
51	11
53	1
54	6
59	6
64	5
65	13
69	15
75	15
78	14
84	2
85	4
92	15
104	1
111	12
112	6
116	13
117	15
119	4
121	9
129	10
134	8
135	13
139	3
145	13
146	13
Market 181
1	11
3	9
5	7
7	9
9	11
13	1
17	9
23	3
24	3
25	14
26	12
27	5
30	9
31	1
33	3
39	10
41	14
43	2
46	6
47	13
50	14
51	1
53	2
54	2
61	8
62	5
63	14
68	6
69	10
74	15
75	13
81	4
83	13
90	12
101	8
105	11
106	3
107	15
111	10
112	15
116	9
117	1
121	9
127	12
129	7
133	12
135	14
138	9
145	3
149	11
150	15
Market 134
1	7
6	15
7	1
10	13
13	9
14	3
15	11
19	8
27	2
33	4
42	3
47	2
51	14
53	12
54	1
56	15
57	9
59	3
62	15
63	13
75	15
79	1
84	2
90	8
92	11
96	13
103	5
107	14
110	12
111	1
112	7
121	6
129	6
130	15
132	12
147	9
150	9
Market 172
32	12
36	1
38	15
47	4
54	7
55	10
67	5
69	7
72	2
74	5
75	11
88	12
90	6
92	6
95	10
96	11
102	1
123	5
124	5
133	13
143	9
148	7
150	14
Market 250
1	11
7	7
12	13
14	5
25	6
32	6
33	6
37	6
42	2
43	7
51	12
54	10
67	15
72	2
75	7
82	1
84	9
88	1
90	14
92	6
96	15
100	3
101	4
104	4
105	5
107	1
112	12
129	2
132	6
144	12
148	11
Market 3
4	10
7	14
10	14
14	8
16	12
19	15
22	4
25	9
27	8
33	6
34	13
42	4
49	12
51	15
53	3
55	10
57	13
59	3
64	6
69	5
70	9
78	1
85	14
86	3
92	2
95	4
100	1
101	10
102	15
103	9
109	12
110	1
119	14
120	4
121	2
125	3
130	4
134	15
135	15
145	10
146	13
147	4
Market 171
11	1
12	2
16	12
19	4
25	7
27	12
32	8
33	10
36	2
37	8
43	13
46	8
47	6
48	4
49	1
53	14
54	4
56	15
57	5
60	11
62	4
65	1
75	10
81	3
84	14
90	9
92	1
95	8
97	7
100	14
104	12
105	7
111	15
116	8
117	14
119	2
123	4
124	9
128	8
131	11
132	5
141	9
143	9
149	14
150	4
Market 68
14	8
37	8
49	2
54	5
63	7
65	8
67	12
69	1
75	10
78	9
79	13
84	7
90	6
92	12
93	2
101	8
102	7
107	8
110	9
112	5
113	12
123	9
124	7
132	12
135	1
138	9
147	7
150	9
Market 39
1	13
2	4
3	9
4	10
6	3
8	15
10	7
12	6
13	2
14	4
16	9
20	9
25	4
29	5
31	13
32	15
33	5
34	3
36	7
46	13
48	8
49	4
50	6
51	4
54	8
55	12
56	7
57	1
58	6
59	8
60	1
62	1
64	4
65	7
69	3
71	13
72	10
84	10
87	3
88	5
94	1
95	11
98	15
100	14
102	8
107	3
110	8
113	9
116	7
119	4
123	11
124	13
127	2
133	11
138	11
140	8
148	11
150	5
Market 117
1	9
2	10
5	7
12	6
15	5
16	10
17	15
18	2
19	9
20	14
21	11
22	12
24	10
27	7
28	13
29	4
32	14
36	4
37	8
38	3
41	15
42	1
44	5
45	12
48	5
49	6
50	14
51	9
53	11
57	11
60	10
64	15
72	14
77	13
78	15
84	13
88	13
95	13
98	9
100	8
102	10
107	1
109	15
113	1
116	9
117	13
119	15
124	13
127	7
132	3
140	14
141	15
145	3
149	4
Market 173
1	14
2	15
5	5
13	12
15	7
18	3
28	9
31	9
32	7
34	9
35	2
36	15
37	14
38	15
42	14
44	14
47	7
48	12
49	1
50	2
51	9
53	14
55	8
57	8
59	5
62	1
63	13
65	2
82	10
90	8
96	4
98	4
101	11
102	14
103	9
106	2
107	9
110	13
112	13
123	11
127	12
130	2
132	10
133	5
139	9
144	2
150	15
Market 128
1	5
7	4
19	11
42	4
60	11
64	11
67	11
72	3
81	11
85	15
88	9
92	12
95	14
96	11
101	9
105	11
108	8
111	4
115	14
120	9
123	9
127	4
133	7
135	14
139	10
145	1
149	3
150	1
Market 313
1	12
6	5
7	9
8	7
14	6
23	10
24	11
27	2
33	14
36	12
37	1
38	5
40	13
42	3
46	3
48	12
51	13
53	8
60	8
62	1
65	4
71	2
72	4
79	6
86	15
87	10
88	7
93	5
94	14
103	1
110	11
111	1
112	15
116	1
119	3
122	1
123	3
127	4
129	14
138	10
141	12
148	10
150	9
Market 2
7	4
11	11
12	10
14	9
16	4
22	5
25	7
27	15
32	8
37	6
38	14
43	13
46	2
47	4
51	10
54	14
56	10
57	5
59	9
60	8
64	14
65	6
69	13
74	6
78	10
81	7
88	9
100	7
108	3
109	14
113	7
114	12
119	10
121	1
123	15
125	10
128	5
131	14
134	5
137	12
139	11
141	11
146	15
Market 207
1	1
4	8
6	5
11	7
13	3
17	11
19	10
24	10
25	14
29	12
30	9
32	8
33	4
36	8
41	8
45	6
47	15
48	3
53	3
55	1
62	3
70	13
87	6
97	7
98	5
100	13
107	7
113	11
121	9
128	13
137	5
140	15
141	1
Market 281
1	5
2	2
3	11
4	6
6	9
8	12
12	7
13	7
15	3
16	8
17	5
19	11
22	6
26	3
27	5
29	9
30	3
33	2
41	3
42	10
46	15
47	8
48	14
49	4
50	8
51	13
55	8
57	14
58	5
75	1
77	8
81	2
92	8
94	12
97	2
102	6
105	9
113	14
120	11
123	12
124	2
130	12
131	4
133	6
135	3
140	1
145	11
150	3
Market 327
2	10
4	14
5	12
7	12
8	3
9	5
11	14
13	13
15	8
16	3
21	3
22	14
24	14
26	15
28	8
30	10
33	11
34	12
36	3
37	8
38	8
39	10
42	5
45	6
46	4
48	5
49	10
50	6
51	6
52	1
56	15
59	7
60	1
62	8
63	5
65	6
67	6
69	4
74	2
82	3
84	9
88	2
96	6
98	5
112	3
117	10
119	4
123	4
127	5
129	11
132	11
133	2
149	13
Market 74
1	9
4	9
11	5
12	3
16	11
22	12
27	4
36	2
38	2
43	12
46	11
47	12
49	9
56	11
65	5
66	13
69	5
72	1
77	4
80	1
84	10
97	11
101	3
105	1
108	10
111	6
119	8
123	13
124	8
127	2
128	14
130	4
131	11
132	13
133	14
136	14
137	11
140	10
141	14
145	7
148	14
149	3
Market 318
4	12
6	9
7	7
12	6
16	14
25	9
36	9
37	1
38	10
46	8
54	15
56	12
59	1
60	9
63	1
65	7
67	13
69	1
79	8
92	13
97	2
98	2
101	1
102	13
106	8
107	11
113	7
120	7
121	4
124	10
130	5
138	6
140	10
144	4
Market 114
1	7
7	5
10	15
13	5
14	6
16	12
25	5
32	2
33	12
42	5
46	14
47	3
49	5
50	11
51	10
54	2
55	6
56	13
57	11
60	13
65	10
67	14
79	5
81	1
92	6
94	14
96	2
98	2
101	11
103	9
107	1
110	13
113	12
124	11
129	6
130	2
131	15
132	2
133	4
141	13
150	12
Market 218
1	14
4	12
7	2
11	2
12	9
13	5
19	2
22	6
25	15
27	7
32	8
33	5
42	6
49	7
53	7
55	13
56	11
57	13
60	4
64	13
67	11
73	6
80	10
84	2
95	11
101	3
102	14
105	11
108	6
111	8
113	1
119	1
120	11
121	2
122	10
123	11
128	15
131	13
132	6
136	4
137	6
139	15
140	3
145	11
149	8
150	15
Market 40
19	8
49	1
55	4
77	1
84	13
90	2
92	10
97	1
98	14
102	12
103	5
108	13
111	1
116	4
119	5
121	1
127	2
135	10
138	7
139	10
145	13
Market 276
7	5
22	7
38	5
47	3
63	5
67	13
72	1
75	15
78	6
80	15
81	7
84	6
88	1
92	8
98	5
105	11
111	13
117	13
119	9
128	4
133	13
134	10
141	5
148	8
149	6
150	9
Market 305
3	11
5	2
6	4
8	8
9	2
12	1
16	8
17	8
18	11
19	12
21	15
23	1
27	9
30	3
31	10
32	6
33	2
36	5
37	15
38	9
41	10
42	9
44	8
45	15
48	2
49	13
51	2
53	5
54	13
55	5
59	5
60	3
61	11
67	4
69	4
72	6
75	4
80	6
81	1
97	14
100	13
101	5
105	7
107	15
113	14
123	12
129	4
133	13
141	5
149	12
150	2
Market 13
1	7
4	15
7	4
8	4
11	3
12	3
13	14
16	14
18	5
19	14
22	9
24	10
27	3
29	15
30	6
31	7
33	11
36	7
40	13
41	1
42	11
43	7
46	7
47	12
48	6
49	5
51	8
53	6
54	9
55	6
59	1
60	11
65	14
67	9
69	13
75	8
79	10
81	2
83	1
90	6
92	10
93	13
96	9
101	7
112	9
116	3
131	3
132	2
135	2
138	6
140	12
145	15
146	6
150	7
Market 176
14	15
19	2
25	3
37	8
49	11
54	7
55	3
63	11
67	14
69	9
72	10
81	3
84	7
85	4
97	14
98	7
100	6
101	2
102	14
108	1
109	15
111	9
113	7
114	6
121	13
125	9
127	12
129	11
130	4
131	1
132	8
134	4
140	13
141	2
145	4
150	14
Market 232
12	10
14	4
22	11
68	2
75	3
81	10
92	1
95	4
96	7
98	11
100	14
101	15
103	2
106	5
107	6
110	10
111	8
112	5
113	5
116	11
117	6
119	3
128	4
132	2
133	7
138	4
145	1
Market 231
1	6
5	1
11	3
13	4
14	15
16	2
17	15
18	6
19	12
22	2
24	13
27	13
28	15
29	5
30	10
36	12
45	14
47	11
49	9
51	7
53	7
56	13
59	14
63	9
65	13
69	7
75	14
82	9
83	5
92	10
96	10
97	6
106	15
111	9
116	4
119	1
124	4
127	3
129	1
131	2
133	7
138	15
140	6
145	14
150	6
Market 228
1	15
49	5
54	5
60	14
65	10
67	10
70	13
72	10
75	6
82	10
86	1
90	4
95	3
96	1
98	1
116	11
121	7
123	11
127	9
128	1
131	4
136	6
137	14
144	15
145	13
149	5
150	5
Market 25
13	2
14	5
16	15
21	6
23	9
27	3
43	4
44	8
47	15
49	11
52	7
53	15
54	11
55	11
56	8
59	14
60	15
61	14
63	3
81	13
88	8
90	9
95	9
96	12
104	13
105	9
107	13
112	8
113	10
117	5
123	7
127	9
129	2
132	1
133	3
136	2
144	2
145	5
149	10
Market 115
1	5
13	12
25	7
38	2
42	14
46	1
49	6
53	1
54	7
56	14
60	12
67	6
69	5
81	3
82	2
86	6
93	12
96	8
98	8
103	8
105	1
116	7
121	14
132	2
133	14
138	10
Market 270
1	9
12	12
14	12
22	6
26	7
32	5
34	8
37	11
38	11
42	5
43	1
54	15
63	8
65	10
68	12
69	8
72	9
75	7
83	1
84	1
90	15
119	15
127	13
132	1
150	5
Market 347
1	3
7	12
12	9
22	1
25	10
37	8
38	3
42	6
49	4
54	10
55	9
60	6
63	10
69	14
88	7
95	3
97	12
98	3
100	11
101	15
102	5
107	2
108	5
110	13
111	13
116	9
121	11
124	14
130	3
131	9
133	4
135	13
145	11
Market 34
7	3
12	12
14	8
19	5
22	2
25	15
27	2
33	8
36	2
37	8
42	10
46	10
47	15
54	9
63	9
64	9
65	6
72	7
75	2
79	12
80	8
81	15
85	2
86	1
88	4
91	3
95	13
100	7
101	5
104	11
105	6
107	6
108	4
111	11
112	7
113	13
120	8
122	12
130	3
133	9
135	6
136	5
137	13
139	14
140	6
147	13
148	3
150	11
Market 66
1	5
4	2
7	4
19	14
25	8
26	9
32	7
38	5
43	8
49	14
53	11
55	5
56	14
57	13
59	6
60	3
63	11
69	3
75	8
81	5
82	14
88	14
92	5
96	4
97	1
98	7
101	1
105	7
111	3
113	12
117	13
119	9
123	6
124	11
128	12
129	10
132	1
137	6
138	6
139	15
143	4
150	11
Market 325
1	3
2	7
4	10
6	9
11	2
12	11
13	15
14	8
16	14
17	12
21	5
22	13
23	7
24	6
25	6
31	13
32	11
34	6
37	13
42	9
43	11
44	8
46	8
47	6
51	11
52	14
53	9
55	8
56	3
61	12
62	6
63	2
65	3
67	2
69	14
73	7
79	8
84	12
97	10
100	10
103	10
104	1
111	12
113	4
119	11
121	5
122	6
127	3
130	12
131	12
135	4
141	5
Market 142
1	1
4	15
6	4
13	6
14	8
22	8
24	4
32	4
42	13
43	15
45	12
47	2
49	1
54	4
56	10
59	10
60	11
63	9
65	1
69	6
81	14
88	11
93	13
98	13
100	7
101	8
103	12
110	5
111	8
112	10
119	12
123	10
128	4
133	7
135	7
139	13
140	3
149	14
150	5
Market 188
7	12
22	11
63	5
72	10
79	6
80	9
94	14
95	6
96	6
99	4
100	11
103	5
110	10
111	2
116	14
121	14
132	9
145	3
Market 215
1	1
3	6
4	7
5	8
8	5
10	11
13	6
16	6
21	8
24	3
27	10
29	1
37	4
38	11
40	12
41	6
42	5
43	12
44	6
45	8
49	5
50	3
55	14
56	1
57	6
59	4
60	12
63	12
65	7
67	6
69	6
78	1
85	10
90	13
95	14
96	5
98	9
101	11
103	14
109	13
111	10
114	4
117	8
119	8
120	14
121	10
123	2
130	11
135	8
140	10
146	5
148	12
150	15
Market 9
4	4
5	10
6	14
10	7
11	6
16	3
18	9
19	3
21	3
22	11
28	15
31	11
32	13
36	2
38	14
42	14
44	3
45	5
47	7
49	10
52	14
55	15
56	2
57	14
59	7
60	11
61	4
63	13
67	1
68	13
75	3
81	10
83	12
97	15
119	10
123	11
133	11
137	7
140	2
150	5
Market 266
12	9
22	9
25	6
38	13
42	12
51	12
54	14
55	14
64	4
65	13
67	2
80	9
81	6
88	10
92	14
95	9
102	8
104	2
107	6
108	13
111	1
112	15
119	8
121	6
122	1
123	8
130	12
133	7
134	4
138	14
141	7
148	13
Market 76
1	12
14	12
38	9
49	7
55	6
63	9
64	7
69	15
75	9
82	14
83	6
90	9
106	4
112	4
119	13
121	12
129	13
135	10
144	14
145	9
150	1
Market 339
1	3
7	13
14	9
19	3
25	10
32	4
37	7
38	9
47	6
49	15
54	13
55	13
56	13
60	9
64	8
75	5
95	3
97	3
107	12
108	2
112	2
113	10
120	15
123	13
129	9
133	4
137	12
139	7
145	8
149	4
Market 340
7	14
14	13
38	2
42	1
49	5
54	11
63	2
64	14
65	12
69	13
74	12
75	11
81	11
88	7
92	9
95	1
96	8
100	2
101	9
102	10
105	3
108	7
111	7
125	13
130	2
134	13
137	2
139	12
140	9
146	14
Market 210
27	10
32	2
34	7
38	2
42	15
47	5
49	12
53	15
55	11
60	1
64	11
65	11
67	8
74	10
78	12
79	3
84	13
88	7
95	10
96	6
100	15
101	13
102	12
110	9
111	11
119	8
120	4
121	1
124	2
127	5
128	9
130	14
139	1
140	3
141	6
147	9
149	10
Market 331
1	7
7	12
14	10
32	11
42	14
54	2
55	1
56	7
60	2
73	5
81	11
84	12
85	9
88	2
92	3
97	12
98	15
104	5
114	14
116	15
117	3
127	9
128	1
131	8
132	14
137	9
140	4
146	2
150	9
Market 22
7	2
12	13
13	10
19	5
22	6
26	6
27	10
32	15
37	7
38	2
43	5
46	1
47	6
49	3
51	3
53	13
54	14
55	9
57	1
59	14
60	7
67	3
81	15
84	15
89	7
92	2
96	1
101	14
102	1
105	11
108	1
113	1
114	5
121	7
124	7
125	7
130	11
133	13
135	14
139	14
145	4
146	2
150	6
Market 10
1	8
4	4
7	13
11	9
12	4
16	8
27	2
32	6
33	10
36	15
42	1
43	6
51	1
55	3
56	14
57	3
59	14
60	12
62	11
63	14
69	11
74	4
75	3
78	13
81	2
84	5
88	2
103	12
105	1
107	10
111	12
113	8
115	4
123	15
124	6
125	7
128	12
130	7
131	4
132	11
133	3
135	15
142	4
150	13
Market 61
1	15
3	12
4	5
6	3
8	1
10	2
11	15
12	4
13	7
14	14
15	10
16	14
18	12
19	13
20	1
21	1
22	4
27	5
29	8
30	15
34	11
37	15
38	9
40	4
42	7
48	15
49	8
53	11
54	10
57	14
59	3
61	10
63	10
64	15
68	9
69	12
70	13
75	15
81	9
85	1
97	6
98	12
101	3
103	4
110	10
111	2
123	9
125	2
126	13
131	14
132	1
133	5
135	2
138	5
150	13
Market 297
1	1
2	12
7	13
8	12
9	14
10	13
11	14
12	9
14	11
15	3
17	4
19	15
21	5
22	10
23	8
25	1
26	14
28	13
30	6
31	13
32	13
34	14
36	6
38	15
39	4
41	2
43	10
44	1
45	13
48	6
51	1
52	10
56	2
57	11
59	8
60	7
61	15
62	9
65	2
67	1
74	1
75	9
88	6
89	2
90	2
100	11
104	11
105	5
112	14
123	15
128	5
141	13
Market 166
4	5
14	14
15	15
16	4
17	15
19	6
23	3
25	4
26	15
30	3
32	3
33	14
34	4
36	8
38	7
42	6
44	5
46	13
49	7
51	12
52	4
54	5
56	4
59	11
60	4
61	1
63	4
64	14
65	13
78	11
79	12
84	10
93	1
98	2
105	14
116	10
119	4
120	2
126	9
128	1
131	8
132	7
140	2
145	8
147	10
Market 130
4	14
7	1
12	2
13	9
16	1
26	10
27	7
33	5
42	3
47	9
49	7
51	7
55	3
56	9
57	11
60	12
65	13
79	3
84	12
90	1
98	3
100	3
101	11
103	12
110	13
111	8
121	9
123	3
125	1
127	6
129	8
131	13
133	12
140	4
Market 52
19	5
25	3
38	6
55	2
63	1
70	4
86	13
87	4
96	8
98	2
101	10
103	6
112	8
121	5
135	14
150	6
Market 63
1	5
4	12
7	9
13	7
16	15
18	14
19	7
22	6
24	10
25	7
26	3
28	14
31	9
32	6
33	2
34	15
37	14
46	15
49	1
54	3
59	1
60	9
61	15
63	6
65	4
68	7
95	8
104	15
122	11
129	15
133	6
136	8
Market 204
14	8
36	7
37	7
46	10
47	3
51	10
78	3
85	2
103	10
107	6
111	12
116	15
121	3
124	10
125	6
128	15
129	2
133	3
135	11
139	6
141	5
Market 284
49	6
55	14
65	2
71	11
78	2
79	4
81	6
84	2
86	2
87	3
88	15
92	2
93	5
95	7
98	11
100	6
105	13
109	13
113	9
117	3
121	6
123	10
125	12
131	6
132	5
134	14
137	13
139	2
145	12
146	11
147	1
Market 122
6	9
10	10
12	7
22	1
24	4
33	11
37	1
38	6
46	8
47	3
49	7
55	13
56	4
57	14
59	7
60	12
67	6
69	15
75	6
79	9
90	7
95	12
97	8
102	14
103	3
104	13
107	4
110	8
111	13
113	15
119	3
121	8
122	8
129	7
131	3
132	8
133	11
135	5
139	15
140	13
145	12
147	8
149	3
150	6
Market 78
1	1
7	5
12	3
14	8
16	11
17	11
32	15
34	10
36	1
42	10
47	12
55	12
57	8
60	13
69	10
77	6
92	1
102	12
107	8
111	7
113	10
119	10
123	15
124	10
127	15
129	3
130	6
136	10
145	10
150	1
Market 220
19	2
55	11
62	5
64	4
74	1
75	5
78	7
81	8
83	8
92	8
98	2
101	7
103	14
109	11
110	1
111	5
112	2
118	9
121	10
125	5
129	8
132	10
135	6
137	11
138	9
141	13
143	13
145	12
146	5
147	3
150	13
Market 209
1	8
2	7
4	2
7	6
8	5
10	5
12	2
13	14
14	10
15	15
17	1
18	7
21	8
24	5
32	6
33	6
34	13
36	5
37	2
38	8
39	7
41	13
44	1
45	3
48	2
49	12
50	5
51	14
54	9
57	10
60	12
61	11
62	2
63	4
64	12
69	11
72	2
81	10
101	5
112	14
119	13
121	3
122	5
123	2
127	15
128	6
131	9
135	4
137	15
140	8
141	3
148	8
149	7
150	8
Market 48
12	4
38	1
49	1
54	11
63	2
69	3
81	12
83	6
84	14
90	5
95	2
96	7
98	5
100	14
101	14
103	4
105	6
107	13
117	7
119	5
132	2
133	2
147	6
Market 287
3	5
4	8
6	1
7	2
8	15
11	8
12	1
17	14
18	13
19	5
20	9
21	3
22	3
23	5
24	3
27	8
30	9
31	5
32	15
33	11
34	3
36	2
40	7
43	9
45	12
46	4
47	8
49	5
50	15
52	1
53	10
54	9
56	14
59	11
60	5
61	4
63	10
64	6
67	6
74	2
75	5
79	13
93	5
96	15
98	1
100	13
110	2
112	11
116	11
118	3
123	2
128	11
129	5
131	5
132	9
133	11
135	11
138	11
140	2
145	14
147	4
150	2
Market 236
55	11
63	13
67	2
70	8
72	13
75	6
79	5
86	15
87	3
90	14
93	4
94	7
98	6
100	10
103	4
104	10
105	3
111	8
112	8
121	6
123	5
126	15
127	14
132	9
135	12
138	11
147	12
148	13
Market 185
7	10
12	6
16	11
17	2
19	11
20	3
22	3
25	3
26	14
27	6
29	13
30	8
31	10
32	5
33	5
36	3
37	12
40	2
42	4
44	9
45	3
46	6
47	15
48	6
50	15
51	12
53	9
55	3
56	13
59	11
60	14
62	12
67	14
69	1
70	12
77	9
78	5
84	10
88	5
92	11
93	6
96	6
98	13
100	9
110	13
112	12
116	5
119	10
130	1
131	12
132	3
133	2
134	14
135	8
138	10
139	12
140	11
144	2
145	10
Market 31
1	8
4	12
5	4
7	14
9	5
12	9
13	8
14	12
15	12
17	12
18	14
19	4
21	15
22	7
23	7
24	9
25	2
26	13
28	6
31	11
32	8
37	3
38	7
42	10
45	10
46	4
49	15
52	5
53	6
54	12
59	12
61	6
62	15
64	4
67	14
81	12
84	7
85	14
92	9
98	6
103	4
104	6
107	13
108	3
113	3
114	1
119	10
120	3
121	6
122	2
123	2
127	7
130	6
133	7
136	10
146	9
Market 47
4	9
7	8
10	4
13	5
17	4
22	6
24	13
32	10
33	4
34	2
37	13
42	3
46	2
47	1
54	6
55	7
56	13
57	2
59	3
63	10
64	1
69	10
88	8
96	15
100	5
101	15
111	5
112	7
127	1
129	8
130	3
131	10
132	11
133	7
138	2
139	5
140	15
144	9
Market 277
5	6
6	3
8	8
11	4
12	2
14	1
16	3
18	3
19	9
21	13
22	2
23	13
26	5
34	6
39	11
41	9
42	5
43	15
45	12
46	14
48	1
51	9
52	12
53	7
55	15
56	1
61	5
62	4
67	14
69	1
73	9
74	7
75	14
81	11
92	12
97	4
100	8
101	13
102	9
105	6
111	7
112	5
113	13
119	3
123	15
124	3
130	5
132	9
133	2
137	10
141	13
145	5
Market 192
32	4
37	10
63	15
67	10
83	10
87	11
97	8
98	12
101	15
103	8
106	3
111	7
112	7
113	13
119	2
121	11
123	3
124	8
139	8
140	2
144	4
147	5
150	15
Market 189
3	4
4	4
5	15
6	3
7	3
8	13
11	6
12	4
15	11
17	4
22	5
24	10
25	15
31	4
33	15
34	13
36	1
38	4
40	6
43	14
48	8
52	10
53	4
54	1
55	15
56	6
57	5
59	12
60	11
61	1
70	5
72	4
79	1
86	4
88	4
95	14
97	2
100	5
103	9
104	15
105	9
110	3
116	3
121	6
122	14
123	14
124	14
128	4
132	7
135	6
136	4
140	8
145	3
149	8
Market 320
25	12
32	12
37	9
38	12
49	8
54	5
63	1
64	2
65	6
69	1
72	10
78	11
81	6
84	2
88	10
90	3
95	2
100	7
102	4
103	2
108	8
112	3
113	6
116	2
117	15
119	11
120	15
123	10
124	11
127	10
130	4
131	4
132	8
136	6
139	14
140	13
141	10
150	8
Market 213
1	11
2	14
3	6
4	8
10	13
11	14
12	5
13	3
14	13
15	4
17	2
22	13
24	9
26	7
27	14
28	1
29	10
31	3
33	2
34	11
38	2
42	13
43	1
49	4
51	13
53	5
54	3
55	4
57	7
58	12
60	14
61	15
62	6
64	13
75	12
79	10
81	6
84	14
92	1
93	1
98	2
103	3
110	1
111	3
112	15
113	11
121	15
124	1
125	6
129	12
130	14
132	5
135	9
138	8
140	6
150	2
Market 341
1	12
3	12
4	11
7	6
12	8
13	15
14	6
15	9
22	11
27	1
28	7
29	15
32	11
34	10
36	15
37	11
38	15
40	1
42	14
43	4
45	9
48	3
49	2
53	10
59	3
64	10
65	13
67	12
69	8
75	11
85	8
86	10
88	6
90	4
92	1
93	3
95	5
98	6
101	14
110	15
111	7
115	11
121	11
126	1
131	12
133	8
137	15
140	3
145	14
146	12
149	13
150	6
Market 249
1	11
4	13
6	10
7	5
8	5
9	13
10	15
11	10
12	5
15	7
16	12
17	14
21	2
23	5
25	14
31	2
32	8
33	1
37	13
39	1
41	15
42	2
45	11
47	13
48	7
49	7
53	4
57	11
61	5
62	3
63	14
65	6
67	12
69	6
74	7
81	10
84	4
88	13
89	4
90	14
92	8
95	7
96	13
97	14
100	7
101	7
111	7
112	6
113	4
124	1
131	7
132	11
133	5
137	15
139	4
141	15
150	7
Market 118
1	3
4	7
7	6
11	14
13	2
14	9
16	13
19	4
22	14
24	10
26	4
27	5
43	11
48	2
54	1
56	5
60	12
79	5
84	4
85	11
92	4
94	12
98	7
101	8
103	13
109	7
111	7
127	1
133	11
135	5
147	6
Market 304
12	6
14	11
22	9
54	1
55	4
63	14
69	6
72	4
74	15
81	1
87	12
88	9
92	10
94	6
96	15
100	6
101	10
104	7
111	11
113	13
117	10
121	8
123	5
129	6
133	1
135	11
137	12
139	6
140	5
141	3
145	5
147	15
148	5
149	8
Market 148
37	7
38	13
49	13
70	8
77	14
85	7
88	7
92	11
93	3
100	15
108	5
110	15
117	12
119	8
120	9
124	13
126	5
131	2
146	3
147	12
Market 38
1	3
3	10
5	2
6	6
7	2
16	1
17	13
19	13
21	8
22	9
23	5
24	10
27	6
29	1
32	10
34	3
36	12
37	5
40	13
43	9
46	7
47	14
48	13
49	10
55	7
57	15
59	15
62	6
63	9
65	2
67	2
68	1
72	10
75	2
80	10
81	10
90	6
96	15
97	9
98	11
100	14
101	3
102	3
104	11
107	8
113	9
122	13
127	9
128	9
131	7
132	13
133	3
136	4
138	14
139	14
145	8
149	12
150	1
Market 37
1	7
2	10
4	14
6	7
7	9
10	6
15	5
17	13
18	14
19	8
21	6
22	1
23	9
25	12
27	10
28	8
29	2
31	3
34	13
36	9
37	5
39	3
41	14
42	15
45	9
47	1
48	14
49	2
50	4
54	5
56	5
57	13
62	10
65	8
74	9
75	4
82	4
84	15
88	14
90	1
96	5
98	12
100	2
101	14
103	3
105	15
112	15
117	13
121	11
124	15
127	15
135	9
137	12
138	5
140	10
143	15
144	10
145	15
146	8
149	1
150	3
Market 246
7	14
16	7
18	11
22	11
25	15
26	1
27	6
36	2
47	3
51	5
53	7
54	9
55	11
56	6
57	3
65	8
67	9
69	2
79	5
84	12
87	2
88	9
94	14
95	12
100	6
102	2
104	11
105	10
110	1
121	2
122	13
128	8
132	6
135	7
136	13
139	7
145	1
148	15
150	9
Market 286
13	15
14	6
15	1
22	5
24	13
33	15
36	6
37	5
38	10
46	4
47	13
51	12
53	8
54	15
56	14
65	10
69	2
72	15
75	3
79	6
81	12
84	3
90	7
92	14
95	11
101	10
102	13
103	13
105	11
112	1
127	6
128	15
132	5
136	11
138	1
139	7
140	12
141	12
149	1
Market 124
12	4
32	10
38	8
49	4
55	15
64	6
67	7
69	9
75	12
82	11
84	2
88	9
90	14
95	14
96	6
98	9
100	2
102	3
105	12
112	14
113	6
117	8
119	6
120	1
123	11
129	12
130	6
132	4
133	15
134	12
137	2
138	10
143	11
Market 95
4	3
6	8
10	12
14	14
16	6
18	14
25	2
26	3
27	12
31	3
32	10
33	11
34	4
38	3
42	5
43	3
45	9
46	7
55	15
56	12
57	12
60	1
63	1
74	12
75	7
82	14
84	1
90	2
92	10
96	7
98	9
102	8
105	14
108	14
112	6
113	3
119	4
123	1
128	4
130	9
133	9
134	3
144	14
145	2
Market 167
2	5
5	12
8	5
10	9
11	6
12	12
15	11
19	9
22	2
24	14
26	5
27	4
28	14
32	12
34	4
38	2
41	1
44	6
45	14
46	9
47	5
49	7
56	2
57	2
59	9
67	10
69	8
74	11
79	4
85	11
95	2
103	3
110	15
111	1
112	14
117	4
121	1
123	3
125	10
128	3
131	5
132	12
134	10
135	11
140	4
146	6
150	15
Market 278
1	15
11	9
13	9
15	12
16	9
19	12
22	13
25	7
30	2
31	1
36	15
37	5
38	7
43	4
45	10
46	1
47	6
53	3
57	10
67	12
69	7
74	11
75	9
81	1
83	13
97	9
98	1
100	8
107	11
111	14
112	9
118	6
119	3
127	13
128	3
129	8
131	13
133	12
138	7
140	6
141	14
143	1
Market 146
4	6
11	3
12	1
16	5
27	14
42	9
43	3
46	15
47	9
49	2
53	5
54	4
60	9
63	1
64	5
65	1
67	13
70	14
77	1
82	6
83	4
92	9
96	15
97	12
108	2
116	10
120	3
129	5
130	1
134	8
138	4
139	15
145	4
Market 346
7	6
12	11
14	7
22	6
27	2
32	9
37	8
42	7
43	11
47	6
51	7
55	13
59	2
60	15
62	2
63	14
64	10
67	5
82	14
88	6
90	4
93	10
96	11
98	7
100	9
101	5
103	1
105	1
110	4
111	13
112	4
116	6
121	14
124	3
125	7
129	8
132	11
133	12
137	5
140	13
143	2
144	7
146	13
150	5
Market 299
14	6
16	7
18	7
31	9
32	5
33	2
37	10
42	5
45	1
47	6
49	6
56	12
60	2
63	5
65	3
67	6
68	9
69	9
75	6
78	8
79	2
85	1
90	6
91	12
97	4
98	8
103	14
107	1
112	4
116	4
119	6
121	10
124	9
125	15
129	11
132	7
133	14
139	6
140	4
145	1
146	8
150	13
Market 293
3	6
4	14
6	5
10	1
11	7
12	14
13	15
16	1
17	14
20	1
22	5
24	15
25	10
26	15
29	13
31	15
32	5
34	2
38	3
40	15
42	4
46	5
47	1
48	11
49	13
50	11
52	6
59	11
64	10
65	8
70	13
75	8
79	13
84	1
85	13
92	9
93	2
107	11
110	1
113	6
116	10
119	15
120	7
121	14
123	4
124	13
125	15
130	8
131	9
133	6
134	15
146	1
Market 219
4	13
7	6
11	2
22	1
25	3
27	15
33	10
36	3
37	8
49	3
53	6
55	10
59	2
60	13
65	11
67	4
92	14
95	2
100	7
101	6
104	7
111	10
117	10
119	1
121	8
123	12
124	15
135	11
139	13
140	13
141	8
145	7
147	14
Market 194
1	10
6	9
7	14
10	9
12	10
13	8
14	10
19	10
34	11
37	7
38	7
43	1
46	3
47	6
53	11
56	7
57	13
59	6
60	13
63	4
69	11
77	10
81	14
84	12
88	11
89	7
96	13
97	1
98	13
100	8
101	8
107	13
111	8
119	9
120	2
124	15
128	3
130	15
132	11
134	11
139	1
141	14
145	15
149	10
Market 12
7	3
14	5
19	9
22	1
36	6
37	4
42	14
47	12
49	4
54	13
55	8
64	3
65	3
69	8
72	10
78	12
80	15
81	15
95	7
97	4
109	4
112	14
115	4
120	6
121	13
124	15
125	1
127	5
129	13
130	5
132	14
134	1
135	5
136	7
139	6
140	4
148	5
150	6
Market 223
1	11
11	5
12	7
13	4
14	3
19	8
22	13
26	1
27	11
32	2
34	6
36	5
37	9
42	10
43	12
45	10
46	5
49	2
51	13
54	11
55	5
56	4
57	2
59	8
60	15
75	9
77	5
97	5
101	7
102	8
107	9
108	15
112	7
113	14
119	10
130	14
133	1
145	14
Market 18
1	3
3	12
6	5
9	4
11	6
16	14
18	10
21	15
23	11
24	6
27	4
33	9
37	15
41	14
42	6
43	4
44	6
47	15
49	10
50	14
51	15
53	4
55	5
56	4
57	8
62	6
63	1
65	8
67	11
72	4
78	5
82	2
100	1
102	10
104	13
106	15
111	11
119	3
122	8
125	7
127	12
128	3
129	1
130	9
133	9
136	9
138	2
140	10
141	15
143	6
144	5
150	10
Market 212
14	1
32	11
37	13
38	9
49	4
55	1
63	2
67	2
87	12
90	7
91	7
92	3
94	12
101	1
112	8
119	5
124	8
129	4
131	10
133	4
135	6
138	8
145	6
147	11
Market 168
14	10
55	7
67	10
69	7
79	9
84	13
86	5
92	6
95	12
98	6
103	11
104	8
107	9
110	7
116	13
117	3
122	13
124	1
131	13
133	4
135	4
136	1
140	12
147	13
148	14
150	12
Market 36
14	12
19	1
37	15
49	10
55	3
63	13
64	1
67	4
69	11
75	6
83	10
89	9
94	3
95	5
97	14
98	13
101	4
103	2
104	3
111	6
117	8
118	15
121	11
127	9
131	6
132	5
133	9
138	5
141	7
145	8
Market 221
1	1
4	4
5	2
10	12
11	3
12	4
15	7
17	2
18	8
21	15
25	8
27	4
28	15
31	8
33	3
34	11
36	6
37	7
39	7
42	5
44	4
45	4
48	14
52	4
57	1
59	2
62	11
63	13
64	3
67	8
69	2
75	8
77	5
78	8
81	6
82	2
95	9
98	9
100	14
101	5
102	10
105	3
108	15
111	11
113	8
120	15
123	3
125	3
129	10
130	11
132	8
133	11
134	12
137	8
138	11
139	14
140	9
145	10
Market 345
2	5
5	9
7	2
9	6
10	8
12	5
13	2
14	10
15	12
16	10
17	11
18	5
21	5
23	3
24	1
25	13
30	12
31	2
32	3
34	9
36	8
37	9
47	14
48	8
49	1
54	14
56	14
60	6
61	15
62	3
63	14
65	6
67	1
69	2
73	8
79	9
81	14
88	5
89	4
95	3
98	14
101	8
103	13
110	14
111	1
116	6
119	6
123	13
127	7
128	11
131	8
137	2
140	13
145	6
149	1
150	15
Market 135
4	1
7	9
10	8
11	4
12	9
19	6
25	9
33	4
37	12
38	4
42	11
49	8
57	14
59	3
62	6
64	7
82	3
89	12
90	8
98	5
101	10
103	3
107	8
111	7
116	12
119	7
121	12
123	3
124	7
128	6
131	5
132	8
138	3
145	5
Market 214
4	9
6	11
7	10
10	2
12	9
15	5
19	12
22	9
24	14
25	10
27	1
33	14
34	8
36	7
37	2
42	13
45	3
46	12
49	2
50	7
51	14
54	3
55	12
56	7
57	12
59	4
60	11
63	6
64	13
69	6
84	2
92	3
95	2
98	10
100	12
102	1
103	11
107	1
108	3
112	9
113	8
117	14
119	4
120	15
121	11
123	2
128	13
133	7
134	14
135	13
138	4
139	4
141	14
145	6
150	7
Market 260
19	5
22	6
25	4
32	2
36	10
38	15
42	4
54	6
55	4
62	12
64	15
69	7
81	3
82	10
84	5
88	1
90	12
96	11
97	11
101	3
105	11
106	14
110	9
111	1
112	3
116	3
119	11
121	6
123	13
124	10
125	10
128	4
129	7
131	11
132	14
133	4
137	6
138	1
146	4
150	3
Market 263
1	9
7	3
11	9
12	2
15	4
25	15
26	15
29	7
30	2
31	1
32	15
33	9
36	8
38	8
41	12
43	12
46	14
47	4
49	2
50	11
53	11
55	4
59	2
61	8
64	1
65	11
69	8
71	5
75	11
84	4
87	15
92	5
94	6
103	2
108	15
113	5
116	13
120	2
127	10
130	7
131	14
138	8
139	13
140	6
145	14
146	9
Market 91
4	2
7	7
11	4
12	7
14	14
25	9
27	5
32	5
34	10
36	7
37	10
42	9
46	12
47	7
49	2
53	9
55	2
56	4
59	14
60	8
67	6
71	9
81	5
87	6
93	13
98	12
99	4
100	15
101	10
103	11
110	2
112	13
116	4
119	12
121	15
123	1
135	9
145	4
Market 306
1	12
7	2
13	3
16	6
19	12
25	11
27	15
32	12
36	12
43	6
46	11
55	6
56	4
63	4
66	14
69	12
75	4
82	6
103	10
105	11
110	12
116	13
117	1
119	9
121	11
128	15
131	2
137	14
140	3
141	5
149	5
Market 332
7	14
14	3
19	1
25	11
32	15
38	9
42	2
47	5
65	9
67	5
77	5
79	15
86	15
87	4
88	13
92	12
96	3
98	6
102	3
103	10
104	4
105	11
110	12
119	7
121	10
122	3
126	9
128	5
131	13
133	10
136	4
140	5
143	8
145	3
147	12
150	5
Market 143
2	8
4	7
5	11
6	15
7	2
8	1
11	7
12	15
14	12
16	11
18	10
19	9
23	7
24	10
25	9
28	11
29	2
32	14
34	7
36	3
37	4
39	12
41	1
42	8
43	8
44	2
45	13
46	8
47	1
49	2
50	7
52	5
56	14
59	9
61	4
62	10
65	13
67	14
69	2
74	14
75	9
81	7
89	10
101	7
102	7
118	12
119	8
123	4
128	7
129	11
130	15
131	13
137	4
139	3
140	4
143	7
150	11
Market 64
7	13
22	3
42	2
66	14
72	3
75	11
81	3
88	5
92	4
93	14
95	5
96	15
98	2
101	5
105	3
111	14
112	2
119	3
122	2
123	8
128	10
129	10
131	11
132	2
136	9
137	14
138	4
141	3
145	1
149	14
150	2
Market 77
1	11
2	5
6	4
7	15
8	6
12	6
13	11
14	7
19	14
26	7
27	1
28	5
30	13
31	5
33	14
34	14
35	13
37	4
41	9
42	15
43	9
44	8
47	5
49	1
51	2
54	14
55	14
57	10
58	11
59	15
62	2
63	7
64	8
65	6
67	14
69	2
78	14
83	1
84	1
90	8
91	7
92	9
97	3
102	8
104	5
107	13
112	2
117	13
119	10
121	2
123	1
124	5
127	2
130	15
131	8
134	12
136	14
140	4
141	1
145	11
Market 289
2	2
3	1
6	13
9	7
10	9
12	13
13	11
16	6
19	2
25	15
26	14
27	5
28	12
29	1
31	12
32	2
38	13
39	7
41	15
44	7
45	14
47	15
48	5
49	10
51	15
52	11
54	3
55	2
57	15
58	9
59	6
61	3
63	6
65	13
67	15
69	6
72	13
75	3
82	1
83	1
84	1
90	6
92	3
95	9
101	14
104	10
106	9
107	13
117	1
119	2
122	8
129	14
132	8
133	7
136	4
138	14
140	12
145	6
Market 137
1	8
3	10
6	4
10	7
14	7
17	11
19	3
20	3
24	10
27	5
28	13
30	12
31	13
32	12
33	8
34	1
37	9
40	4
42	10
45	9
47	10
48	5
49	14
51	3
52	4
54	5
55	4
59	8
60	5
63	4
64	5
65	11
67	9
69	4
71	14
75	12
79	5
83	12
84	8
87	5
94	9
98	12
110	15
111	5
116	3
121	7
123	13
127	7
130	1
132	11
133	3
138	4
139	3
140	14
145	6
147	15
150	1
Market 103
4	5
13	7
14	5
15	1
16	6
19	9
21	13
22	8
23	8
25	7
26	10
29	12
31	2
37	1
41	8
44	12
48	5
49	4
51	10
52	13
53	7
56	12
57	4
60	9
63	15
64	12
65	5
69	12
70	14
73	15
74	10
98	15
103	8
104	13
105	5
111	3
117	11
119	14
127	2
128	10
147	4
Market 93
9	7
12	10
15	4
16	9
22	13
23	4
25	3
31	2
37	14
41	11
45	5
46	1
48	5
50	8
52	11
55	4
61	3
62	2
67	13
72	15
81	9
95	12
98	4
101	14
102	15
104	1
110	12
116	5
119	6
122	7
127	1
128	5
132	9
140	2
141	4
147	15
150	15
Market 319
3	15
11	6
12	2
13	15
14	14
15	4
17	5
20	15
21	15
22	9
24	13
25	9
26	2
32	6
38	9
40	6
43	14
45	7
46	8
47	15
50	6
51	11
57	11
60	11
62	3
64	14
68	8
69	10
75	7
79	6
85	7
88	3
91	4
92	10
93	2
98	14
101	7
102	14
107	13
110	3
112	15
116	11
126	12
130	4
133	2
139	8
145	12
146	4
150	4
Market 350
1	4
7	4
12	1
13	1
14	15
17	6
18	3
26	11
27	12
31	6
32	11
34	9
36	8
43	6
46	4
47	9
51	6
63	8
67	10
75	12
90	12
98	11
105	10
109	11
111	12
112	7
116	6
123	2
128	7
130	2
132	13
138	3
142	5
144	7
145	7
150	1
Market 198
7	11
12	6
13	5
14	9
19	7
25	9
32	15
33	1
42	4
47	5
54	4
55	2
56	13
57	7
60	13
63	4
64	15
65	13
67	2
72	2
78	2
80	13
81	14
85	4
92	9
95	4
98	14
99	3
100	5
101	2
102	12
104	11
105	12
111	7
112	3
117	10
119	1
120	14
122	10
123	8
131	9
132	5
134	8
135	4
137	4
138	12
139	9
148	13
149	15
150	3
Market 138
4	10
7	12
12	6
16	1
25	5
33	1
37	10
43	15
46	1
51	7
53	9
54	3
64	14
69	6
70	13
75	4
78	5
79	6
81	13
85	13
87	8
90	11
93	2
94	12
97	12
98	15
102	11
105	1
107	5
109	14
110	6
114	12
116	13
119	12
124	8
125	7
128	4
130	14
131	3
137	15
138	3
139	15
146	4
147	6
Market 203
7	9
12	15
14	14
33	3
47	9
49	15
54	12
64	5
69	2
92	12
111	9
117	11
119	10
120	3
122	13
124	12
128	12
130	9
132	5
133	3
137	4
138	15
141	8
145	11
Market 140
12	12
32	4
37	13
55	12
69	2
84	12
85	5
92	11
95	3
100	15
101	13
102	2
103	15
113	12
116	15
117	9
119	8
122	7
123	7
125	7
128	8
130	13
132	15
133	14
135	11
136	5
140	14
141	6
147	3
150	8
Market 16
63	15
67	3
75	8
90	11
92	11
100	5
101	10
105	12
112	1
116	14
124	5
127	7
129	7
132	5
137	10
138	3
139	11
140	2
141	6
142	4
150	10
Market 335
1	3
4	8
25	15
27	13
32	11
43	11
49	3
53	7
55	15
56	1
57	2
59	15
60	4
63	2
64	2
74	4
81	9
95	5
96	3
98	5
101	10
104	9
105	3
116	11
117	9
121	15
123	2
127	10
128	11
131	7
135	7
140	8
145	6
149	1
Market 145
2	12
5	11
7	1
8	7
11	14
13	9
14	14
15	15
16	12
22	5
25	5
26	14
30	1
31	3
32	4
36	10
42	4
43	3
47	6
48	2
49	11
52	1
54	5
56	9
59	4
61	2
62	3
69	13
75	1
84	3
91	6
95	14
97	7
101	8
111	15
112	1
117	15
119	10
121	8
133	13
138	12
139	8
Market 334
1	3
16	12
22	11
25	4
27	6
32	2
33	15
38	11
43	11
46	1
54	8
57	10
59	5
60	2
64	12
65	2
67	7
69	9
70	4
72	4
90	9
92	7
96	8
101	7
103	14
105	5
110	9
112	5
116	11
119	11
121	9
122	8
126	3
128	7
131	14
132	12
135	10
137	9
140	7
141	5
Market 141
5	12
6	5
8	10
9	15
10	15
11	12
12	3
14	7
15	4
18	3
24	1
27	10
29	14
33	4
34	13
36	9
39	6
45	1
48	4
49	8
51	15
52	13
54	8
55	9
56	13
57	1
63	9
69	5
81	12
95	7
97	8
98	8
101	9
104	15
107	2
112	1
116	5
121	3
127	4
129	15
136	11
138	15
145	9
Market 113
2	11
4	4
10	10
13	1
16	5
18	9
21	6
25	6
27	14
28	4
30	9
32	10
33	3
42	1
43	15
48	14
49	2
50	8
52	14
54	14
56	1
61	11
62	5
64	7
65	12
67	5
69	15
74	7
81	13
84	2
88	6
92	9
101	14
119	1
123	8
128	8
132	6
133	3
134	15
139	6
141	11
Market 224
7	3
54	9
55	15
63	12
79	14
81	4
90	10
92	3
97	9
98	7
101	9
103	15
109	15
110	13
112	6
119	1
123	3
124	4
127	12
128	10
130	1
135	4
139	3
145	7
147	12
Market 258
5	7
11	3
14	3
15	12
17	11
18	5
19	13
20	3
22	4
24	1
25	10
26	4
29	11
32	1
36	13
38	14
43	2
45	1
46	1
47	10
49	8
53	5
55	10
56	13
57	3
62	15
63	1
65	4
75	9
77	11
84	5
88	8
95	4
97	1
102	2
104	2
108	1
111	10
112	1
113	9
117	1
118	13
119	13
123	4
127	1
128	8
132	14
139	4
145	10
149	10
Market 98
1	1
7	2
10	13
12	6
15	12
17	10
19	11
22	2
24	3
37	1
42	14
45	2
49	5
51	4
53	6
54	12
55	1
60	15
63	3
67	10
69	4
72	4
75	3
77	9
78	5
84	12
92	11
97	1
98	12
101	13
111	13
113	11
119	12
120	4
123	9
124	3
125	12
129	5
132	10
133	2
138	7
139	10
140	9
Market 165
5	7
6	13
7	10
8	4
10	2
11	1
17	15
18	11
19	11
20	12
22	8
25	8
30	6
32	9
36	10
37	6
43	9
45	10
47	3
48	5
49	2
50	13
51	12
54	7
59	10
62	8
63	14
65	14
67	7
70	13
71	2
75	13
78	3
79	9
81	1
84	5
94	5
97	14
98	15
102	6
108	13
120	4
121	9
124	4
127	2
130	8
131	13
132	1
134	14
135	1
139	7
140	8
Market 97
5	15
6	10
7	6
11	11
15	11
16	14
21	11
24	4
25	15
27	7
28	12
31	5
32	7
34	3
36	1
38	12
42	14
43	11
45	10
53	7
57	6
58	6
61	5
63	11
67	1
69	15
92	12
97	9
98	15
102	2
107	4
111	14
112	5
119	3
124	15
130	11
135	6
138	1
139	1
Market 311
1	11
4	11
6	7
10	3
11	5
13	2
14	10
19	9
22	1
24	9
25	1
26	12
34	15
36	5
37	7
38	14
42	12
51	10
53	7
55	6
57	4
64	8
69	5
78	6
81	13
84	13
102	13
108	9
109	5
111	15
113	7
119	7
124	6
134	6
139	6
145	5
Market 328
22	12
42	5
54	2
63	2
65	10
67	6
68	7
69	11
83	14
85	13
88	12
90	6
91	4
92	8
95	2
101	9
102	14
103	6
104	6
107	2
114	7
116	7
117	5
121	9
127	2
129	9
130	4
131	14
138	4
146	9
Market 102
1	10
7	7
12	13
14	1
19	4
22	2
37	1
49	7
55	13
57	11
60	1
75	15
88	7
95	9
98	9
100	12
103	2
104	4
110	3
121	1
127	3
129	9
132	15
135	4
145	8
148	11
150	7
Market 174
1	6
4	11
7	8
12	3
14	11
16	9
36	4
37	7
38	6
46	6
47	6
54	9
55	8
57	3
63	8
64	14
68	6
75	14
78	12
85	5
88	5
91	11
93	6
110	14
111	2
123	12
124	10
128	8
129	8
131	12
132	5
133	6
135	7
138	10
150	10
Market 242
7	2
12	5
16	1
19	2
22	13
25	2
32	8
37	9
42	3
46	4
47	3
54	5
56	14
57	2
60	6
63	8
64	3
69	12
75	5
78	6
90	12
92	11
96	12
97	11
98	13
100	8
101	1
104	12
107	5
109	1
113	12
119	2
120	13
123	9
124	7
125	13
129	7
130	1
132	13
133	7
139	7
140	12
146	1
150	4
Market 14
1	14
4	14
7	12
12	15
14	6
16	3
19	12
32	7
37	4
46	7
47	11
53	8
54	4
56	4
57	3
72	2
74	8
78	15
81	2
87	10
98	10
100	3
101	3
102	12
105	7
111	6
116	14
121	1
131	14
133	2
135	13
137	2
139	6
Market 67
1	4
4	5
12	4
19	14
22	5
32	6
33	6
37	8
38	10
43	10
46	10
47	4
53	2
57	2
65	10
67	6
69	4
72	8
75	6
88	10
91	7
94	15
95	6
96	9
97	10
101	13
103	14
104	5
107	12
111	15
112	3
119	3
129	8
135	12
140	2
145	14
148	3
150	12
Market 96
22	8
38	5
54	7
63	3
64	13
68	5
69	5
77	5
78	8
81	13
84	8
90	7
91	4
101	6
102	15
105	8
107	1
108	14
112	5
123	5
129	1
132	11
133	4
134	3
137	8
138	1
139	12
141	8
146	1
Market 303
1	7
2	4
5	11
6	14
13	6
15	11
17	3
19	11
21	7
22	15
25	3
28	1
29	4
31	7
34	10
36	13
42	5
43	15
45	12
46	2
48	3
55	7
67	2
70	4
74	6
86	15
90	10
95	3
96	15
98	14
100	9
101	8
103	3
105	3
119	5
121	11
123	7
127	2
128	9
131	13
132	3
140	4
147	7
150	5
Market 252
1	2
38	12
65	3
67	9
77	4
97	3
98	13
102	15
111	5
113	6
119	10
123	2
131	4
132	7
133	4
139	9
140	7
150	13
Market 208
7	15
12	3
14	10
38	12
42	13
51	10
54	4
56	10
63	15
72	15
79	9
81	14
87	9
88	10
94	1
95	3
97	2
100	1
103	4
110	11
116	6
117	1
119	8
122	5
136	2
138	3
140	5
145	3
147	10
148	9
150	11
Market 132
14	14
22	2
54	13
63	6
64	8
66	5
75	9
84	9
88	7
92	8
95	6
100	8
101	8
102	1
104	12
105	14
108	9
112	4
113	3
116	15
117	10
120	10
123	7
124	2
129	1
133	5
139	1
140	1
149	15
150	13
Market 99
1	6
4	9
7	5
14	8
16	2
19	13
22	2
26	5
34	8
36	6
37	1
38	8
43	1
49	8
54	4
55	3
56	1
57	14
59	1
63	8
65	8
67	2
75	2
81	15
84	11
85	14
92	10
101	6
103	1
105	9
107	15
109	6
112	1
113	11
115	5
119	8
120	11
123	9
125	2
132	10
133	6
137	3
139	3
145	3
146	4
Market 59
14	13
19	3
32	3
42	4
47	7
51	15
54	6
63	13
69	5
76	9
79	11
87	14
88	7
90	7
92	13
100	15
107	3
108	15
110	14
112	14
120	6
127	6
135	11
145	6
147	5
150	9
Market 41
2	3
7	5
8	14
10	1
11	14
12	14
13	15
14	9
15	2
17	2
24	3
25	13
26	12
27	15
28	6
31	13
32	12
36	15
41	15
42	2
44	9
48	6
49	12
50	12
51	11
53	9
54	5
56	14
57	5
59	5
60	8
62	5
63	8
67	3
69	9
78	1
79	12
81	3
84	7
90	1
92	9
93	9
95	14
98	1
100	1
101	12
102	3
103	6
109	11
110	4
112	9
115	1
116	15
117	4
119	1
120	8
123	13
125	7
126	14
128	1
135	4
138	9
141	1
146	8
149	15
150	4
Market 337
2	4
3	3
4	2
5	7
6	4
10	14
12	13
15	8
17	5
21	10
22	9
26	7
27	7
31	3
32	7
36	12
44	1
45	3
50	13
51	6
52	8
53	7
55	9
57	2
61	15
62	12
69	3
87	3
96	7
98	5
110	9
112	8
116	9
121	12
123	1
125	8
134	7
135	12
144	6
147	4
Market 111
7	15
10	3
13	4
16	15
24	6
26	1
27	6
34	6
37	12
43	11
45	4
46	2
51	4
54	3
56	11
59	9
60	2
69	7
75	13
79	1
80	7
87	7
99	12
100	12
103	4
104	4
112	14
116	2
117	12
119	10
127	10
128	11
135	8
140	5
145	14
148	13
Market 169
1	13
5	14
8	1
10	12
12	2
14	4
15	8
17	15
26	2
27	14
30	15
36	9
37	13
40	7
42	12
44	4
45	9
47	10
48	4
50	11
51	5
52	1
54	13
55	12
56	5
57	8
63	8
65	2
69	4
72	2
78	2
81	4
83	13
84	14
87	3
95	8
98	10
100	6
102	2
103	12
104	4
112	5
117	2
122	8
123	5
124	15
127	6
128	8
130	7
133	9
134	5
136	10
138	13
141	14
145	7
147	4
149	8
Market 274
7	10
25	14
33	4
34	5
38	8
46	5
49	2
51	7
55	5
59	15
64	1
67	9
70	7
78	10
79	15
80	15
86	6
88	13
92	13
93	1
100	3
101	11
103	14
109	8
110	2
116	13
119	8
121	8
127	12
130	9
131	13
133	3
138	12
139	6
146	1
148	15
150	4
Market 195
7	2
10	10
12	14
13	11
14	1
16	13
27	13
33	15
36	9
42	14
46	14
51	15
54	6
56	12
59	10
60	2
63	5
64	3
65	5
78	7
79	14
98	13
102	13
103	5
116	6
119	11
120	8
123	13
125	14
131	15
132	15
135	4
139	9
140	6
145	9
Market 162
13	10
14	4
22	8
32	3
38	13
46	2
47	3
51	5
53	13
55	9
56	6
64	7
70	5
74	15
81	4
90	7
93	12
96	12
98	1
103	3
110	4
112	11
116	12
118	10
119	12
120	8
130	3
140	14
147	7
149	10
150	1
Market 100
19	2
32	1
47	6
54	1
60	7
66	15
67	7
73	10
85	9
95	15
98	3
101	2
109	9
110	3
111	8
112	5
116	6
117	6
131	13
137	11
141	4
146	6
147	15
150	9
Market 32
22	4
25	3
78	12
79	13
83	1
84	8
85	14
86	2
92	7
93	6
94	6
97	11
99	14
101	7
102	3
107	13
110	4
111	5
113	14
116	10
124	6
125	5
126	3
127	1
129	9
133	6
134	1
145	10
146	5
147	13
150	14
Market 178
1	12
7	1
10	12
13	2
14	3
19	5
24	13
25	14
32	6
33	14
34	3
36	10
37	10
38	9
42	5
43	15
45	14
46	9
57	6
63	4
64	13
65	8
69	4
70	7
72	8
74	1
75	12
79	5
87	1
96	3
97	9
99	10
101	12
105	10
107	14
110	14
112	13
121	13
127	6
128	9
129	8
138	3
146	5
147	5
Market 108
14	4
19	11
38	11
49	10
51	15
54	2
55	10
67	15
69	15
74	11
75	14
78	15
81	10
84	12
88	14
89	8
100	12
112	12
116	1
118	11
121	6
125	7
128	9
130	3
132	13
135	2
137	4
139	15
140	8
145	3
Market 129
3	12
8	8
10	1
18	15
22	14
23	8
24	11
27	12
29	12
30	8
33	13
36	15
43	11
44	5
45	7
46	3
49	2
50	14
51	3
53	9
55	8
56	1
57	14
60	7
63	4
65	15
68	14
70	14
72	14
79	6
80	9
84	1
86	15
95	8
97	2
98	9
110	15
122	3
123	1
124	2
127	11
129	12
131	11
132	12
133	9
136	12
140	11
145	14
148	2
150	9
Market 302
3	8
4	9
7	14
8	10
13	1
15	5
16	10
27	7
28	5
29	3
30	11
32	1
36	5
40	15
44	9
46	3
47	6
49	10
50	7
51	14
53	4
54	9
55	12
56	4
57	11
59	5
67	9
79	12
84	2
90	6
110	8
116	13
119	11
124	4
125	7
127	1
129	7
130	7
133	7
135	13
139	1
146	5
Market 315
7	2
10	15
12	11
13	5
14	9
16	11
22	5
24	13
25	6
26	13
33	14
36	12
38	3
42	3
46	12
47	11
49	3
50	9
51	8
53	3
65	8
67	6
69	11
73	12
74	11
75	11
92	9
97	12
100	10
101	13
103	1
104	14
116	1
118	11
119	12
122	4
124	13
127	6
128	6
132	7
136	9
137	1
141	9
145	7
Market 239
1	4
3	4
6	11
7	13
9	15
12	12
14	2
15	1
17	10
21	4
22	12
24	14
27	4
36	10
38	1
40	2
41	5
42	10
44	8
45	11
48	10
54	7
55	9
61	12
64	9
65	5
67	3
69	14
72	5
74	1
79	11
81	14
97	7
101	1
107	9
111	5
117	6
118	9
119	8
123	3
127	6
128	10
129	13
133	8
138	14
139	15
148	10
Market 253
1	4
2	14
3	14
4	5
6	9
8	3
10	5
13	8
16	15
19	9
22	7
24	2
28	5
31	8
32	3
33	14
34	6
36	14
37	2
46	5
47	5
48	13
49	14
50	4
52	14
55	1
56	12
57	6
62	14
69	12
81	10
92	1
104	11
109	5
111	12
113	9
119	15
122	8
123	9
125	6
128	1
132	2
134	2
146	12
Market 121
3	7
4	5
5	6
7	10
11	4
17	4
18	15
25	8
33	9
34	8
37	4
38	1
40	1
41	13
42	4
45	9
48	6
50	6
52	10
53	12
54	12
56	12
57	9
60	12
62	7
63	9
64	7
65	1
72	2
79	4
80	14
84	8
85	10
88	2
94	15
95	5
111	10
116	13
123	1
124	10
125	14
127	1
132	6
133	15
135	4
136	13
139	5
145	6
Market 23
10	2
13	7
14	10
19	5
22	11
25	13
27	2
32	15
34	10
36	3
37	3
42	9
43	2
48	12
49	9
51	4
53	14
54	13
56	5
60	15
64	10
77	1
78	1
79	15
84	10
86	4
87	5
92	14
94	8
97	13
98	1
100	4
102	14
103	10
113	2
116	10
123	9
124	7
126	8
127	14
128	3
131	9
132	12
135	10
137	2
139	8
140	14
147	1
Market 300
1	3
25	4
32	8
38	14
67	6
69	5
73	6
76	9
79	5
81	2
84	15
88	3
93	11
95	15
97	14
98	10
101	8
103	7
107	12
112	15
113	1
116	8
117	11
120	5
121	9
130	7
132	1
133	4
137	3
138	5
139	10
145	1
149	11
150	15
Market 57
1	14
3	9
6	10
11	13
12	8
14	1
15	6
18	14
21	13
22	2
24	13
29	4
31	15
33	10
34	1
35	3
41	1
44	6
49	3
53	14
55	8
58	13
59	4
60	2
61	15
63	10
65	10
82	1
88	7
92	15
101	5
105	3
116	6
128	1
133	4
135	13
144	13
Market 307
1	13
12	4
14	10
19	3
32	10
49	2
57	10
63	15
64	5
72	13
73	5
75	9
78	1
88	1
89	12
98	15
100	8
101	11
104	1
105	14
111	4
112	3
119	1
123	7
127	5
136	2
137	11
140	4
143	2
145	11
Market 11
7	5
10	15
12	11
13	9
19	11
22	2
24	14
25	8
36	8
38	8
42	4
55	4
63	9
64	10
67	15
77	8
84	15
88	1
95	9
98	7
100	5
101	1
113	14
117	1
119	13
120	7
127	9
132	2
133	2
134	12
139	11
140	15
145	14
150	6
Market 21
3	11
6	5
7	12
8	6
10	13
12	2
15	1
16	2
18	2
20	13
22	5
24	7
26	7
28	9
29	9
30	9
31	13
34	13
36	10
38	2
45	6
46	10
47	6
48	14
49	12
51	15
55	3
56	5
57	11
63	10
64	6
78	10
88	10
97	13
102	13
119	2
124	4
125	15
130	9
132	3
134	8
145	6
150	8
Market 8
7	8
19	14
38	4
54	15
55	2
64	3
65	3
69	9
75	3
80	3
82	13
92	14
95	6
105	14
106	11
111	10
116	13
124	2
129	8
132	11
138	5
140	8
144	11
145	4
Market 161
1	5
2	3
6	12
7	2
9	11
11	10
12	1
13	13
14	12
16	11
17	14
19	3
23	8
27	10
30	8
31	11
33	5
37	6
39	2
41	14
43	7
45	4
47	6
48	10
50	14
54	12
56	8
57	4
59	4
61	6
62	12
65	15
67	7
69	8
73	6
81	9
82	3
88	7
90	1
95	13
96	8
100	6
101	8
105	2
111	1
117	9
132	4
137	13
138	7
144	3
149	4
Market 151
2	1
3	3
4	5
7	10
11	1
13	6
14	4
15	4
17	2
19	5
20	10
21	10
25	8
26	10
27	8
28	4
29	7
31	15
32	14
33	14
34	8
38	9
40	10
41	8
42	8
44	1
45	6
46	5
49	6
51	3
52	14
53	10
55	4
56	7
60	13
62	13
63	4
67	4
72	9
73	3
78	1
92	12
95	4
98	14
100	4
114	15
119	12
121	12
122	14
125	8
128	2
130	4
133	3
137	1
138	14
146	2
149	14
150	3
Market 324
38	5
54	4
73	2
75	6
81	6
88	9
94	10
104	2
112	3
116	3
117	14
121	9
123	2
124	9
133	5
137	4
141	2
149	1
Market 329
3	7
4	13
6	2
8	2
10	1
11	1
12	8
16	11
17	12
18	15
20	7
22	7
25	8
26	15
27	5
29	10
30	5
33	10
36	10
38	5
43	3
46	14
49	11
50	4
52	15
54	9
58	10
60	14
63	10
65	1
67	13
69	6
72	11
75	10
81	6
91	11
92	4
101	8
102	11
113	10
119	12
121	4
123	3
124	9
127	15
130	9
131	9
132	6
138	13
139	7
140	15
145	10
Market 83
1	10
7	1
12	1
19	2
27	2
32	7
43	14
46	1
47	13
49	6
53	15
72	6
73	8
81	2
95	7
100	1
103	15
111	15
119	8
121	2
123	5
127	15
135	12
140	9
141	5
149	9
150	2
Market 30
1	5
7	11
12	9
16	6
19	3
22	7
25	9
33	8
37	4
38	5
47	5
51	8
53	5
54	1
56	7
59	7
60	12
63	10
65	11
67	5
69	12
75	12
78	10
79	6
81	15
94	12
101	15
105	8
107	6
112	13
117	8
119	5
129	2
132	11
133	5
137	7
139	5
145	3
149	4
150	5
Market 123
1	3
7	14
12	4
14	13
22	11
25	7
27	1
32	6
46	9
49	10
51	2
54	3
55	6
56	11
57	1
60	2
69	11
78	2
81	9
88	5
89	5
90	12
92	8
95	7
100	1
102	14
105	4
107	15
111	13
117	15
118	8
119	10
123	3
125	10
132	9
133	11
134	2
139	4
141	15
149	15
150	2
Market 226
1	2
16	1
19	9
22	12
25	4
33	14
36	3
42	8
49	1
54	4
55	14
59	11
88	15
93	10
94	9
95	12
98	6
103	1
104	5
108	6
111	2
123	4
130	8
131	13
132	2
133	7
135	14
140	15
141	5
Market 46
1	4
2	6
4	15
5	12
7	11
10	8
14	1
15	11
16	5
19	10
22	3
24	5
27	13
33	8
41	1
42	2
43	14
44	2
45	13
46	3
47	9
48	8
53	3
54	4
59	12
60	13
62	6
65	12
69	4
72	9
73	4
88	3
90	4
98	11
100	5
101	13
104	3
105	8
108	11
112	10
113	9
117	4
119	4
120	5
127	1
128	4
131	7
141	9
142	3
Market 206
1	9
4	8
6	11
7	7
9	10
11	11
15	1
16	6
17	15
19	2
24	3
25	11
29	3
33	3
34	11
35	14
37	5
38	10
39	15
43	14
46	1
48	2
49	5
50	14
51	11
52	1
54	12
59	15
61	1
62	9
64	7
69	1
70	5
74	12
78	7
79	12
81	3
83	4
86	5
88	13
93	4
96	14
100	2
101	13
105	1
108	10
110	12
111	12
113	14
120	15
121	1
125	5
128	6
131	5
132	14
133	4
135	6
137	4
138	2
140	13
141	4
145	3
147	14
149	8
150	7
Market 317
1	2
4	14
8	11
11	5
12	10
14	13
15	8
16	9
17	11
18	14
22	11
24	5
25	10
26	14
27	7
28	1
32	6
33	15
34	8
36	7
38	14
39	7
41	8
42	10
43	1
44	5
45	11
46	5
47	15
48	11
50	13
51	2
53	4
55	3
57	1
60	1
61	12
63	12
65	15
67	14
69	3
75	9
84	15
98	11
105	2
107	2
112	13
119	3
123	13
127	1
128	8
132	3
133	15
140	4
144	9
150	5
Market 152
36	7
42	9
46	14
69	14
73	15
74	4
78	8
84	12
88	12
89	6
92	7
97	8
98	6
101	11
104	14
112	5
113	7
120	4
123	14
129	11
132	2
139	11
141	11
Market 82
1	6
7	15
25	12
33	15
37	12
42	6
54	5
60	2
63	5
65	11
69	12
79	10
80	13
81	15
92	12
95	8
97	13
99	14
100	15
101	15
107	9
111	9
112	9
116	12
117	12
119	12
121	12
136	1
137	1
145	2
147	3
148	13
Market 24
14	15
22	1
38	4
55	1
64	8
68	2
69	3
72	1
85	13
92	15
95	14
98	5
99	8
103	8
107	2
112	3
116	12
121	14
127	15
129	5
131	8
135	12
147	1
148	8
Market 160
14	4
19	7
32	1
42	7
54	8
63	9
65	10
69	15
72	13
77	14
92	3
100	4
103	1
104	14
116	5
117	14
121	12
127	14
130	15
132	9
133	11
135	6
139	15
145	12
147	2
Market 50
4	9
6	14
10	13
14	13
19	6
22	4
25	7
32	13
33	12
34	15
36	11
37	13
42	3
46	10
49	14
51	6
54	3
55	9
57	10
65	3
98	15
100	4
101	9
102	3
113	10
120	4
123	8
124	6
125	7
128	6
132	12
134	10
137	8
141	14
145	1
150	14
Market 292
7	7
14	6
51	13
54	13
63	15
65	5
67	15
88	13
95	7
96	7
108	7
111	13
114	15
119	2
123	15
128	6
132	6
133	3
137	6
146	10
149	6
150	15
Market 255
1	5
2	3
3	15
5	13
7	3
8	14
10	2
11	7
12	3
13	12
15	9
16	4
19	6
21	13
24	3
25	11
26	5
27	6
28	1
30	9
31	13
33	3
36	4
37	14
38	2
41	4
43	3
47	6
49	6
51	13
53	14
55	12
56	4
57	12
58	6
59	2
61	8
62	12
65	5
69	7
70	6
71	14
75	13
79	10
83	9
87	5
92	13
93	6
94	15
97	1
107	1
110	2
112	14
119	10
121	13
123	9
135	13
140	4
Market 104
25	3
37	5
49	9
62	9
64	5
74	6
78	14
81	13
92	1
98	15
101	13
105	5
118	8
119	4
123	15
125	14
127	14
130	5
139	10
145	14
150	12
Market 193
3	3
4	14
7	5
10	7
11	8
14	2
17	15
22	10
26	11
28	4
30	1
33	4
34	7
41	14
42	9
43	11
44	8
46	12
47	6
48	9
50	10
51	8
54	8
55	11
57	13
58	6
61	2
67	5
83	2
97	15
98	7
100	4
101	13
107	12
129	15
138	2
144	3
145	1
Market 310
10	4
12	12
13	13
14	13
22	6
24	3
26	10
27	13
33	11
34	5
37	12
38	13
43	15
46	14
47	4
51	5
53	8
54	7
55	10
60	5
63	12
67	3
69	15
70	15
75	11
79	5
85	9
87	12
94	6
97	10
98	10
103	11
108	15
109	7
112	9
119	13
120	12
121	10
125	15
133	5
134	1
135	12
138	13
140	2
146	10
150	1
Market 84
7	2
63	8
64	15
69	6
73	6
75	6
88	12
95	10
97	4
98	4
100	10
101	7
111	14
112	5
116	12
117	13
119	12
121	6
128	7
129	4
131	1
132	4
135	8
138	3
140	14
141	12
143	15
145	8
146	7
149	4
150	13
Market 51
7	10
10	12
12	4
13	7
15	6
19	10
22	13
25	1
32	6
33	13
34	9
42	11
49	13
51	6
54	11
55	10
56	15
60	10
63	8
64	13
67	10
75	1
78	12
81	12
84	15
85	3
93	14
97	2
98	6
100	6
102	6
103	15
107	8
109	15
114	5
116	14
121	5
123	5
124	10
125	4
128	6
129	8
130	3
131	8
137	10
139	1
140	7
141	12
145	15
Market 296
42	9
55	5
65	9
78	13
84	14
88	12
92	6
100	6
101	12
102	3
113	1
117	5
119	10
127	5
128	10
130	6
132	6
134	3
139	10
141	10
145	13
Market 154
1	13
7	9
12	13
27	3
32	9
37	3
38	12
42	9
43	3
46	10
48	12
49	2
51	5
53	14
56	14
60	9
63	8
75	10
88	4
90	5
91	1
95	2
96	1
97	13
98	10
100	10
101	12
103	14
104	9
105	4
107	4
110	5
111	7
116	11
119	15
121	7
122	13
124	13
131	9
135	3
136	2
138	10
140	8
145	11
149	9
Market 202
12	5
14	5
27	4
34	1
42	4
46	15
47	12
51	15
53	1
54	12
60	13
67	11
69	7
75	15
78	13
84	7
95	12
96	1
107	6
112	3
113	8
120	2
123	4
125	6
128	13
129	12
131	10
137	2
138	14
140	11
150	15
Market 268
12	7
19	10
25	8
38	8
49	2
55	13
64	7
69	10
74	1
79	1
88	15
89	9
92	10
94	13
95	13
96	7
101	7
105	10
116	1
119	13
121	11
123	15
125	13
128	1
135	2
137	12
140	12
141	14
147	14
149	8
150	14
Market 119
1	5
10	12
11	10
12	1
14	6
15	10
18	12
25	4
26	2
27	5
28	15
32	4
33	14
35	13
38	4
39	4
41	10
43	12
44	4
49	10
52	7
53	1
54	8
55	5
56	10
59	2
65	8
67	4
69	4
70	2
92	11
93	5
98	9
100	7
104	5
105	11
107	7
110	3
111	9
112	12
123	12
125	12
127	12
131	14
132	2
133	8
137	10
138	3
Market 298
8	15
15	14
16	15
17	9
18	4
21	10
23	13
24	5
28	2
30	15
32	2
33	11
36	9
38	2
39	6
42	4
44	14
46	10
50	11
53	7
54	4
55	6
60	5
61	9
67	6
69	2
87	2
110	14
111	4
117	15
119	12
121	11
133	13
137	12
141	12
144	4
149	2
150	1
Market 314
1	9
13	10
14	14
16	14
31	4
36	2
42	3
46	5
47	1
49	12
51	13
54	12
55	12
63	13
65	5
72	14
75	2
82	10
87	1
88	9
92	2
93	1
95	13
96	4
97	12
98	1
100	7
104	8
105	14
107	13
121	14
124	8
131	7
135	9
136	2
137	7
141	3
145	10
147	14
Market 7
1	13
4	9
6	1
7	3
9	10
10	15
12	14
16	4
23	5
24	10
25	10
26	2
30	10
31	7
33	15
36	15
37	10
38	5
42	6
43	6
45	8
46	10
48	13
54	3
57	11
59	10
75	13
81	10
88	8
89	7
94	1
96	12
97	10
100	6
111	5
112	12
113	6
118	15
119	12
121	15
137	15
138	3
139	15
149	1
150	5
Market 26
1	14
10	10
13	1
14	12
15	8
17	7
22	12
24	5
25	13
32	13
33	3
38	13
42	8
45	7
46	7
47	4
49	2
52	5
54	13
56	9
57	1
60	10
64	15
73	12
74	15
78	2
84	13
88	15
101	2
103	12
110	5
111	12
116	9
127	12
128	4
130	9
131	2
134	15
135	6
137	2
139	8
140	3
Market 85
1	10
2	11
4	15
5	4
6	10
7	8
8	4
9	14
10	7
11	1
12	10
17	6
18	13
24	6
26	9
27	4
28	13
29	13
31	1
34	13
36	2
38	10
39	11
41	15
43	13
44	12
45	15
46	2
48	9
49	5
50	1
51	6
52	5
54	1
55	10
59	6
60	9
62	10
63	6
64	13
67	10
74	4
75	3
78	9
81	8
88	11
92	8
95	10
96	2
105	1
111	10
112	7
123	14
128	14
130	13
131	10
132	4
135	7
138	4
139	13
143	6
145	12
149	4
150	9
Market 62
4	1
6	8
7	14
12	7
13	11
14	14
15	5
19	7
22	14
25	12
26	8
36	10
37	12
38	2
42	5
43	9
46	6
47	2
51	14
55	6
56	13
57	14
63	13
65	10
67	5
70	14
71	14
77	13
81	11
84	13
86	1
87	11
90	11
92	13
93	6
94	4
96	9
99	11
100	7
108	4
110	12
119	8
124	11
128	14
129	4
130	12
131	12
132	6
133	14
138	12
139	7
140	14
Market 44
22	12
47	9
54	10
56	4
63	8
64	15
65	1
67	13
69	1
71	13
72	3
79	1
80	13
81	11
83	14
87	1
90	6
97	13
100	11
104	14
107	13
111	7
112	15
116	4
117	6
119	13
123	6
124	13
128	9
129	4
133	13
136	7
138	12
140	15
145	10
147	13
150	2
Market 240
19	3
32	14
37	7
38	5
47	7
90	4
96	11
103	5
105	2
107	2
121	15
129	10
132	14
133	12
Market 344
14	7
42	8
55	3
63	6
65	14
67	11
75	11
79	4
84	6
92	13
94	10
95	10
97	2
100	2
103	10
104	15
107	9
111	14
113	12
116	7
117	10
119	14
124	14
127	13
130	4
131	11
132	10
133	14
135	10
141	15
148	12
Market 175
2	15
3	5
6	2
10	14
11	1
13	8
14	2
15	6
19	5
20	3
22	11
25	9
26	13
27	3
28	3
30	4
31	6
33	14
34	2
36	2
43	3
44	5
45	6
47	10
50	14
51	11
52	10
53	10
54	1
55	14
56	14
60	8
63	9
64	12
67	2
78	10
84	1
90	3
92	4
113	11
116	6
119	8
121	13
129	12
131	7
134	3
135	6
139	13
145	1
Market 72
19	6
37	2
55	1
72	13
78	6
79	9
94	4
96	14
98	7
100	15
101	3
103	11
104	8
108	6
112	1
116	10
120	14
123	14
130	15
131	12
134	11
136	8
141	7
145	5
147	9
150	13
Market 321
1	12
2	2
6	10
8	9
11	12
12	8
15	7
16	6
22	7
25	10
26	11
29	4
30	14
31	15
34	10
36	15
37	6
38	15
40	10
47	12
48	4
54	6
57	10
63	10
65	15
69	5
75	3
78	5
88	11
95	14
101	1
102	7
109	6
112	9
113	6
116	7
120	3
124	14
125	4
134	12
138	2
140	4
145	4
146	3
150	6
Market 261
3	8
10	2
11	15
12	5
13	8
14	15
16	14
19	7
21	11
22	8
25	11
27	2
28	13
29	6
31	7
32	10
33	3
36	12
37	15
41	10
44	7
47	6
50	3
51	4
52	13
53	13
54	15
55	8
57	10
58	4
59	6
60	5
61	14
63	11
65	15
68	6
69	6
75	8
84	14
90	6
92	15
97	3
101	10
107	10
112	4
113	2
119	6
123	5
124	1
129	15
139	10
Market 333
1	2
4	10
5	15
6	3
8	12
11	13
14	10
15	3
16	12
18	11
19	7
21	12
22	15
27	10
29	14
32	6
36	15
37	10
41	13
42	9
43	4
44	5
45	4
46	7
48	4
50	10
52	14
53	14
54	7
55	15
56	5
60	3
65	1
67	13
71	11
72	6
74	14
79	5
81	15
103	12
104	10
105	8
110	2
111	4
112	15
118	12
121	5
123	12
128	11
132	13
137	11
140	12
141	9
148	12
150	8
Market 120
19	5
49	12
65	1
67	5
79	1
81	12
87	3
88	11
96	6
98	2
99	2
100	13
101	8
103	5
105	4
111	4
112	4
113	10
117	14
119	1
120	1
123	13
127	1
130	5
131	10
134	5
135	8
137	9
141	4
150	4
Market 179
7	14
13	2
19	14
22	8
25	15
27	6
32	13
42	10
47	3
51	10
55	13
57	6
60	3
69	14
72	3
73	5
80	6
92	3
101	1
121	5
122	4
128	14
131	8
132	2
133	7
140	14
145	4
149	3
Market 196
12	3
38	10
49	7
54	4
68	1
69	6
77	13
78	12
79	14
84	11
88	12
90	1
91	14
98	6
109	9
110	6
112	5
113	13
114	13
116	2
123	5
124	12
126	6
129	2
130	1
133	14
134	14
138	7
139	4
145	13
Market 87
1	5
2	7
7	1
9	13
11	5
14	6
15	12
18	8
19	1
26	7
30	5
32	2
34	11
35	5
38	10
41	8
42	13
44	12
46	8
47	10
48	10
50	10
52	12
54	13
55	1
56	1
57	5
58	8
61	3
62	8
63	2
67	15
68	2
69	13
79	13
87	2
91	7
94	4
97	1
103	3
119	7
121	7
127	14
129	12
131	15
132	11
133	15
135	2
138	14
140	2
Market 92
22	15
42	1
55	9
65	12
79	11
80	3
84	10
88	14
94	5
98	3
101	10
116	11
117	6
122	12
123	13
125	2
127	7
128	15
132	13
135	1
137	7
146	7
Market 309
3	11
5	10
7	6
8	14
14	8
16	2
17	14
18	12
22	13
24	11
25	13
28	14
30	13
33	11
34	8
37	5
38	15
41	9
42	13
44	8
47	5
49	6
51	6
52	12
55	2
58	7
75	14
79	10
83	1
86	1
91	7
93	3
101	6
107	15
116	6
119	5
121	7
123	1
124	3
131	10
133	5
135	11
138	10
140	3
Market 109
1	7
6	14
7	7
8	7
10	1
13	8
17	4
18	10
19	11
20	9
25	1
26	8
28	5
33	12
34	8
36	10
37	4
38	10
41	11
42	8
46	5
48	13
49	5
50	8
51	5
53	10
57	12
59	14
60	12
64	13
66	3
69	14
78	8
81	12
84	2
85	4
88	4
92	3
98	9
103	8
109	15
112	15
114	8
117	5
124	7
130	13
131	13
134	15
137	11
141	7
149	7
Market 56
14	14
38	10
55	1
63	8
67	6
70	2
74	13
75	2
81	11
87	2
90	1
93	12
98	7
101	2
103	2
105	11
110	9
116	6
123	15
127	13
128	13
129	10
137	8
138	15
141	11
145	7
150	3
Market 15
3	6
4	6
5	12
10	12
11	13
12	6
13	1
19	14
20	12
31	9
34	10
37	6
38	1
40	14
43	12
47	12
50	13
53	11
55	10
62	5
63	6
64	8
72	13
81	6
84	3
88	10
102	5
105	6
108	2
113	14
120	5
122	6
123	7
131	10
139	8
140	3
149	7
150	5
Market 17
1	13
4	2
7	7
8	12
9	2
12	9
14	15
18	3
19	14
25	15
27	4
29	7
31	11
32	2
36	9
38	1
41	10
46	13
48	8
50	12
53	11
54	4
55	1
56	10
57	3
59	6
60	13
61	10
79	3
81	13
86	2
88	3
90	7
93	12
96	7
100	15
103	10
105	7
111	15
116	15
119	6
121	6
127	9
128	2
135	15
137	9
140	15
141	1
142	9
145	10
149	13
150	15
Market 230
1	3
4	15
6	15
7	1
10	6
12	7
13	3
16	11
17	6
22	15
24	11
34	7
36	14
43	15
47	3
49	6
60	7
62	9
67	8
72	3
74	1
79	1
82	1
84	4
90	1
92	7
96	1
97	13
100	10
101	1
104	3
105	11
107	5
111	7
113	1
119	4
123	14
128	7
132	6
133	1
135	14
139	15
142	2
149	7
Market 6
1	3
3	2
7	3
10	15
14	14
15	4
19	11
21	6
22	2
24	13
25	1
26	11
27	6
29	13
32	13
36	10
38	10
42	8
44	14
46	7
47	2
48	11
49	4
50	13
51	2
52	12
54	5
60	4
62	9
66	9
69	7
72	1
74	7
84	10
85	11
87	9
92	5
96	15
102	5
104	1
111	9
116	3
119	12
121	9
122	8
124	4
125	12
127	10
130	9
131	6
132	5
136	11
137	8
139	15
149	7
Market 330
1	6
10	15
12	11
13	11
24	12
36	11
38	12
43	4
45	2
47	10
49	7
54	12
55	9
56	11
57	2
77	10
84	14
92	12
96	4
97	14
101	13
102	3
103	11
105	7
110	7
112	6
113	10
116	15
121	2
125	10
131	11
134	11
Market 342
1	2
4	6
6	3
7	15
8	5
12	4
14	15
18	4
19	11
21	5
24	10
31	7
32	11
37	4
38	15
41	7
45	8
47	13
49	8
50	4
53	3
54	15
57	8
59	3
61	4
63	8
64	5
69	14
71	8
74	10
79	4
85	9
87	4
92	8
93	10
100	10
102	14
105	14
110	2
111	5
113	3
116	14
117	8
118	6
123	12
125	10
127	14
131	13
135	6
137	7
139	4
141	8
145	9
146	2
Market 243
1	7
7	6
14	6
16	8
19	9
25	1
27	5
32	8
33	6
37	11
42	9
43	11
46	3
47	12
51	8
54	15
57	3
63	1
64	3
67	1
68	10
69	5
70	8
78	2
79	10
81	4
92	12
95	11
101	9
103	8
105	14
112	10
117	3
123	12
124	3
129	13
130	5
134	14
135	2
137	9
139	7
147	5
149	13
Market 283
1	12
7	1
11	7
13	15
14	3
15	1
16	15
17	5
19	1
22	1
24	4
32	6
33	10
37	6
43	6
45	13
47	1
49	4
54	13
55	1
56	15
59	12
64	9
65	15
78	7
86	8
92	6
93	9
97	15
101	9
103	10
105	9
116	3
123	10
125	15
131	5
133	10
139	11
145	7
Market 94
1	5
4	11
7	13
10	7
11	10
12	3
14	9
18	15
19	11
25	9
26	13
27	11
32	11
34	8
36	14
42	4
47	15
49	1
51	1
53	15
54	7
56	13
60	2
63	10
64	12
67	12
69	9
72	9
75	8
78	2
80	8
81	8
89	6
92	1
95	9
97	11
98	10
100	10
104	1
112	13
117	2
119	1
122	7
123	15
124	14
125	3
131	3
136	11
137	6
140	7
145	4
148	6
Market 237
4	10
5	15
6	5
7	14
8	10
9	7
10	5
11	14
12	7
16	5
19	8
22	12
24	10
25	15
26	3
27	15
33	10
34	2
38	11
41	12
42	11
44	3
46	9
48	15
50	8
54	15
59	8
60	13
62	8
65	14
67	7
69	15
78	9
81	3
84	10
88	6
92	4
100	13
101	13
102	15
104	14
105	13
109	10
111	6
112	10
114	7
122	9
125	15
127	14
131	4
132	12
136	14
137	11
139	9
146	1
150	14
Market 267
1	12
4	11
6	10
10	13
11	4
25	6
33	14
43	1
47	2
49	7
51	12
55	12
83	12
84	6
88	13
92	1
95	7
96	14
97	11
102	9
104	5
112	2
119	1
121	14
123	6
128	14
129	9
130	15
132	5
137	3
139	7
149	6
150	5
Market 58
7	3
10	11
12	9
14	1
26	14
36	14
38	4
42	6
46	5
53	4
54	12
55	6
57	3
59	3
63	9
64	9
68	9
69	13
77	6
79	12
81	10
84	5
88	4
98	6
101	4
103	11
104	2
107	6
110	15
112	14
113	10
117	14
119	13
121	15
124	9
129	13
130	13
131	3
132	3
133	5
135	12
139	13
141	7
145	4
Market 27
14	11
19	14
22	7
25	13
38	6
42	13
47	5
51	13
54	6
55	4
63	12
69	15
74	6
75	3
84	11
90	15
96	4
97	1
101	15
102	13
103	3
108	11
111	8
112	8
116	1
123	13
130	8
132	11
133	4
135	7
137	14
138	12
141	4
143	10
Market 241
3	14
9	15
13	15
14	4
15	9
18	8
19	11
21	7
25	7
26	3
28	1
29	11
30	12
31	6
36	10
38	14
42	8
44	15
45	14
46	4
48	4
50	9
51	1
52	8
53	11
54	9
58	4
62	9
67	6
68	2
72	6
74	1
75	11
81	6
83	13
91	7
96	2
105	1
107	3
111	14
112	12
119	7
123	5
124	7
131	7
137	11
138	10
141	14
145	9
149	8
150	6
Market 88
49	6
74	6
75	14
76	15
81	10
84	12
85	5
95	4
97	14
98	4
100	7
102	3
103	2
105	1
108	1
111	5
116	12
117	11
128	13
129	11
133	15
137	2
140	10
141	12
146	5
Market 282
1	7
4	15
10	4
12	13
16	13
36	13
37	10
43	9
47	1
49	15
60	10
65	11
72	7
84	13
87	14
97	10
101	4
102	5
109	14
111	8
113	9
120	1
124	4
125	11
127	10
129	12
130	11
131	14
138	14
139	7
140	4
147	12
150	1
Market 269
1	11
3	2
4	1
5	4
6	15
13	7
14	6
16	5
17	8
18	9
21	7
23	12
24	9
25	2
27	8
28	15
31	1
32	14
34	12
36	6
37	1
39	7
42	1
45	4
47	9
48	8
52	3
56	9
57	9
59	3
60	11
61	11
62	13
65	5
69	8
78	2
82	10
84	1
90	2
92	15
101	3
102	7
108	13
111	14
120	8
124	7
128	5
130	9
132	15
134	12
143	5
144	13
Market 238
6	10
16	14
25	2
26	7
32	2
33	8
38	2
47	11
51	11
54	14
60	11
65	3
73	7
84	14
92	8
97	6
101	10
104	11
123	11
124	6
133	3
139	10
149	2
Market 127
1	5
3	15
8	3
10	9
11	2
13	12
14	9
15	4
17	2
19	15
22	13
24	10
27	8
30	14
33	5
37	4
41	6
42	9
44	6
48	4
49	7
50	15
53	4
55	11
60	4
64	4
65	14
67	15
69	15
77	4
78	1
79	4
84	13
92	8
95	6
97	6
104	4
116	12
121	2
123	10
124	6
131	11
139	7
145	9
146	13
Market 271
1	5
4	3
10	4
12	2
13	9
14	11
18	14
22	13
24	7
25	6
26	3
31	3
38	14
42	9
47	11
49	6
53	15
55	13
57	1
59	10
63	12
65	14
67	5
69	12
73	12
77	3
79	14
84	15
88	9
90	8
95	14
96	13
97	8
98	11
100	11
102	14
104	7
111	14
119	11
120	2
122	13
129	10
130	15
139	5
140	7
141	6
145	5
147	3
149	7
Market 116
7	11
38	11
63	8
69	2
75	6
78	2
81	10
96	6
97	15
101	1
102	6
107	1
111	13
117	4
119	2
120	9
125	5
128	5
130	8
132	10
133	4
137	3
138	7
139	3
145	1
150	14
Market 133
2	13
6	14
7	11
10	15
11	1
12	5
13	7
14	4
18	14
22	2
24	11
25	14
26	7
27	2
28	1
29	15
33	2
34	5
37	1
39	15
42	6
43	15
45	15
46	10
48	2
49	1
50	14
51	1
52	12
53	7
60	7
63	8
67	4
69	5
74	2
81	5
89	10
92	15
95	7
96	15
102	5
105	1
107	2
118	12
124	9
132	13
133	2
138	7
Market 291
7	1
14	10
19	9
25	8
33	9
38	13
54	8
56	12
60	9
63	9
69	7
75	1
78	8
84	2
92	13
96	14
97	4
98	5
105	2
112	9
113	2
119	9
124	12
132	2
139	15
145	5
Market 316
37	11
63	6
65	14
67	13
69	10
73	4
74	10
81	12
88	4
89	4
95	1
97	13
102	5
104	7
105	6
113	6
119	9
122	10
123	5
124	2
130	11
132	5
137	1
141	13
145	13
149	12
Market 216
14	3
32	13
37	10
65	2
67	2
69	8
70	1
86	15
87	14
90	8
92	11
98	3
103	6
111	4
116	11
119	13
121	15
123	10
127	13
129	3
131	12
135	9
138	3
145	7
Market 107
11	8
19	5
33	2
36	15
42	13
51	8
53	2
57	13
63	1
65	14
67	4
77	2
82	4
97	14
98	13
102	3
105	4
107	4
108	12
119	14
123	3
124	2
129	5
138	1
144	7
145	8
150	9
Market 187
4	10
12	13
19	7
37	2
38	1
42	4
43	8
46	15
47	13
51	7
54	7
60	11
64	9
77	3
81	2
83	12
84	4
92	10
93	13
97	4
101	3
102	7
103	8
108	8
112	14
123	5
124	8
127	1
130	4
131	6
135	4
138	5
145	6
150	11
Market 275
10	6
13	4
14	7
17	14
19	12
22	2
24	13
25	3
26	15
33	8
36	11
37	9
43	8
46	1
47	4
49	2
54	7
55	12
60	5
67	7
69	8
71	11
75	14
79	2
84	10
86	14
87	3
90	9
93	12
94	7
100	12
104	12
108	2
113	11
116	3
119	4
123	4
129	9
130	13
131	11
132	14
135	8
138	9
139	11
147	15
148	10
150	12
Market 159
1	7
10	4
12	13
13	1
14	8
16	2
22	12
24	13
25	2
32	8
36	9
37	1
49	7
51	12
53	5
54	13
59	7
65	7
67	12
71	3
74	4
78	3
79	2
81	10
92	13
94	9
95	11
100	14
102	6
103	1
104	14
111	4
113	13
120	5
121	9
128	5
134	14
135	3
139	7
147	4
149	3
Market 136
7	2
22	2
42	9
47	5
67	6
69	8
75	11
78	2
81	5
100	13
104	10
107	1
111	8
112	14
119	15
125	1
128	4
130	7
132	3
133	10
138	13
139	12
140	12
149	3
Market 55
1	3
6	14
7	9
9	11
10	9
11	11
22	11
23	13
27	10
29	6
30	5
31	5
33	13
34	7
37	14
40	4
41	13
44	14
48	6
49	3
52	13
59	1
60	14
62	3
73	6
79	3
81	12
92	15
95	11
97	9
98	10
104	3
110	9
119	10
122	11
128	12
132	14
147	15
148	9
Market 186
7	6
12	3
13	5
16	5
19	7
22	4
26	13
32	4
33	4
36	15
38	8
49	13
55	1
56	15
60	1
64	14
67	13
69	6
75	8
78	5
92	14
102	12
109	12
111	10
113	7
115	10
119	5
121	3
124	9
128	4
131	3
133	1
134	4
135	6
139	12
140	15
145	11
146	4
Market 131
10	13
14	12
24	4
25	15
38	1
42	2
43	4
46	6
47	14
49	10
51	7
54	9
55	2
57	11
60	3
62	1
64	15
67	10
69	4
74	1
80	6
81	1
90	13
92	8
96	3
101	8
104	8
105	7
109	2
114	6
117	13
125	14
132	6
136	2
137	11
143	13
145	13
146	10
148	9
149	4
Market 244
14	8
19	4
63	3
64	1
65	5
67	11
69	11
73	14
81	7
88	10
90	9
92	15
95	10
101	6
102	5
103	12
104	6
105	7
109	8
110	10
112	15
114	8
117	15
119	3
120	2
121	8
122	8
123	4
128	14
129	10
133	3
134	5
137	9
138	3
145	2
146	15
Market 29
1	4
2	15
3	9
6	11
8	4
11	6
13	9
14	6
16	11
17	9
18	12
19	15
21	10
22	8
25	9
27	5
28	6
29	7
32	3
33	9
34	13
38	15
42	6
43	1
47	7
49	3
51	7
53	7
56	9
58	4
59	12
60	6
62	12
65	15
68	11
69	10
79	13
84	9
86	4
92	3
97	10
98	11
103	13
107	10
116	5
119	11
121	12
123	14
126	8
133	8
138	13
139	15
140	5
145	12
150	4
Market 125
1	6
2	1
3	1
4	1
7	8
9	13
11	12
13	7
14	4
19	11
21	7
22	5
24	5
25	2
26	7
27	10
31	1
35	3
36	4
37	5
38	2
39	1
42	14
47	1
52	13
54	7
56	2
57	5
58	5
61	5
62	15
69	15
72	5
83	10
84	12
90	2
91	3
101	15
104	6
111	11
112	11
113	11
119	12
122	14
124	4
127	14
129	8
132	1
133	2
136	8
139	12
140	10
150	14
Market 199
7	7
11	4
17	12
22	10
24	5
32	11
38	5
53	7
54	9
56	4
57	12
59	11
73	5
81	15
88	6
97	15
101	4
104	7
111	2
117	3
122	13
123	1
127	11
132	15
149	3
Market 112
38	12
49	2
64	5
65	4
73	9
78	12
81	2
85	12
88	14
92	7
95	3
97	11
98	15
100	11
102	13
103	3
104	6
111	15
117	3
119	6
122	4
125	4
134	12
135	4
136	9
137	7
141	14
148	8
150	1
Market 254
4	13
7	3
13	2
14	4
16	10
22	2
25	10
38	10
51	1
54	14
56	5
63	14
65	6
69	9
88	7
102	14
109	8
110	4
111	6
119	3
123	5
126	7
127	4
136	9
139	7
145	15
147	14
Market 126
1	5
4	1
7	10
10	5
14	15
16	2
19	1
22	1
24	7
27	2
32	4
33	3
36	14
37	14
38	10
45	10
47	2
49	5
53	6
54	1
55	12
57	9
63	10
65	9
67	11
69	1
72	13
75	13
79	14
81	1
88	1
89	2
90	3
92	13
96	3
97	1
100	7
101	8
105	8
107	12
110	14
111	1
117	9
124	12
127	5
128	6
133	15
135	11
137	13
138	14
147	11
150	7
Market 89
2	12
6	11
10	10
11	15
12	1
14	13
15	13
18	3
19	11
22	4
25	5
26	10
27	8
29	11
30	9
31	1
32	12
34	13
37	14
38	15
40	11
43	10
45	14
46	10
47	9
48	4
49	1
51	6
52	12
53	2
54	2
55	10
56	1
57	3
59	12
60	3
62	8
67	8
69	9
85	4
88	9
92	13
97	8
107	2
108	12
109	4
114	11
117	14
120	14
121	4
123	13
125	9
129	10
132	3
133	15
135	9
137	11
146	4
150	15
Market 248
12	8
14	3
19	2
37	15
55	8
64	3
66	4
67	6
69	14
73	8
74	11
79	1
81	7
92	4
93	3
95	15
98	14
102	4
103	13
105	15
112	15
113	15
116	13
117	11
119	12
121	4
123	15
126	9
127	3
128	8
130	3
132	9
137	8
139	8
140	13
141	14
145	4
146	12
Market 349
3	1
4	6
5	6
7	2
8	5
10	3
13	15
14	9
15	5
16	15
17	3
18	7
20	4
28	13
29	3
30	1
31	10
32	9
36	5
37	11
38	6
45	8
47	11
48	1
49	6
53	6
56	8
59	10
60	14
62	9
65	14
70	12
75	8
79	8
84	2
92	11
95	1
97	11
98	14
100	10
103	10
104	9
111	8
112	12
113	15
120	12
124	5
127	13
131	14
134	11
135	14
138	1
145	1
Market 280
22	12
25	8
42	11
49	4
54	1
55	1
60	7
63	13
67	3
78	13
88	12
90	12
95	1
102	3
104	6
105	14
112	8
117	11
119	15
125	14
132	12
133	14
137	13
141	14
145	14
Market 200
22	6
42	13
49	8
63	10
67	14
73	13
74	7
79	5
84	9
87	8
88	11
96	4
100	6
101	8
103	13
104	8
105	3
107	7
112	8
116	10
119	2
121	2
123	9
127	5
129	1
133	3
138	12
140	13
141	12
145	12
147	10
Market 247
4	10
14	3
17	14
19	10
26	5
27	2
32	13
36	7
38	4
42	6
46	1
49	3
51	10
52	14
53	13
54	14
57	10
67	1
69	6
75	14
80	14
81	8
92	4
95	8
101	5
103	9
112	2
116	12
117	6
119	6
122	3
123	1
127	15
129	1
131	3
138	5
139	8
140	15
145	10
149	3
150	14
Market 110
2	11
5	9
6	2
7	3
8	15
9	3
10	15
12	10
13	7
14	8
15	1
18	9
19	6
21	12
22	11
23	15
25	14
31	15
33	8
34	12
36	15
38	6
44	5
46	14
48	3
55	11
56	1
57	2
59	13
60	7
64	10
65	5
68	6
72	13
75	7
79	2
81	4
86	14
87	9
92	11
93	6
94	14
95	1
97	8
98	2
104	14
107	11
110	9
111	1
117	7
121	13
122	1
124	7
126	11
127	2
130	11
140	12
145	7
149	13
150	2
Market 177
1	10
6	7
7	10
10	11
11	13
14	3
16	3
17	3
19	5
20	15
21	5
25	9
28	13
29	9
30	6
34	5
43	9
44	2
46	10
47	5
49	1
50	3
52	3
53	5
56	1
60	7
61	3
64	13
65	13
67	12
70	4
79	3
84	3
85	4
90	9
92	6
96	14
97	4
98	8
101	1
103	13
110	6
112	8
116	6
119	9
121	10
123	3
124	4
125	10
126	3
135	8
145	14
146	1
150	3
Market 323
7	2
12	12
14	13
26	11
33	10
34	3
38	7
42	15
49	6
54	8
55	1
60	11
64	12
65	6
67	12
69	6
70	5
72	13
75	10
78	11
79	9
81	12
90	15
92	10
94	12
98	1
99	6
116	14
120	13
127	4
130	7
135	10
138	1
139	10
140	13
145	10
Market 49
5	7
6	8
7	3
10	1
12	1
13	2
15	14
18	5
19	14
24	2
25	3
31	13
33	2
38	8
41	5
46	11
49	13
54	9
55	9
57	12
58	12
64	13
72	8
80	14
84	8
95	6
97	5
101	8
102	3
104	7
107	3
108	9
113	12
116	13
121	10
124	3
127	13
132	1
133	7
140	12
145	5
150	2
Market 149
1	5
3	5
4	13
6	13
7	4
8	5
10	6
12	14
13	15
14	1
16	10
17	4
19	6
24	12
29	12
30	5
33	3
36	12
40	9
41	5
43	5
46	2
47	10
49	14
50	11
52	14
53	11
54	3
55	1
56	14
57	10
60	5
70	5
87	9
94	15
98	14
108	3
121	13
130	1
131	6
134	1
147	4
Market 211
1	1
7	13
11	7
12	3
14	3
16	5
19	4
22	4
26	2
33	11
34	3
36	3
37	14
38	2
42	1
43	7
46	15
49	10
51	8
54	8
56	1
57	5
65	3
81	10
90	3
92	6
95	5
100	3
101	1
105	6
117	4
123	1
128	11
131	6
133	4
138	11
139	3
140	11
150	12
Market 227
1	11
7	10
12	3
14	3
19	6
33	13
38	11
42	5
47	3
49	2
51	3
54	5
56	6
57	15
63	13
65	13
69	9
75	13
84	5
88	2
92	5
94	4
97	3
100	8
103	4
113	2
119	14
121	9
124	15
127	6
130	13
132	15
135	7
136	2
139	3
147	8
Market 301
1	5
3	4
5	5
8	11
10	11
11	5
12	6
13	1
15	8
16	1
19	12
20	6
22	6
27	3
29	1
33	9
37	13
38	4
40	3
42	11
43	15
45	9
46	12
47	9
50	12
53	6
54	11
55	11
56	10
59	14
60	6
62	9
63	6
77	9
78	9
81	15
84	5
92	7
95	4
97	13
98	3
100	5
101	6
102	5
108	15
111	1
112	1
113	3
116	7
119	13
120	9
124	1
136	11
139	13
145	14
148	2
Market 45
1	3
2	13
4	1
5	13
9	3
10	15
11	7
12	4
13	12
14	2
16	4
18	11
19	11
24	8
26	15
27	14
30	11
31	11
32	9
34	11
37	1
38	9
42	13
43	15
47	7
48	7
49	4
53	10
55	12
56	2
59	2
61	5
62	1
64	1
67	8
78	8
81	7
88	4
95	8
111	7
119	10
125	4
128	9
132	15
146	4
150	9
Market 180
25	8
32	8
38	11
42	10
49	11
54	1
62	9
64	13
67	9
69	2
72	9
73	8
74	11
88	1
92	8
96	5
97	6
98	9
100	7
101	14
105	7
116	14
119	3
122	1
123	6
124	3
127	6
128	13
129	2
131	3
133	1
137	7
138	2
143	4
146	15
149	12
150	15
Market 170
10	1
12	10
14	2
32	10
33	2
36	10
37	11
46	3
47	12
49	6
51	3
54	1
67	14
69	4
72	14
75	9
85	10
88	9
90	11
93	6
96	10
105	3
110	8
112	1
119	4
121	15
123	6
127	6
132	6
135	8
137	11
Market 251
7	3
14	2
19	1
22	9
25	14
32	4
38	11
47	12
49	15
51	7
54	2
57	2
60	6
63	11
65	5
67	2
72	9
75	10
79	3
84	4
87	1
88	6
92	3
94	6
95	3
97	2
99	14
100	12
101	7
103	15
105	1
107	3
110	1
111	7
116	3
123	7
131	12
135	9
138	3
140	3
147	14
150	13
Market 42
6	15
7	8
10	11
14	1
19	5
26	2
34	9
36	11
37	6
38	4
42	8
43	14
47	8
49	11
50	12
51	11
55	4
56	7
57	5
60	9
63	10
64	13
65	9
69	1
70	6
72	7
73	14
75	3
84	9
92	2
98	2
101	4
107	10
108	15
110	3
111	5
113	14
116	1
119	12
120	9
123	11
126	11
128	7
130	6
135	1
137	9
140	1
145	2
146	8
149	3
Market 217
1	4
3	11
4	15
5	4
6	10
8	10
10	1
12	10
13	6
14	6
16	5
18	6
19	15
22	12
23	2
24	11
25	12
27	12
31	3
32	13
34	14
40	6
43	2
44	4
48	11
49	1
51	4
53	4
55	9
57	8
59	4
60	1
61	11
64	3
67	15
69	11
71	7
72	14
78	2
87	5
90	14
92	11
96	4
99	11
100	6
103	15
104	11
110	10
116	1
119	11
121	3
123	10
127	4
128	4
132	12
135	8
137	11
140	10
147	9
150	1
Market 163
1	15
7	15
19	14
22	6
25	8
42	8
60	2
63	15
64	6
65	15
75	12
88	12
98	10
100	8
101	10
105	6
112	6
120	12
134	2
138	13
150	8
Market 312
7	9
22	11
54	1
75	12
77	6
78	8
79	10
81	1
86	8
93	11
98	13
103	10
108	10
109	5
113	9
115	8
116	4
117	15
119	4
123	8
130	5
131	9
139	5
140	6
145	10
149	9
150	14
Market 205
2	3
4	11
6	15
7	5
14	11
15	10
16	6
18	9
19	14
22	1
25	7
26	12
27	1
30	1
33	14
37	5
40	9
44	6
45	12
47	9
53	6
55	13
56	4
59	12
60	6
62	12
63	14
64	14
69	5
75	6
82	12
90	6
96	1
101	6
102	11
105	3
107	7
108	13
109	8
111	8
112	14
114	14
120	8
133	6
138	5
146	4
Market 336
14	7
19	14
32	15
63	9
65	15
72	13
81	2
88	9
90	3
96	7
97	13
101	9
107	4
118	4
122	11
124	11
136	9
137	8
141	7
145	3
Market 20
12	2
49	8
55	12
63	14
65	10
67	12
72	13
73	13
75	15
79	6
81	3
84	6
88	7
95	7
96	10
100	14
102	9
108	13
112	1
113	4
116	15
117	11
119	10
123	12
124	14
127	7
128	1
129	5
131	4
137	6
140	13
141	1
145	7
148	6
149	10
150	3
Market 81
1	8
3	8
10	5
14	5
18	4
19	3
21	5
22	9
23	14
24	7
26	12
27	10
30	13
32	13
34	4
38	1
42	5
44	13
46	13
50	12
52	9
53	1
54	2
57	6
60	2
61	10
64	8
67	3
69	2
84	1
86	12
88	15
90	6
93	6
98	10
101	15
102	13
108	14
112	10
117	14
119	4
123	4
130	14
131	10
132	8
137	10
147	10
150	11
Market 257
3	13
4	6
7	15
10	14
11	10
12	4
14	12
16	5
17	5
22	1
29	14
31	8
32	4
33	1
38	7
39	13
44	7
47	8
49	10
50	3
53	5
54	9
55	4
56	9
57	13
59	9
61	3
64	9
65	5
72	6
81	6
84	10
102	3
108	1
111	13
119	1
122	12
130	2
132	13
145	10
149	7
Market 256
14	3
32	11
37	9
63	5
65	14
67	15
72	12
78	6
79	4
80	12
81	1
85	2
87	3
88	9
92	10
94	3
95	8
96	2
98	4
102	1
103	6
104	9
111	1
112	4
116	5
120	3
123	1
130	1
131	10
132	15
134	11
136	7
137	5
139	10
140	6
143	15
145	8
146	5
148	11
Market 183
1	5
4	10
6	9
7	15
11	12
12	4
16	6
22	1
27	9
33	6
43	8
47	13
51	9
53	11
55	14
56	6
59	12
60	12
63	15
64	12
69	8
73	13
81	3
83	8
90	3
92	6
95	13
97	4
98	5
101	4
102	7
104	3
107	2
112	12
117	5
119	10
120	7
121	8
124	4
128	4
129	13
130	12
132	6
133	1
137	9
139	8
145	15
149	2
Market 75
4	13
14	1
19	6
32	6
36	13
38	6
42	1
43	10
46	9
49	14
51	9
56	8
57	3
60	3
63	2
65	10
67	12
74	6
81	13
83	2
84	3
89	13
90	1
91	6
92	3
96	14
97	9
98	2
101	4
104	5
105	4
107	1
111	12
113	8
117	15
118	7
123	5
124	4
127	5
130	13
131	4
132	11
135	11
137	1
139	9
140	4
142	3
145	1
147	14
149	5
Market 158
1	15
6	1
7	11
10	3
12	6
14	5
16	9
32	14
33	11
36	4
37	2
38	9
42	12
43	11
47	3
51	13
53	12
55	4
59	5
60	14
65	9
73	3
75	11
81	12
88	2
90	4
92	13
93	11
95	12
100	5
102	15
105	12
111	12
116	8
121	7
123	13
126	15
127	15
129	13
131	13
132	11
137	2
140	14
141	10
146	9
149	9
150	4
Market 184
7	10
22	9
42	14
47	14
60	15
70	10
75	15
79	6
90	3
92	11
97	9
102	4
107	6
110	4
112	12
113	7
116	11
119	3
121	11
124	4
129	1
147	2
Market 225
1	12
7	6
14	10
18	10
20	8
22	6
26	5
30	12
33	10
34	15
37	6
38	2
40	2
42	3
45	12
46	5
51	3
55	11
57	14
60	10
64	6
67	8
69	11
79	12
88	7
90	8
93	13
96	2
111	15
115	10
123	11
132	10
138	1
139	8
Market 295
1	12
7	3
10	1
11	7
16	6
19	4
22	14
25	1
26	7
32	9
37	10
43	3
51	14
53	6
54	5
56	1
64	9
67	9
69	13
75	8
84	4
88	5
101	11
116	3
119	11
121	10
122	5
123	10
132	8
133	3
136	11
138	3
140	8
145	10
150	13
Market 288
38	7
49	10
55	6
62	3
63	4
64	5
65	9
69	1
74	13
75	2
79	14
90	8
91	14
93	3
95	4
96	3
101	2
102	5
103	11
107	14
112	11
113	11
117	12
119	12
121	2
123	1
125	11
126	11
127	13
128	7
130	1
131	7
132	4
134	7
137	13
138	2
140	11
141	1
142	5
145	6
146	5
149	15
150	15
Market 33
6	3
10	10
11	13
12	11
14	2
15	12
18	6
19	13
21	7
23	1
24	11
25	15
27	10
29	5
30	1
31	15
33	11
34	7
38	5
42	12
44	5
46	13
49	4
52	15
55	9
57	7
62	6
64	6
79	15
81	13
94	13
95	7
97	6
99	11
100	12
101	14
111	7
112	6
116	15
123	10
131	1
137	2
147	4
149	4
Market 343
2	11
6	6
13	11
22	6
24	2
25	2
28	8
33	14
34	6
37	14
38	11
40	9
41	13
44	11
46	1
48	2
49	11
53	9
54	9
56	8
57	15
62	7
72	6
81	9
84	11
87	15
94	14
102	5
105	15
116	8
117	10
119	1
121	12
122	2
123	6
125	15
127	3
131	5
133	10
135	8
140	7
141	7
145	12
150	5
Market 245
1	1
3	2
6	8
8	5
11	10
17	12
22	5
23	15
24	14
25	9
26	8
27	3
30	11
32	9
36	2
41	14
42	13
44	1
45	11
46	7
51	4
56	11
57	7
59	4
61	4
64	2
65	6
69	2
70	5
79	15
84	12
86	8
93	14
101	4
105	12
110	9
111	13
116	7
123	2
127	9
137	2
140	12
141	6
150	12
Market 338
1	4
12	12
16	5
22	3
37	14
38	7
46	1
54	15
55	5
63	9
64	1
67	8
75	14
83	8
90	6
91	6
92	6
97	7
101	11
105	15
107	4
112	8
119	10
123	10
131	4
132	4
133	2
135	4
138	10
145	15
Market 190
3	11
4	13
8	14
13	11
14	15
16	14
19	13
20	9
24	15
25	7
27	10
29	3
31	2
34	1
36	4
38	1
40	8
42	1
43	9
45	7
48	2
49	12
50	2
51	15
52	9
57	12
59	15
62	10
64	14
67	5
69	2
73	2
81	12
88	15
92	5
98	13
101	10
102	7
105	6
112	11
123	7
125	1
127	7
130	10
132	8
134	6
139	11
140	4
150	10
Market 294
1	12
14	2
22	3
36	12
37	13
38	8
46	6
54	15
56	15
60	8
63	10
69	13
83	8
90	7
92	14
94	2
97	15
99	10
100	7
103	10
105	7
108	3
111	8
116	13
123	8
131	15
135	12
140	12
145	5
147	13
149	10
150	1
Market 79
1	13
4	10
5	8
6	12
10	1
15	10
17	5
21	15
22	15
23	3
26	1
27	3
29	6
30	11
31	9
34	1
37	6
38	2
41	10
42	1
43	7
44	7
45	10
46	2
48	1
50	7
51	8
52	11
53	1
59	14
61	10
64	12
65	9
67	15
69	10
72	3
81	5
84	8
87	5
90	1
94	6
96	11
99	13
100	10
101	6
102	12
105	13
110	2
112	12
113	14
119	3
120	8
123	10
128	15
129	3
130	6
131	10
132	14
133	9
134	10
135	1
139	13
140	2
143	7
145	9
Market 60
14	8
19	9
25	10
32	5
37	7
49	6
54	11
55	13
63	5
64	3
65	1
67	4
69	5
84	11
90	2
92	7
97	5
103	1
110	2
116	7
119	12
120	10
121	12
123	15
124	12
125	1
127	6
129	14
132	14
133	5
134	7
135	7
139	1
140	12
144	1
150	4
Market 164
14	5
55	2
65	2
68	7
72	1
83	10
90	4
95	7
101	13
107	6
111	11
112	3
132	8
150	1
Market 86
1	6
7	15
13	6
24	10
27	13
33	5
34	9
36	9
37	1
38	5
43	1
46	2
55	1
56	14
60	6
64	10
65	1
67	11
88	2
90	5
96	3
98	15
101	3
104	3
108	11
125	4
127	7
129	7
132	9
139	14
140	9
144	13
145	3
148	4
Market 279
6	13
7	10
10	6
12	15
13	15
14	9
15	5
17	8
26	6
28	3
36	8
39	7
41	7
46	11
47	12
48	9
51	4
52	11
53	1
54	2
55	12
57	14
58	12
60	4
61	1
62	1
63	6
69	2
74	13
82	10
83	10
90	6
97	13
98	6
100	15
103	8
105	10
107	4
116	11
121	4
131	8
135	1
140	10
145	8
149	9
Market 156
32	2
47	13
54	5
55	1
63	2
64	9
69	11
77	4
78	15
81	1
84	2
88	2
97	12
98	2
100	12
102	10
103	10
107	15
108	13
110	6
111	15
116	3
117	15
123	9
124	10
128	9
130	12
131	4
132	15
133	11
135	14
140	3
Market 157
1	3
2	8
4	10
7	11
11	13
12	5
13	2
17	14
18	12
19	7
21	2
25	6
28	15
29	8
36	8
37	14
40	15
43	12
49	15
50	13
52	15
53	1
55	3
56	4
57	14
59	11
63	10
65	9
67	2
68	12
69	8
75	4
79	2
84	3
86	14
92	10
98	10
103	5
109	8
110	15
115	1
119	13
127	3
131	7
134	14
135	4
139	11
145	8
146	3
147	13
150	15
Market 70
2	3
7	15
8	7
10	2
11	7
12	5
13	9
14	3
15	3
16	9
18	11
19	5
20	2
22	2
26	7
28	1
30	1
33	4
34	6
36	13
37	15
38	15
42	3
45	9
46	2
48	14
49	13
52	12
53	1
54	2
57	13
59	12
62	1
69	14
72	8
85	15
92	2
95	8
97	7
104	8
111	15
112	10
113	5
115	9
122	3
124	11
130	14
131	9
133	12
134	8
135	14
138	14
139	11
141	9
145	5
146	13
Market 153
1	14
2	2
3	5
4	14
5	2
9	7
11	1
12	4
13	14
16	12
21	13
22	6
25	6
27	9
29	15
31	4
34	6
36	7
37	3
39	8
41	1
44	10
46	13
47	2
48	1
52	3
55	10
57	15
58	9
60	11
61	9
62	11
64	1
67	14
78	8
79	12
82	8
88	2
90	10
94	12
96	15
100	15
101	2
102	5
103	5
104	11
123	11
127	1
144	9
150	3
Market 191
1	4
2	13
6	9
7	1
8	13
9	12
12	13
14	11
15	15
18	9
21	13
23	10
24	8
26	14
27	10
34	5
36	5
37	14
38	11
39	5
44	10
45	13
49	7
51	1
52	12
54	7
55	4
56	11
61	13
73	15
74	5
79	4
88	2
89	8
95	2
103	2
105	7
111	4
112	10
116	9
119	8
121	5
123	1
124	1
128	12
133	15
137	1
143	4
149	15
150	12
Market 259
19	4
32	9
33	9
36	6
42	2
46	5
47	3
51	7
56	1
62	12
63	12
64	2
69	2
74	4
75	13
81	3
82	10
90	9
112	7
113	9
123	2
129	6
131	15
132	13
138	6
139	2
142	2
150	11
Market 290
1	7
14	8
32	5
33	9
37	15
42	6
47	11
49	7
54	2
55	4
65	10
67	8
75	8
91	7
92	10
98	2
121	7
127	12
131	8
145	4
147	11
150	4
Market 233
2	5
3	10
4	1
6	2
11	10
12	13
13	5
15	7
16	14
18	7
19	2
22	7
24	11
26	12
28	10
29	7
30	10
33	15
34	4
37	12
42	2
43	15
45	9
47	9
48	1
49	8
51	12
54	13
55	8
59	15
60	8
62	2
63	2
64	1
67	3
69	7
78	5
84	10
97	2
98	4
102	9
108	6
111	2
112	13
119	11
124	13
125	5
129	2
132	7
138	11
139	3
140	3
Market 222
10	6
13	1
24	9
25	7
26	8
27	10
32	9
37	15
38	15
42	5
43	15
47	8
49	8
53	7
54	2
55	4
56	6
60	14
64	3
68	14
81	11
83	14
84	13
88	7
95	5
96	7
100	15
101	3
102	2
105	9
111	13
113	3
119	2
124	13
125	8
128	14
130	4
131	4
133	3
134	1
138	14
Market 144
12	14
14	14
38	9
49	8
54	1
55	13
63	6
66	12
67	5
73	15
74	13
81	3
82	3
83	8
88	7
92	3
95	8
96	12
100	11
102	2
104	12
105	5
106	13
112	11
119	13
129	1
133	11
137	13
138	1
141	15
144	5
149	15
Market 80
7	6
22	12
38	13
54	8
64	12
65	10
69	1
78	11
79	5
88	10
92	7
96	11
98	15
100	5
101	11
109	9
111	5
112	15
116	14
121	12
125	12
128	9
130	7
132	7
134	4
140	14
147	8
Market 348
7	1
14	1
42	3
47	6
63	8
65	13
95	10
96	7
100	6
101	12
104	2
107	8
111	1
112	9
117	14
121	15
122	2
123	5
124	11
127	5
129	9
130	8
136	13
145	12
148	6
Market 147
1	12
12	10
16	1
25	5
32	13
33	4
36	10
42	5
47	1
55	4
57	11
60	10
63	13
64	13
65	14
67	9
70	2
75	10
79	4
84	4
90	8
92	15
95	5
98	13
100	3
101	8
108	3
111	12
119	9
120	7
125	1
128	6
129	11
130	6
131	7
135	8
139	8
141	11
145	13
146	15
147	7
149	8
Market 71
7	3
14	4
19	1
24	5
26	2
33	9
34	1
37	13
38	1
43	5
45	9
46	13
47	3
49	1
59	15
63	14
64	3
67	9
78	2
84	4
86	7
100	12
101	7
102	9
108	7
112	7
119	9
121	12
126	9
127	8
135	15
139	10
140	4
145	4
Market 65
6	5
9	6
10	9
12	1
16	1
18	10
21	11
22	2
24	7
32	14
36	3
37	15
41	5
46	4
48	11
51	9
53	2
54	6
67	8
74	10
81	8
84	1
85	10
95	14
97	10
98	13
101	1
102	2
105	9
112	1
118	5
119	11
121	12
123	15
130	9
134	14
145	3
150	13
Market 197
6	9
8	13
10	10
12	7
13	9
16	9
22	13
23	10
26	11
27	1
29	11
30	2
31	8
36	15
37	4
38	12
40	6
43	6
44	6
45	2
53	11
57	11
59	7
65	12
67	13
69	2
70	2
71	14
75	14
79	5
84	8
86	5
90	14
93	8
101	9
102	12
112	15
119	3
123	10
127	15
129	7
130	6
131	4
133	5
135	14
138	11
140	11
145	3
Market 53
3	6
5	1
6	9
11	12
15	13
18	13
19	4
21	15
23	15
24	2
25	5
26	2
30	13
31	12
36	7
38	3
42	7
44	12
46	14
47	11
48	5
50	4
54	3
56	7
60	11
61	13
64	9
65	3
69	7
72	1
75	8
83	14
87	9
88	12
90	9
95	6
96	4
99	3
104	12
116	5
121	11
122	3
130	4
134	15
137	3
138	5
146	7
147	13
150	8
Market 43
1	14
4	12
7	4
12	1
14	7
19	4
26	9
27	3
42	2
55	4
56	2
60	7
63	5
65	6
75	9
79	2
81	14
94	6
97	4
103	13
107	5
110	6
116	8
121	12
123	9
124	14
127	5
129	6
131	5
132	15
Market 101
1	11
3	9
6	2
7	10
11	3
12	3
17	8
23	13
24	13
25	12
26	13
27	1
29	4
31	15
32	11
34	11
36	15
38	10
40	12
41	2
42	6
45	12
47	15
48	2
49	14
54	7
55	3
57	14
59	2
62	2
64	13
65	10
69	1
71	5
77	6
87	1
88	11
97	14
110	2
111	11
116	8
120	4
121	6
124	3
131	11
132	15
134	11
135	3
140	4
147	4
148	9
150	13
Depot
