CapEuclideo.350.200.7.4
Total Cost:119706
|M*|: 349
Depot
Market 179
4	13
9	1
11	11
16	4
18	2
19	12
24	12
25	1
33	3
37	1
43	1
44	12
46	6
47	4
50	12
56	11
64	8
73	5
79	6
80	15
87	9
88	7
99	7
101	11
104	7
106	2
111	3
116	7
121	6
126	12
138	2
144	5
145	1
146	4
148	9
156	8
160	1
161	11
165	9
174	7
177	1
178	6
181	15
184	15
185	15
189	2
195	12
196	8
198	11
200	4
Market 126
1	3
2	4
4	10
55	2
57	11
60	7
65	5
76	13
111	3
123	1
129	3
143	13
145	10
153	2
158	4
167	15
174	11
187	12
190	3
Market 84
39	10
42	8
46	11
49	3
56	14
69	11
77	8
83	14
91	11
94	2
99	9
101	8
120	2
124	10
126	14
129	6
134	12
151	13
155	11
157	5
160	7
161	3
165	13
172	9
183	4
185	2
186	11
187	7
189	5
Market 111
3	10
6	11
8	9
11	9
19	10
25	12
27	9
30	1
32	1
34	4
38	12
41	2
46	13
49	3
56	12
64	10
70	4
73	10
86	4
91	13
94	3
96	5
99	15
100	3
103	14
105	6
106	6
121	11
125	14
126	15
132	12
137	4
149	14
159	4
160	12
164	5
169	7
175	12
176	14
184	13
186	2
196	10
Market 132
4	15
15	13
30	11
33	9
36	1
41	15
44	2
50	4
61	7
69	3
86	11
87	7
107	1
111	5
121	9
123	2
126	14
143	8
145	3
151	7
153	10
166	5
177	15
180	14
183	10
184	2
192	8
196	13
199	8
Market 333
2	4
6	1
11	12
19	8
22	9
25	15
29	13
32	2
34	1
67	1
69	2
84	8
96	10
100	14
116	11
123	13
157	7
162	15
166	14
175	14
192	10
199	8
Market 317
1	6
2	14
4	15
9	11
20	7
27	3
30	6
37	14
38	7
41	10
42	4
53	15
57	11
66	5
72	9
77	10
89	10
96	4
99	10
102	2
116	4
121	10
123	11
128	3
133	3
142	1
146	12
149	3
152	11
153	11
159	3
160	3
170	6
174	14
176	4
185	14
189	4
Market 113
4	6
12	7
32	13
57	9
67	5
70	9
84	5
93	10
109	1
113	9
116	8
125	3
127	9
129	13
133	11
135	5
142	7
152	14
154	10
157	4
162	12
166	2
170	14
172	15
178	5
180	11
186	6
196	6
Market 259
17	10
25	7
34	15
38	11
47	3
64	9
65	13
70	6
75	10
84	3
89	4
101	10
106	13
110	9
121	10
123	8
135	12
149	10
158	6
176	2
185	14
187	7
198	12
Market 265
2	12
14	1
15	4
26	5
29	14
41	15
43	11
57	2
65	3
69	14
75	3
77	4
81	1
82	14
87	2
105	10
106	15
114	13
130	5
135	13
136	5
138	13
146	11
147	15
148	6
153	6
167	11
175	4
177	9
192	2
195	15
198	1
Market 116
9	14
12	7
15	8
19	11
36	3
39	13
46	7
48	11
51	12
57	5
69	6
70	2
83	8
88	13
90	7
97	3
119	14
121	8
123	8
126	13
129	12
133	11
137	14
145	2
148	6
152	13
155	5
159	14
164	7
171	9
174	9
176	2
177	11
184	2
185	4
190	1
196	11
Market 216
4	10
10	4
11	5
25	4
34	5
41	4
45	12
46	10
47	12
72	4
78	9
84	2
87	6
88	8
106	14
133	9
135	9
144	15
158	7
161	1
164	10
166	8
185	9
196	8
Market 193
2	10
15	11
18	2
26	2
27	15
30	4
33	2
36	1
43	11
49	5
50	3
69	3
70	10
72	8
73	15
76	8
86	14
89	5
95	3
96	13
97	14
102	2
106	10
109	13
111	9
116	12
122	12
129	10
131	11
133	4
134	4
136	13
140	7
148	15
149	15
150	3
152	9
155	3
158	11
165	14
167	4
171	6
172	3
177	6
Market 230
24	10
39	14
42	13
46	12
53	1
56	2
73	3
80	10
83	14
87	5
91	12
99	4
112	4
123	12
135	4
137	5
140	14
157	6
160	10
161	6
162	9
164	15
166	10
167	8
169	15
171	14
177	2
195	5
200	12
Market 304
19	12
44	2
50	2
56	1
89	9
116	13
124	15
140	14
155	2
174	8
187	5
Market 87
2	11
4	7
7	15
17	12
18	4
24	9
25	1
32	15
45	5
47	1
49	12
60	13
68	12
75	1
76	11
82	13
84	1
87	4
115	13
118	15
124	6
137	6
138	7
139	15
143	15
147	12
153	8
160	6
171	15
177	5
180	12
183	2
188	12
190	4
200	15
Market 3
3	3
4	11
7	5
9	14
24	7
25	9
26	13
30	15
34	6
36	2
47	10
49	11
50	4
54	15
57	2
60	8
61	7
76	3
82	1
85	11
88	5
89	6
104	4
105	4
112	1
115	11
119	7
121	13
126	12
132	14
135	14
148	1
152	7
172	5
196	6
Market 284
12	5
16	9
24	2
27	9
59	14
65	11
77	10
80	15
83	10
93	11
105	2
106	10
123	8
126	12
129	13
134	7
144	13
146	1
152	3
153	5
157	3
167	11
177	3
189	11
Market 324
2	6
10	12
11	8
14	13
15	9
17	6
43	12
44	6
45	7
47	10
50	1
60	14
67	14
70	2
72	4
77	13
81	2
84	6
89	11
90	7
94	5
97	12
106	5
111	8
113	13
116	6
121	15
126	5
128	5
129	6
130	4
134	8
136	4
145	12
146	12
148	15
153	1
162	15
171	2
172	1
176	5
177	13
180	6
189	8
Market 39
2	5
4	15
8	2
18	7
27	11
37	10
38	10
39	15
43	13
44	15
49	11
53	8
54	9
56	10
57	3
60	1
70	3
73	9
85	9
86	7
93	1
94	7
95	15
100	2
104	2
108	12
119	11
120	5
134	13
140	15
143	4
145	14
146	13
147	9
148	3
149	2
153	5
154	14
155	5
157	6
159	13
160	12
165	9
167	5
169	6
170	8
172	11
174	11
175	8
176	4
182	4
188	13
Market 225
3	5
15	13
30	4
44	6
59	4
77	13
87	14
88	5
91	12
95	14
99	5
133	1
134	4
137	8
140	2
145	4
146	6
151	11
153	1
158	6
160	8
167	5
168	2
169	10
180	13
190	1
199	10
200	3
Market 334
3	13
8	13
32	8
33	13
44	12
45	10
54	8
60	6
64	11
81	7
105	9
106	12
113	2
124	2
130	4
133	8
144	13
149	12
157	12
160	4
166	9
172	6
181	9
189	15
190	1
196	15
200	7
Market 168
14	6
23	13
25	5
32	12
45	5
46	15
47	12
50	13
60	6
65	4
67	8
70	7
80	2
88	10
89	11
104	3
111	1
114	2
116	6
118	6
125	10
143	4
146	5
149	9
158	11
161	9
162	4
166	1
167	15
172	7
176	10
179	5
188	13
Market 23
11	7
12	2
16	9
30	9
35	12
53	1
72	13
83	5
85	10
88	8
91	12
96	14
104	2
113	14
127	2
129	7
130	9
134	10
143	1
147	9
154	11
167	9
177	6
181	10
185	8
198	1
Market 196
8	11
11	13
18	11
30	8
33	2
38	3
41	1
43	6
45	1
50	11
57	5
65	8
86	1
89	10
93	8
105	11
119	7
121	4
124	4
126	15
136	12
145	4
148	12
149	3
152	5
165	13
168	5
171	7
176	1
180	10
183	15
187	3
189	12
198	11
199	5
Market 323
10	3
14	9
21	8
28	5
34	15
41	4
46	13
49	13
70	15
83	6
89	13
103	14
121	14
123	15
125	6
130	14
142	5
144	2
146	3
152	2
153	15
157	10
160	7
161	8
170	8
172	13
177	1
183	5
187	7
196	11
Market 219
11	3
18	3
26	13
27	1
30	9
32	10
38	14
41	4
45	9
49	10
60	14
68	11
73	4
76	8
77	2
80	3
86	2
96	12
101	15
124	8
133	2
136	7
140	11
144	14
149	11
154	2
156	8
158	7
160	3
164	4
167	3
169	4
174	12
181	8
185	2
200	10
Market 169
14	15
23	9
29	13
34	1
35	7
43	6
49	14
55	2
57	6
72	3
86	1
87	4
103	10
118	7
124	13
130	6
135	14
146	2
153	5
155	9
167	4
176	11
178	14
186	1
190	6
Market 130
3	6
23	3
47	15
60	13
69	9
70	15
81	15
83	13
89	6
93	14
100	2
116	5
121	8
128	15
133	9
137	12
138	1
149	1
152	12
160	11
169	8
170	13
175	1
183	11
199	6
Market 51
2	4
3	6
9	2
11	12
16	11
26	13
29	14
36	7
42	11
47	9
50	14
57	8
64	15
66	4
70	13
72	4
80	14
83	11
90	12
97	9
101	11
106	1
109	5
111	2
121	12
124	9
129	8
133	15
136	11
140	2
143	11
145	15
149	7
154	3
155	1
157	12
159	12
164	2
171	15
176	3
177	13
193	1
196	4
Market 114
1	2
2	5
4	11
10	3
18	15
23	3
25	14
35	6
38	1
45	5
49	5
57	15
67	3
75	15
79	2
84	14
88	13
138	2
146	11
149	10
156	12
159	11
162	10
172	1
173	13
186	11
187	6
192	9
198	8
Market 325
22	13
25	3
41	12
43	4
67	12
69	10
81	11
96	2
100	10
101	10
111	14
115	12
116	2
123	14
133	13
136	3
137	14
142	11
143	3
144	14
155	3
158	13
169	3
177	15
185	12
186	11
200	5
Market 252
3	5
6	12
9	1
16	14
24	8
56	7
64	11
73	3
77	8
89	9
106	3
123	8
125	12
153	6
158	10
160	12
172	12
175	13
184	11
192	6
Market 5
8	13
9	11
11	9
12	7
17	14
21	15
34	11
37	10
39	9
42	15
45	6
46	13
65	6
66	7
67	14
95	8
99	12
100	5
113	13
127	5
144	12
149	9
155	3
159	8
162	5
164	7
180	15
190	11
192	8
Market 122
1	6
2	7
4	13
9	7
24	11
37	10
39	4
46	15
63	1
87	12
95	10
108	7
116	7
133	5
145	14
172	13
186	1
190	15
192	4
Market 308
4	4
25	6
30	13
38	3
39	5
72	12
79	1
100	7
123	12
135	12
137	4
140	13
170	11
171	12
177	4
184	8
185	9
192	10
200	8
Market 189
5	3
8	1
14	12
15	6
30	4
46	11
57	11
70	5
72	1
75	4
76	7
82	5
84	3
87	8
89	3
93	6
100	11
103	4
104	13
106	13
111	9
113	5
118	14
121	15
123	11
130	3
133	12
134	10
135	15
143	5
146	5
147	7
154	3
156	5
157	11
169	6
174	10
179	12
185	2
186	8
187	14
189	8
196	12
198	3
Market 41
2	7
15	15
18	9
29	13
35	15
38	13
39	2
41	1
43	5
47	14
50	9
52	9
60	2
63	2
70	15
77	12
83	14
88	15
89	10
93	11
95	15
105	4
106	15
111	14
112	14
115	3
123	4
124	9
126	10
134	14
135	15
148	8
149	6
154	9
158	14
161	3
170	5
177	13
186	10
187	8
196	14
198	5
Market 290
4	3
8	1
25	4
34	7
57	4
60	6
81	7
83	10
101	6
102	3
106	10
125	10
137	13
153	3
160	1
166	15
171	14
177	10
180	1
183	3
192	10
199	5
Market 18
11	6
29	15
32	12
43	4
50	14
58	15
101	9
119	7
123	12
126	13
134	2
143	6
154	3
158	5
164	1
167	12
176	7
177	14
181	11
Market 150
12	12
53	13
56	12
60	8
81	1
87	4
99	13
102	2
113	5
124	9
125	11
148	9
155	9
157	14
159	6
166	5
172	6
174	15
176	4
180	7
185	2
192	8
Market 2
33	13
35	1
45	2
55	5
57	14
77	4
82	1
93	6
105	10
111	5
119	14
143	3
153	10
157	11
158	1
160	10
165	6
180	3
192	14
Market 44
2	14
4	8
25	1
29	11
43	5
45	12
49	2
75	9
81	6
89	4
106	10
113	15
130	4
135	8
137	9
142	13
158	9
180	8
186	3
190	1
192	4
200	8
Market 181
10	6
15	13
31	14
33	15
35	12
38	5
41	1
42	13
46	13
52	4
54	5
56	10
64	4
69	3
70	14
73	14
74	4
77	2
78	9
83	12
86	9
88	14
91	5
95	3
99	8
102	3
106	5
112	13
113	12
116	11
120	8
121	10
123	14
124	13
125	7
126	7
127	13
130	8
131	10
132	11
134	7
143	2
144	7
145	5
148	5
149	13
154	5
159	8
161	1
164	1
173	8
198	8
Market 336
2	1
9	1
11	7
26	3
30	7
41	13
43	12
45	4
46	11
55	12
68	7
73	9
80	6
86	5
88	14
93	3
96	12
111	6
129	5
134	15
136	12
148	4
149	3
153	4
154	15
157	13
160	11
161	4
164	3
171	10
175	7
177	6
180	13
184	2
187	2
192	15
196	7
199	13
Market 164
4	13
19	14
39	15
44	9
47	13
65	14
86	7
90	11
101	11
119	9
126	7
134	1
136	1
148	5
152	5
155	13
157	1
172	3
180	1
184	8
189	9
193	1
196	1
200	2
Market 332
4	2
5	10
19	11
24	7
33	3
42	14
45	1
59	2
94	3
116	10
123	3
126	12
132	13
134	7
140	11
145	4
155	1
166	2
181	14
186	8
192	7
Market 21
2	5
5	7
12	11
14	5
24	2
28	3
40	13
41	15
46	7
67	12
74	7
78	9
92	8
103	13
121	6
137	11
152	6
161	1
167	3
170	3
174	14
185	14
189	7
195	13
Market 59
2	3
7	3
9	8
21	11
24	6
25	1
32	4
33	6
41	6
57	6
67	1
69	1
83	5
87	5
89	2
96	13
103	11
125	10
127	5
133	3
140	10
142	5
146	13
148	14
155	12
158	8
176	10
180	13
Market 129
9	6
36	10
44	7
53	8
67	10
69	15
73	5
81	14
96	8
97	2
105	13
109	1
124	9
125	15
129	10
132	12
133	9
143	10
146	3
153	2
157	3
160	11
166	5
167	6
169	6
176	14
178	5
190	11
192	4
199	6
Market 213
8	3
12	13
24	8
26	6
30	8
50	9
61	6
77	11
83	4
86	11
87	3
88	6
97	8
101	13
126	1
133	5
144	5
157	9
159	13
167	6
171	3
176	5
184	8
196	4
198	5
200	10
Market 70
11	4
19	8
24	2
41	12
43	10
45	2
72	9
75	9
86	7
88	9
89	9
94	7
109	3
112	14
113	1
121	4
124	12
126	8
135	9
137	3
140	6
144	11
152	15
157	9
158	14
172	5
175	14
187	5
195	7
Market 307
9	14
11	7
12	12
15	12
26	10
30	11
38	4
42	1
45	15
49	6
56	10
60	2
73	9
77	4
78	10
86	7
87	5
91	1
97	4
101	6
121	6
124	10
127	5
130	4
142	9
145	14
153	4
154	6
157	6
161	10
173	10
177	6
180	1
184	8
186	11
188	14
189	15
196	4
Market 322
3	10
8	14
11	13
53	1
56	11
71	5
80	1
83	6
101	6
105	8
116	5
135	9
159	5
161	14
167	5
171	15
174	4
175	12
189	4
190	2
Market 205
2	7
4	10
9	12
11	10
17	4
25	2
29	2
30	13
33	15
39	12
41	7
43	11
46	5
51	9
64	14
65	9
69	5
70	8
75	4
78	5
80	12
87	15
88	3
89	11
91	15
93	9
96	12
99	14
105	9
110	10
119	10
125	9
128	7
135	15
140	12
144	5
145	15
151	7
153	3
155	2
157	13
162	3
172	6
184	13
185	8
199	10
Market 31
4	1
32	1
39	8
41	6
44	6
46	13
50	8
56	1
73	5
83	2
88	10
93	1
96	9
99	10
101	10
105	3
106	12
111	2
116	7
120	13
121	5
123	13
129	5
140	14
144	13
149	6
152	8
156	6
166	10
170	13
171	1
176	7
182	5
191	14
192	10
Market 13
8	12
10	6
12	3
19	6
24	6
26	2
29	4
42	12
49	15
68	5
69	13
80	12
83	5
86	10
88	9
91	1
96	8
99	6
105	11
106	7
111	2
113	8
115	15
120	2
124	14
125	6
127	10
130	12
136	5
140	14
145	2
146	3
148	9
153	1
154	11
157	6
159	15
172	11
177	14
178	10
183	5
185	8
197	4
Market 327
4	15
10	5
14	9
16	8
39	4
46	13
49	10
64	11
73	5
78	12
83	12
108	4
113	5
155	4
156	5
166	2
174	15
176	6
180	7
185	6
Market 218
3	12
8	8
9	1
32	2
41	13
45	3
47	3
59	8
61	5
65	12
69	14
70	9
72	11
73	9
77	8
83	15
86	1
89	9
96	9
97	15
101	11
105	12
113	11
122	3
125	3
126	9
129	15
133	8
145	14
146	2
148	9
149	5
150	9
154	13
161	11
162	3
167	11
168	10
172	2
176	2
183	7
185	1
186	15
190	5
198	15
Market 77
4	6
5	4
25	12
29	10
30	1
33	3
35	11
37	6
43	15
57	4
60	13
65	2
70	9
72	4
85	6
89	12
101	3
111	5
131	5
149	12
154	7
170	2
179	12
196	2
200	5
Market 106
8	10
12	3
27	9
40	13
41	11
43	4
46	11
60	10
73	10
83	6
87	8
99	1
105	13
116	9
121	14
124	2
126	5
127	8
148	12
151	6
152	2
156	6
164	6
184	13
188	10
189	8
190	4
196	7
Market 6
4	2
11	11
23	1
24	15
35	15
38	9
41	9
43	14
45	3
50	11
54	8
68	14
72	6
79	15
80	4
82	13
83	14
87	10
103	15
104	15
110	10
123	5
124	6
125	15
126	5
129	12
130	11
133	10
134	9
135	11
143	2
147	15
149	5
155	9
164	13
169	5
171	6
175	9
185	9
186	8
189	5
Market 53
8	8
12	15
19	14
33	15
35	5
41	15
42	10
49	11
50	13
59	2
61	9
64	13
69	1
82	10
95	6
97	11
99	15
106	3
116	11
129	14
134	12
135	6
146	15
151	3
152	9
153	11
157	1
160	7
161	4
167	8
170	11
174	10
182	14
188	3
189	14
190	14
Market 257
4	4
27	4
32	3
39	10
43	6
45	4
46	7
65	14
69	5
70	13
73	4
77	2
80	10
83	1
91	4
93	4
99	7
101	12
106	7
108	11
123	1
144	8
151	7
152	15
180	6
192	11
197	15
Market 151
5	12
8	7
9	12
23	4
25	14
35	7
43	12
45	3
49	8
50	3
64	14
72	14
79	6
88	7
96	6
110	2
113	7
114	8
116	9
127	12
129	15
156	5
167	15
168	13
170	3
171	12
176	14
189	3
Market 245
2	4
5	2
8	13
11	2
19	14
26	3
30	7
36	6
41	9
44	5
46	11
58	8
83	14
86	7
87	15
97	2
105	3
115	7
119	14
129	9
140	2
143	8
150	9
175	6
186	5
Market 242
2	15
10	9
25	3
28	3
53	13
57	11
78	14
81	2
103	9
123	12
130	3
142	2
145	9
152	13
160	6
167	1
168	5
171	6
173	8
184	3
187	3
189	6
Market 152
9	12
11	11
14	4
23	4
25	1
32	6
45	2
49	13
57	9
70	1
75	3
79	12
85	2
87	15
88	13
89	7
93	3
106	13
115	8
121	13
125	9
126	14
135	15
138	13
143	1
144	9
154	8
158	3
159	5
164	1
171	9
175	9
176	5
177	11
188	1
189	13
198	2
Market 144
4	15
7	4
12	8
27	3
39	15
42	15
44	15
45	3
53	10
56	10
57	10
59	1
64	8
65	6
95	10
101	4
144	4
149	14
153	14
158	14
160	12
161	15
168	8
170	10
172	14
179	14
183	14
184	10
186	13
189	12
196	7
Market 67
8	11
10	2
14	4
15	10
19	4
29	11
32	2
43	7
44	14
45	3
47	1
50	2
54	15
56	13
64	9
65	1
68	12
72	2
78	14
79	3
82	12
86	5
88	3
89	2
93	10
101	9
106	5
113	1
115	4
122	14
123	12
129	14
133	11
134	8
135	15
140	9
145	1
146	5
148	12
149	12
160	15
165	14
170	7
171	14
178	8
183	15
187	10
193	14
196	15
Market 55
3	11
9	14
10	15
18	13
25	3
34	11
57	3
61	13
69	7
77	10
80	3
85	4
88	10
93	12
105	14
116	10
130	4
134	13
137	3
138	8
140	2
142	11
144	9
145	2
148	7
151	2
156	13
157	9
161	1
166	15
168	11
170	5
172	5
178	2
179	9
190	2
195	5
198	7
Market 95
2	7
4	7
19	2
37	6
39	7
63	2
71	4
73	6
77	15
88	14
91	3
93	6
95	6
97	4
105	14
108	4
111	15
116	7
119	6
120	3
123	9
126	6
134	9
137	11
140	3
145	11
148	3
164	9
186	4
187	5
189	3
190	14
192	8
200	11
Market 222
49	11
57	4
111	1
114	5
123	2
133	1
152	6
157	6
162	12
165	7
174	4
181	10
190	3
Market 212
9	13
18	11
24	7
26	2
41	4
45	4
46	8
64	12
65	2
69	9
73	13
82	8
96	11
106	9
109	14
111	6
113	1
115	5
116	9
118	5
134	12
136	15
137	14
140	8
143	11
148	14
154	2
157	4
161	11
180	12
186	9
198	6
Market 102
11	14
38	7
41	5
67	11
74	3
87	13
89	13
92	11
109	10
130	5
135	7
144	15
146	8
155	9
157	8
159	6
161	13
169	2
171	11
177	15
178	1
180	13
190	10
192	14
Market 301
11	5
12	5
17	10
25	12
27	3
30	11
34	1
37	13
39	11
49	11
56	8
59	14
66	9
70	5
71	13
73	3
77	11
80	6
83	12
87	9
88	14
91	8
92	3
95	4
99	8
101	13
105	10
109	1
113	3
120	13
125	6
126	10
130	4
141	4
146	13
148	13
161	6
165	2
172	15
183	6
186	1
187	8
198	14
Market 35
9	7
11	14
12	7
18	2
19	14
26	8
30	7
36	4
38	4
39	6
43	15
44	4
68	6
70	12
77	12
83	4
88	6
90	5
93	11
94	1
121	3
132	3
140	9
148	2
149	11
153	9
161	8
165	1
177	1
180	13
185	5
190	2
200	5
Market 159
8	6
11	7
19	10
22	13
26	4
44	12
47	6
54	12
56	2
57	2
59	13
61	7
65	2
67	9
70	14
75	13
84	9
87	15
93	15
103	1
113	6
130	10
135	5
137	1
140	8
144	11
149	15
153	1
158	9
159	12
166	5
168	13
171	11
172	2
174	10
176	14
183	12
190	1
192	4
Market 310
3	3
11	2
15	12
19	2
33	11
36	11
70	4
77	5
80	5
86	2
107	2
116	10
119	15
145	8
148	3
153	8
154	11
160	13
161	8
162	7
166	2
169	4
174	2
184	1
186	13
198	7
200	6
Market 12
2	14
4	11
6	11
8	12
32	15
35	4
49	2
50	8
57	3
60	8
64	4
76	7
80	6
85	12
88	7
93	14
96	6
101	10
105	12
113	5
115	15
118	5
137	9
138	9
140	1
149	8
170	13
174	1
176	5
192	6
Market 246
2	11
5	4
37	3
46	2
49	2
53	6
59	5
65	3
69	3
83	10
88	11
93	12
99	15
101	3
116	6
126	7
140	2
146	2
151	5
153	9
155	1
157	5
160	9
165	7
171	4
172	4
178	15
187	5
190	7
192	9
195	11
Market 46
10	15
12	9
24	9
39	4
41	10
48	2
51	6
56	8
65	11
73	1
77	6
80	3
88	2
101	9
105	9
119	1
129	1
132	14
140	2
159	9
160	12
161	12
166	2
168	11
169	6
173	9
183	6
187	11
189	15
190	5
192	2
196	8
199	12
200	11
Market 331
2	7
4	10
10	15
17	4
19	12
20	15
32	4
33	6
39	12
46	9
53	1
56	6
61	10
68	1
74	14
80	14
87	11
101	8
105	15
111	8
113	13
115	3
116	4
123	1
126	6
129	11
133	7
135	13
144	13
145	4
149	11
154	7
156	1
161	9
164	5
172	12
173	2
175	11
187	2
188	9
192	8
200	10
Market 85
6	13
19	11
30	15
59	9
69	11
77	4
91	6
99	9
102	10
113	9
125	5
130	11
140	10
144	10
148	7
158	2
173	14
184	12
189	12
198	2
200	4
Market 346
1	13
4	6
9	5
12	14
23	15
33	5
35	2
38	4
39	1
43	9
49	12
60	5
64	15
80	3
83	7
89	1
115	5
116	3
124	1
129	9
130	1
137	10
138	9
140	11
143	3
145	13
149	13
159	10
165	1
167	6
171	5
185	2
186	2
189	2
190	13
Market 173
4	11
8	2
17	3
43	9
57	4
70	10
71	15
72	3
93	6
95	14
106	2
116	14
133	14
137	12
144	1
156	9
160	2
168	7
169	1
172	11
175	13
180	4
188	15
Market 162
7	8
11	6
14	5
34	4
35	1
49	7
50	14
60	2
70	4
72	3
78	7
80	14
96	4
100	5
110	10
115	15
123	7
125	15
126	9
129	3
130	14
152	9
155	12
157	11
159	15
161	12
196	3
200	9
Market 83
2	7
8	4
17	11
26	12
30	4
32	7
33	1
41	3
49	6
56	15
64	9
65	12
68	14
73	9
80	5
83	1
87	7
97	8
105	13
106	3
111	12
126	4
129	12
133	4
136	12
143	5
146	3
159	2
160	4
166	1
167	5
176	3
178	10
185	1
186	8
193	11
197	6
Market 289
1	7
4	8
6	1
12	12
24	13
29	12
30	10
35	6
38	12
39	15
42	14
54	13
57	4
60	6
62	7
72	1
77	7
86	14
94	8
99	4
112	6
116	7
118	10
123	13
124	7
126	4
132	9
134	6
144	11
145	10
146	3
148	12
149	14
154	10
160	2
166	15
167	5
169	14
180	8
184	5
186	6
190	8
192	8
Market 344
1	1
4	8
17	9
20	7
34	8
38	11
46	8
60	14
64	13
66	8
74	13
88	14
121	7
130	6
146	8
148	12
149	5
153	9
171	3
180	6
182	6
191	7
193	5
Market 299
2	3
11	13
16	7
23	3
25	13
26	1
30	2
32	11
33	1
38	10
39	8
42	15
43	13
45	5
47	2
60	12
65	2
67	10
69	10
71	8
72	6
77	13
78	11
87	2
94	5
95	10
101	13
106	12
119	15
125	10
128	7
136	14
137	10
145	13
156	3
160	15
166	11
172	8
174	9
179	10
185	8
187	3
189	13
191	11
196	14
197	11
198	1
Market 337
18	5
26	4
33	10
41	13
46	10
47	1
48	8
59	4
69	2
73	10
77	6
79	3
88	6
89	10
93	2
100	9
105	3
107	15
119	2
121	1
123	7
129	13
154	7
162	15
170	15
176	8
179	3
182	13
183	7
186	4
190	4
195	15
Market 198
6	13
9	15
11	14
12	2
30	14
33	2
37	10
39	11
43	11
44	7
53	11
56	8
59	13
71	3
80	7
91	14
116	3
135	2
146	6
154	10
169	10
176	12
Market 214
8	4
10	3
41	7
43	1
88	9
93	12
113	1
116	12
146	2
148	14
155	2
158	13
167	5
178	2
184	13
186	4
188	6
192	14
197	7
200	8
Market 279
3	10
8	15
9	8
15	4
16	3
17	9
30	14
34	2
36	7
44	7
51	13
60	12
64	13
67	15
68	5
71	9
72	7
73	3
75	5
89	5
99	3
100	12
111	15
112	5
119	1
120	8
123	3
124	1
126	14
130	5
137	13
149	4
151	14
155	6
159	9
160	2
162	13
169	8
171	9
176	8
177	1
189	14
192	4
200	11
Market 153
8	8
18	9
26	4
37	13
42	5
47	14
50	7
53	12
57	10
65	15
68	14
77	7
80	8
86	13
87	3
91	4
99	12
101	6
102	6
109	8
116	9
120	15
121	2
123	13
135	7
143	2
149	7
153	10
155	2
157	9
158	15
159	8
161	9
162	12
164	2
165	8
169	8
170	12
178	12
183	6
189	2
190	11
198	15
200	8
Market 60
2	7
8	8
11	11
14	6
18	13
23	15
25	4
32	9
43	6
49	5
54	2
60	4
70	5
72	13
75	6
84	10
100	1
116	12
130	5
143	4
144	11
153	13
168	6
170	12
175	10
190	9
192	1
198	2
Market 248
2	3
5	9
8	9
9	5
11	15
22	13
29	8
38	3
46	12
49	4
57	10
69	4
75	14
81	9
100	6
106	5
116	10
127	2
130	15
142	11
146	13
152	1
156	8
157	9
164	15
167	5
168	14
172	13
176	13
184	1
185	2
186	1
196	8
200	15
Market 217
11	11
16	15
19	15
25	4
26	9
33	13
38	10
42	15
43	15
45	14
57	8
68	3
70	3
71	7
72	14
73	9
83	3
89	14
96	6
100	7
115	13
120	1
126	4
131	12
149	7
152	5
153	14
158	3
161	3
165	10
168	14
170	8
172	10
178	6
186	4
192	4
Market 88
2	11
7	7
9	2
11	2
26	3
32	1
45	11
56	9
82	3
83	7
86	13
88	11
89	4
96	15
106	15
121	9
134	5
144	7
149	15
152	8
153	13
155	9
156	2
165	14
166	2
169	6
176	14
178	8
186	5
190	10
192	5
Market 14
8	9
10	4
24	8
42	14
57	15
83	12
86	8
88	5
105	5
124	5
137	1
151	14
161	5
169	13
185	4
189	1
190	5
198	8
Market 104
5	9
18	8
32	13
45	11
47	15
50	12
76	7
82	12
88	6
124	15
143	13
145	6
170	8
171	15
184	14
185	10
Market 30
26	15
33	4
57	11
61	12
70	8
72	9
77	13
81	3
87	8
106	4
107	4
121	11
125	11
129	10
130	1
145	5
149	8
161	1
172	9
190	14
196	8
Market 174
9	3
16	2
19	10
29	13
38	14
39	13
45	11
46	8
47	6
49	2
50	6
54	5
59	1
69	4
71	3
73	3
76	8
80	1
83	7
85	12
88	3
89	14
91	9
95	8
126	12
159	3
165	9
167	9
176	3
179	14
186	4
189	15
193	9
Market 221
8	7
11	2
15	6
22	7
24	14
26	13
32	12
41	7
45	15
49	14
54	4
69	11
72	4
75	9
78	8
83	14
89	5
96	5
101	3
106	4
116	11
123	2
124	15
126	9
129	1
134	8
140	10
142	6
146	11
153	8
174	13
175	11
185	15
Market 269
12	7
14	5
21	9
32	3
34	8
38	14
43	1
44	14
45	8
65	13
69	14
73	14
83	13
90	11
96	1
100	14
105	3
106	5
107	15
109	14
112	14
113	9
119	6
121	15
126	1
133	15
140	3
144	6
145	5
148	15
149	5
152	6
167	1
175	7
180	11
186	13
190	6
Market 134
8	8
13	3
25	13
27	8
42	8
64	13
70	3
81	7
88	12
96	7
99	2
102	13
123	2
127	13
144	13
149	14
152	13
155	7
158	13
161	14
170	12
171	4
172	3
178	11
185	8
189	2
Market 22
1	15
3	10
8	9
11	3
17	1
24	5
25	14
54	1
65	13
72	9
80	10
88	1
116	14
125	3
154	9
157	1
158	11
172	2
174	10
196	14
199	3
Market 292
29	7
45	1
46	8
57	2
60	11
67	6
72	10
87	5
96	6
104	2
111	6
116	10
118	2
121	4
124	12
129	6
133	10
138	6
152	7
153	8
155	1
157	10
178	8
Market 4
3	1
11	1
32	1
33	6
38	9
41	2
42	10
57	10
60	6
71	4
76	14
77	5
83	4
88	12
97	4
105	14
113	15
115	10
120	14
123	10
130	6
133	8
135	8
144	3
148	15
153	1
164	7
171	3
176	12
186	8
198	9
200	6
Market 243
2	2
3	3
11	4
14	8
17	6
19	4
22	2
24	14
26	8
29	5
38	7
42	13
46	6
50	14
53	10
54	6
56	13
59	3
60	15
67	6
69	13
73	3
75	4
77	3
84	4
95	2
106	3
108	4
110	5
111	8
124	5
128	12
130	4
135	1
137	1
140	9
145	3
149	1
154	10
165	6
166	5
167	5
169	15
172	2
173	9
178	3
181	2
182	3
184	10
185	5
187	10
193	15
198	13
Market 75
2	3
14	8
24	13
25	3
28	9
29	7
32	3
38	5
41	8
45	7
53	9
64	3
69	2
70	12
87	9
89	5
92	7
96	1
101	1
103	14
110	6
121	8
124	10
129	4
140	5
145	13
158	11
161	3
171	15
175	11
189	15
Market 220
3	1
5	7
8	3
27	2
53	7
69	1
89	14
93	10
102	8
106	6
121	1
123	5
127	6
130	12
148	14
155	9
156	13
159	5
162	13
170	13
172	8
176	8
178	9
180	6
185	5
186	10
189	2
196	5
Market 251
9	10
19	14
26	2
42	2
44	10
45	3
49	6
51	1
56	2
57	5
60	10
61	5
65	6
73	11
98	4
107	5
124	13
132	1
133	14
137	2
152	14
156	2
161	5
172	4
177	15
182	7
185	10
189	14
198	13
Market 178
8	2
12	9
22	5
24	3
34	7
43	13
49	3
54	7
57	13
67	8
69	11
70	4
75	2
78	6
81	4
100	11
116	1
133	2
146	6
152	15
154	2
159	12
166	12
172	4
173	9
182	5
184	14
187	1
189	9
190	13
192	13
Market 238
4	9
9	9
10	10
29	1
47	9
54	11
87	9
104	13
113	10
116	7
133	6
135	1
144	11
148	7
152	1
153	13
158	7
160	14
161	11
163	5
169	8
172	13
184	4
186	6
192	5
Market 183
8	2
10	14
14	1
28	12
38	9
41	8
43	6
46	12
49	4
53	6
57	6
60	13
69	8
72	2
81	14
87	15
88	12
89	13
93	14
96	7
106	9
109	15
123	10
135	6
140	7
144	7
149	6
152	2
159	7
160	6
167	4
169	11
175	6
176	14
177	3
180	14
184	15
190	6
192	13
Market 170
15	4
36	3
41	1
46	5
61	2
69	5
70	15
80	13
86	2
87	12
88	15
91	7
97	10
105	14
106	14
112	11
116	8
125	2
134	8
135	12
137	5
140	7
145	3
146	3
151	7
160	10
161	2
166	10
167	7
169	2
171	14
174	14
175	11
185	9
193	4
Market 135
3	15
11	2
12	7
32	10
38	15
41	12
44	2
45	2
53	9
60	8
70	5
72	2
73	15
75	4
77	10
81	12
87	13
89	4
95	13
110	3
120	9
125	7
129	5
137	13
144	5
152	3
154	15
159	6
162	8
166	11
171	6
172	6
189	5
200	14
Market 302
2	3
19	9
33	1
38	6
43	4
54	5
57	1
73	2
89	1
93	4
103	6
113	10
130	10
133	11
135	11
142	2
153	6
166	5
169	9
171	6
174	14
185	3
188	2
199	15
Market 295
2	8
12	13
33	12
34	3
41	10
53	12
59	13
64	6
68	8
86	13
93	12
101	12
106	13
108	7
113	6
135	2
143	15
149	10
157	9
158	3
170	13
174	2
177	14
185	8
186	14
Market 121
8	2
9	7
30	15
36	14
58	5
69	13
70	10
73	10
83	1
94	5
107	14
121	1
134	4
135	1
136	11
144	5
145	2
148	7
149	4
150	14
153	12
155	5
159	14
160	7
161	7
175	11
189	11
192	12
196	8
Market 89
2	4
4	11
8	14
11	14
12	8
24	3
26	8
27	4
36	9
39	10
42	6
47	6
48	7
49	12
59	14
60	13
65	9
71	10
80	12
94	5
97	1
102	7
106	15
112	3
121	11
126	10
129	7
133	12
137	11
146	14
148	7
151	5
156	8
162	10
166	10
170	2
171	12
189	13
190	13
196	3
Market 215
3	4
8	8
10	6
15	4
19	6
21	14
26	4
28	13
30	4
38	3
69	6
73	3
81	4
83	1
87	7
97	5
100	6
103	14
109	1
113	6
124	3
126	12
127	10
135	13
137	6
142	3
144	1
146	1
153	14
158	7
165	3
168	9
178	4
190	5
193	11
198	10
Market 155
2	11
27	3
71	4
83	4
87	6
93	11
116	12
123	11
125	14
126	3
130	14
137	1
148	7
157	8
169	5
171	6
176	4
181	15
192	1
195	4
198	4
Market 91
1	5
11	7
14	9
15	6
21	10
25	6
26	8
27	6
36	12
46	3
57	4
60	8
66	1
70	15
71	6
73	6
74	8
77	14
80	1
83	5
87	9
90	9
92	11
113	10
119	3
122	1
125	11
126	7
134	7
135	8
137	12
142	9
143	7
144	6
146	6
150	3
157	11
171	1
176	2
184	13
186	2
187	9
188	13
190	8
192	3
196	12
199	10
Market 145
9	11
14	13
19	3
30	5
46	3
50	12
60	5
64	3
78	13
83	14
92	4
100	12
103	5
111	3
115	13
123	15
148	3
158	1
172	13
174	14
175	12
190	13
192	11
193	12
Market 224
9	9
15	8
26	5
43	12
44	4
49	6
51	4
57	11
80	6
99	1
106	12
119	3
135	9
145	5
148	14
164	10
192	15
Market 148
4	14
8	5
11	5
30	2
36	14
45	5
46	9
49	3
70	2
73	5
80	15
107	1
116	7
122	3
123	11
126	14
134	3
140	4
144	3
148	5
150	13
154	14
155	6
157	6
158	14
159	1
170	2
172	5
192	2
200	15
Market 211
18	2
29	13
32	6
49	12
60	9
67	1
69	9
88	9
109	4
125	14
130	12
146	8
152	14
154	9
158	12
172	10
174	15
177	10
185	15
192	14
200	10
Market 76
5	5
11	14
14	8
17	5
29	9
32	12
41	11
46	3
47	5
57	13
81	5
103	11
106	2
113	13
116	15
121	4
125	7
142	2
144	9
153	7
155	5
157	10
158	5
174	1
176	7
177	6
178	8
182	5
189	6
198	11
Market 19
5	6
11	13
24	7
33	6
42	10
46	14
51	10
52	7
56	2
61	3
62	14
70	7
80	10
94	14
97	15
115	1
119	4
120	10
126	5
129	1
137	15
145	3
159	5
168	12
178	3
180	4
185	10
190	6
Market 45
10	5
11	15
41	10
46	4
49	4
55	8
60	8
69	14
70	5
76	15
82	10
83	6
86	3
89	13
101	1
111	11
116	5
137	4
144	7
149	4
155	6
157	13
158	6
161	12
165	12
171	9
190	11
195	6
Market 280
3	6
12	5
29	11
57	10
67	6
78	4
100	15
103	4
106	14
116	13
130	9
137	6
153	12
161	15
166	1
183	7
186	10
189	7
Market 350
2	6
8	7
11	15
12	5
17	14
25	14
28	9
32	6
38	3
43	7
49	11
67	8
121	6
125	7
137	2
142	11
144	8
154	9
160	9
185	12
190	11
200	12
Market 233
8	1
15	15
35	4
38	12
47	13
54	14
68	14
69	9
72	14
76	15
111	8
124	15
135	7
137	12
145	4
175	3
Market 256
24	6
26	7
30	8
45	13
56	9
65	14
83	5
86	15
90	8
107	1
115	13
129	4
137	8
151	14
153	2
155	10
156	3
169	12
190	3
192	9
193	1
Market 268
11	12
33	9
38	10
44	10
65	1
71	15
72	11
80	7
87	6
106	1
135	15
144	7
168	12
184	15
185	6
195	10
199	10
200	1
Market 125
4	15
8	14
15	9
18	11
30	5
33	15
57	15
64	14
65	10
67	7
68	10
72	3
73	6
75	5
76	5
77	1
86	4
87	7
96	2
101	10
104	3
119	6
121	1
124	15
131	14
135	15
140	14
143	3
149	11
154	9
158	14
160	14
166	4
170	2
174	13
178	3
179	10
187	11
188	8
192	14
200	12
Market 190
4	4
32	3
43	3
46	4
83	15
85	5
93	6
101	14
104	5
118	1
123	5
131	15
135	10
137	8
170	3
180	15
190	14
Market 231
8	8
34	1
39	8
44	11
45	7
47	12
49	15
66	1
71	15
94	2
95	11
99	10
113	6
116	3
123	1
130	10
132	7
133	3
137	7
144	15
146	13
150	7
158	8
167	2
171	11
180	8
186	13
193	14
200	15
Market 204
4	6
11	13
14	4
27	13
34	1
38	10
45	14
53	13
56	2
57	7
66	9
70	7
83	9
104	5
106	9
111	1
129	6
130	7
133	2
149	5
154	14
168	11
171	3
174	8
187	7
Market 202
7	5
9	9
19	4
24	1
26	4
30	6
33	3
41	6
49	5
59	9
64	1
65	7
69	13
71	12
77	10
86	1
88	4
89	14
95	14
99	15
107	1
119	10
121	13
134	9
146	8
161	15
164	12
173	5
190	10
Market 10
2	6
4	1
6	15
12	11
27	10
37	15
39	8
57	8
60	12
69	6
83	3
87	3
95	10
102	6
106	2
113	13
121	10
123	11
125	6
129	2
135	7
141	4
146	13
155	8
157	7
159	13
160	3
161	5
166	13
167	14
176	3
179	3
180	8
185	9
190	13
196	9
Market 142
6	14
9	5
30	1
46	6
47	11
80	5
82	5
121	5
149	4
158	4
162	8
167	12
174	3
177	9
180	4
192	8
200	4
Market 201
12	5
16	5
32	6
53	7
56	10
57	3
59	4
64	10
68	5
69	4
70	4
73	10
77	13
89	13
91	1
93	5
95	12
99	2
112	5
116	9
126	2
129	10
148	15
153	8
155	15
158	3
160	7
162	7
174	14
183	10
192	7
195	4
196	14
198	5
Market 49
3	3
11	5
15	12
18	13
25	1
32	12
45	15
47	5
57	12
73	11
83	7
84	15
85	7
93	9
100	2
101	9
106	6
113	14
118	3
123	7
135	15
137	12
140	6
142	14
143	9
149	9
152	4
153	4
159	9
172	1
174	3
175	7
186	5
189	4
190	12
196	1
Market 244
10	9
32	13
49	10
68	14
85	13
101	3
106	8
115	15
121	4
124	1
129	11
131	14
140	4
144	15
147	11
152	3
161	12
162	13
165	9
185	10
192	2
193	15
195	15
199	7
Market 343
6	13
17	2
27	5
29	8
30	3
34	3
47	5
49	5
50	8
53	9
54	3
56	5
59	1
64	7
67	1
82	13
88	10
95	11
96	1
99	11
105	14
109	14
116	15
127	11
130	6
134	12
146	11
148	7
152	15
161	15
177	15
180	11
189	12
192	3
200	7
Market 25
4	7
8	5
9	4
12	9
17	7
25	8
26	11
32	11
38	4
41	3
46	7
47	4
59	5
60	9
63	10
65	3
67	1
68	10
72	3
88	5
95	15
97	13
106	6
112	2
115	5
120	6
125	7
133	4
134	8
136	6
145	12
151	2
167	5
169	6
170	2
191	9
200	11
Market 258
2	13
15	9
18	14
24	3
25	13
26	1
32	13
35	14
38	1
40	10
71	10
78	7
83	13
96	13
113	3
123	4
125	13
129	3
130	2
131	7
133	11
143	15
149	6
155	2
159	7
167	11
174	15
182	6
185	8
189	11
192	8
Market 94
26	8
56	6
58	15
60	9
73	4
82	12
101	15
105	8
111	13
115	2
122	8
135	8
144	15
145	6
148	11
169	7
172	5
200	14
Market 340
3	10
10	13
17	6
25	14
41	2
57	3
78	14
81	10
84	6
87	7
100	14
121	13
135	2
153	14
160	13
185	10
188	10
192	3
Market 277
5	13
8	14
19	5
24	5
26	10
30	8
33	15
35	11
39	3
44	12
45	11
56	1
68	10
80	12
82	11
83	8
88	1
90	9
107	1
111	4
121	2
123	13
124	9
134	6
137	12
145	14
161	15
165	5
166	7
185	9
187	14
191	9
196	11
Market 163
3	12
8	10
9	1
29	12
30	13
41	7
46	6
47	13
49	6
54	13
60	14
69	14
71	12
76	13
87	6
88	13
89	3
95	2
96	6
99	15
105	11
106	6
121	6
136	1
144	14
145	4
147	2
154	10
174	10
177	11
184	9
186	6
188	1
190	14
195	13
Market 311
33	12
41	5
42	6
44	11
53	11
59	4
64	7
65	8
81	8
108	15
116	6
127	15
130	1
133	5
135	6
137	15
144	10
146	9
148	8
152	5
153	6
169	10
177	8
178	4
184	7
192	12
198	11
Market 112
3	9
6	6
9	14
27	8
30	5
37	11
42	7
46	3
64	5
69	3
73	13
83	15
99	3
123	10
125	2
127	14
133	13
144	4
146	15
152	5
153	2
155	2
182	13
186	1
189	3
190	8
192	3
Market 63
17	3
24	11
28	5
44	10
56	2
69	1
71	10
72	8
75	12
78	3
80	2
87	2
88	4
91	9
109	11
120	11
126	9
133	3
140	6
156	9
157	14
158	3
170	6
189	5
200	3
Market 9
2	3
3	7
4	14
8	12
11	2
12	2
17	7
19	1
24	8
25	4
34	4
37	1
39	5
41	5
42	12
45	6
46	3
49	9
56	3
63	4
65	7
69	1
70	8
71	7
74	8
81	1
99	1
105	9
108	4
112	15
124	15
137	12
146	12
157	5
159	1
161	5
164	15
168	6
169	1
172	15
174	13
177	12
184	1
187	9
198	7
Market 147
4	1
46	9
49	15
54	15
67	3
70	7
76	9
85	7
93	1
113	10
115	1
123	6
127	5
144	10
146	4
147	15
152	12
153	11
157	9
161	14
162	13
171	5
177	13
188	9
189	14
Market 56
3	3
5	6
6	7
8	1
12	15
33	11
41	14
43	3
44	3
61	14
65	6
68	10
80	6
93	10
105	15
119	3
121	8
122	14
126	6
145	13
152	1
162	4
171	5
172	7
174	10
183	10
184	10
187	10
189	9
190	3
192	11
197	5
Market 271
6	14
8	12
9	7
10	8
19	1
30	14
32	9
34	7
44	1
45	7
46	11
49	5
69	13
72	9
77	6
80	6
81	11
85	7
87	1
100	1
101	8
104	5
105	7
111	3
112	14
113	13
118	7
129	7
131	13
133	1
144	15
152	4
153	15
161	7
167	6
170	9
171	8
176	7
184	1
185	1
186	10
189	12
190	8
200	6
Market 48
5	4
8	11
28	2
41	4
45	5
49	10
60	6
64	9
70	9
100	4
103	15
106	5
109	9
116	7
133	11
156	12
161	1
162	10
165	5
167	13
171	9
177	4
180	6
190	14
195	2
200	6
Market 38
2	14
12	1
17	14
25	11
29	4
30	2
34	15
39	15
45	12
47	4
49	14
50	8
54	3
57	11
61	13
64	12
70	3
75	9
77	6
80	15
81	6
88	5
93	8
94	6
103	13
106	7
110	4
121	6
123	11
128	14
130	12
132	8
137	13
140	7
145	5
151	3
154	11
159	11
165	4
169	4
172	2
174	14
178	3
186	6
189	14
193	9
Market 36
9	1
12	15
24	8
27	13
33	2
41	10
42	15
44	13
49	13
56	8
59	2
65	3
69	8
73	2
77	7
95	13
101	12
120	11
121	5
126	12
129	1
133	14
140	4
156	4
167	11
171	6
179	9
180	10
186	1
187	11
190	1
192	6
196	5
197	4
198	3
Market 176
1	15
2	5
8	7
9	3
19	9
27	13
32	5
38	13
44	6
45	14
46	12
57	12
59	11
63	12
73	5
80	14
83	1
88	3
95	1
112	5
123	1
126	4
133	3
149	11
154	14
164	2
167	11
176	15
186	3
188	12
198	14
Market 139
15	3
16	9
19	3
26	8
32	13
33	6
41	9
43	7
44	10
46	9
53	2
57	10
59	6
65	2
69	7
75	3
77	15
80	3
89	2
93	14
96	12
102	8
116	15
120	6
126	8
128	3
133	6
144	4
145	1
149	8
152	13
154	7
156	2
160	5
161	15
162	11
167	5
169	4
176	11
177	6
179	10
200	1
Market 254
3	10
4	5
14	4
17	3
23	1
25	5
45	13
49	5
72	15
81	3
87	14
93	3
103	15
125	5
128	2
133	9
137	1
143	14
146	10
152	14
154	2
156	2
159	5
161	8
162	7
166	1
169	2
178	2
179	9
185	9
186	15
200	15
Market 223
4	10
6	2
10	5
11	8
19	3
30	13
34	8
46	1
55	3
60	5
65	12
69	6
80	3
87	5
89	14
93	1
97	1
105	7
111	8
129	5
135	15
136	11
143	2
152	7
158	12
161	6
172	11
174	3
183	12
187	2
Market 237
4	4
11	9
14	15
19	10
24	2
25	15
45	4
46	5
53	2
54	4
59	6
67	15
78	9
88	11
89	7
99	10
109	9
127	10
133	4
140	2
156	5
158	14
166	9
175	9
176	3
184	7
190	2
192	4
198	15
Market 255
2	14
3	11
16	14
18	9
27	7
32	11
33	10
42	1
43	7
45	6
46	1
47	15
49	7
50	9
59	12
65	5
68	15
69	2
95	14
101	13
109	7
111	1
123	6
133	11
140	10
143	14
144	14
145	3
147	5
148	9
152	14
161	13
170	4
178	13
184	7
185	1
186	2
190	14
192	1
193	8
200	5
Market 247
8	13
12	6
14	14
17	12
20	12
25	4
34	1
38	2
41	5
49	9
57	15
71	10
74	15
81	15
88	3
92	14
106	1
123	10
127	8
130	3
144	10
146	8
149	10
152	12
154	15
162	1
170	7
171	12
174	11
176	2
177	5
183	5
186	4
190	8
192	3
199	4
Market 72
1	11
15	10
18	11
26	1
38	5
49	10
68	6
82	11
97	14
123	8
125	4
126	2
131	4
135	1
140	10
152	10
158	3
170	1
172	4
196	5
Market 141
9	14
10	7
11	6
23	1
24	3
27	3
29	9
37	13
38	11
39	7
44	13
47	11
53	10
59	1
60	3
63	9
67	1
69	10
71	14
83	8
89	13
91	4
96	6
99	2
101	14
104	7
105	8
113	1
117	8
120	7
123	8
129	11
133	3
137	3
143	8
145	10
153	7
155	11
159	10
166	14
170	15
182	10
186	3
189	14
192	14
195	10
Market 123
8	2
11	6
12	2
17	9
19	15
24	14
33	9
39	9
43	13
44	8
53	8
59	2
63	2
69	13
71	8
87	6
88	6
92	14
93	5
102	15
105	14
123	8
127	12
129	2
130	15
133	15
146	2
152	7
155	10
157	7
160	8
165	14
170	3
174	7
175	8
176	10
177	9
184	9
190	3
192	13
Market 191
4	3
5	15
11	14
12	9
20	15
24	2
26	12
27	1
30	4
33	6
34	14
41	4
46	8
56	5
57	15
60	14
64	2
74	12
83	2
92	15
95	13
101	13
106	8
115	5
126	7
131	2
146	6
153	9
156	9
160	8
174	10
175	11
180	14
183	10
187	11
193	2
Market 117
1	3
4	4
16	10
25	14
32	2
37	13
39	15
45	13
46	10
55	5
70	10
71	13
73	8
82	13
113	12
123	1
129	2
130	11
133	4
143	4
144	9
146	10
153	5
170	9
178	4
183	15
185	4
187	5
198	7
Market 11
70	12
81	9
100	14
101	9
106	2
116	3
123	11
124	15
135	11
146	1
153	1
155	6
169	6
178	6
Market 167
8	4
12	14
14	2
26	14
29	15
32	5
39	14
44	4
61	2
67	1
69	6
70	13
75	1
80	10
97	4
101	1
105	10
109	13
112	5
113	10
126	5
129	7
135	11
140	10
144	13
145	9
152	3
153	7
155	15
157	8
160	2
172	11
174	4
175	15
176	15
184	3
191	4
Market 100
4	2
19	13
24	10
30	10
36	13
38	1
45	12
49	10
70	14
83	2
94	12
101	6
112	7
116	13
145	14
152	13
155	4
158	8
161	12
163	1
167	2
170	5
177	9
180	13
186	4
188	8
190	2
191	1
195	5
Market 160
9	9
11	10
12	5
16	7
19	14
24	5
30	9
39	2
42	13
56	1
59	12
77	7
80	7
87	15
91	13
112	2
120	7
123	6
129	8
146	8
153	8
170	2
172	3
185	1
187	5
190	4
192	11
Market 73
10	14
11	4
14	5
15	6
17	10
19	9
24	14
25	6
34	11
42	6
45	5
46	12
51	1
57	7
67	12
77	4
80	12
81	10
87	14
88	5
89	15
94	14
96	6
101	7
113	8
121	13
123	8
126	1
129	4
130	5
133	4
134	5
135	10
137	9
140	5
142	3
145	10
146	2
151	9
175	15
178	2
184	8
186	2
187	5
190	8
193	1
Market 272
3	1
9	5
24	13
44	14
55	5
57	5
60	9
73	1
77	15
105	10
118	9
131	5
132	8
134	12
145	2
155	5
161	15
167	12
174	12
177	11
178	11
190	10
192	13
193	6
Market 267
4	11
15	11
24	8
25	8
26	3
28	4
39	2
42	12
43	5
51	5
57	1
59	4
61	12
70	12
72	12
81	1
87	2
88	10
91	12
94	14
100	13
109	9
140	13
146	5
158	7
169	2
170	2
177	9
184	9
185	7
186	7
187	1
188	4
196	6
198	15
Market 50
3	14
32	6
33	2
35	8
38	3
43	14
44	11
45	2
46	2
47	14
56	5
60	9
69	8
70	2
72	1
80	4
88	7
89	13
101	4
106	13
111	4
118	4
124	15
131	2
137	2
140	10
149	5
152	5
153	9
156	8
157	10
159	9
161	13
164	8
185	15
Market 33
1	2
8	14
14	15
25	6
27	3
38	6
45	7
46	2
47	4
49	5
66	8
72	2
74	4
75	3
88	11
89	8
95	6
96	7
103	2
109	5
111	4
116	3
123	1
130	9
133	2
135	4
141	2
149	10
160	3
166	13
175	8
176	1
187	12
192	8
196	9
198	1
Market 80
2	8
6	14
24	3
25	7
33	13
34	6
43	4
59	14
66	10
69	2
70	10
71	1
77	9
80	14
92	2
105	14
123	10
125	12
137	4
140	9
146	4
152	4
153	5
157	4
169	15
180	10
186	2
189	6
192	6
Market 138
11	14
18	7
24	10
32	1
33	2
38	3
39	10
65	1
69	2
70	15
73	2
77	13
80	14
83	9
93	1
105	15
106	12
107	10
111	12
126	4
134	15
135	5
149	12
153	10
155	15
167	3
177	6
189	14
190	7
197	4
Market 315
9	8
11	5
24	15
30	7
44	9
49	4
56	12
58	9
69	11
73	10
80	9
83	11
88	3
97	1
111	10
115	11
116	5
123	2
129	3
131	9
140	3
143	6
151	9
153	13
156	13
158	5
159	9
161	8
167	3
170	10
171	12
176	9
180	7
189	6
198	9
Market 17
2	8
4	7
7	12
8	11
9	15
11	11
23	11
29	15
32	2
35	7
41	12
43	7
46	10
60	4
64	14
69	2
84	5
87	15
103	8
109	2
116	2
123	4
127	14
135	12
137	3
142	15
146	6
148	7
152	1
162	14
167	2
180	13
190	11
Market 149
1	1
19	14
33	12
37	10
42	10
44	12
46	15
49	6
64	11
65	3
80	14
95	4
112	14
124	1
126	6
134	8
135	11
137	9
140	14
151	2
152	1
153	11
156	8
166	8
168	1
170	5
172	4
174	8
175	7
187	8
189	13
Market 110
15	2
24	15
25	8
27	11
32	6
35	14
38	2
47	12
53	3
54	3
70	6
80	14
87	2
89	2
93	2
95	5
104	13
126	2
131	7
134	6
143	5
147	10
149	6
152	8
155	8
183	5
184	11
185	11
189	8
192	5
199	7
Market 24
6	12
8	11
24	9
26	4
36	9
45	10
50	6
61	1
64	5
65	4
87	4
90	5
94	1
115	7
116	8
123	9
124	6
129	6
134	1
143	14
145	2
146	9
148	8
152	10
154	8
156	1
158	5
160	9
161	7
166	1
170	7
174	11
177	12
178	11
182	11
185	11
186	6
187	9
189	1
196	7
198	3
Market 253
6	5
9	11
11	4
14	4
17	4
25	1
28	10
29	3
34	6
38	1
39	7
41	11
45	4
57	12
60	13
67	12
70	15
75	2
77	3
84	8
87	5
88	5
89	15
93	11
106	7
109	3
113	5
116	6
127	13
140	6
142	10
152	9
153	9
158	10
159	11
160	5
166	11
168	4
169	14
171	11
175	15
186	11
188	4
Market 158
8	4
9	13
14	15
15	12
26	2
32	3
46	13
47	3
49	4
53	7
64	6
65	14
70	7
72	10
76	8
80	5
86	2
93	9
96	11
106	12
111	8
115	12
121	5
124	7
125	10
131	6
134	13
135	1
143	15
154	7
168	7
169	14
172	2
174	12
178	14
189	9
190	8
Market 305
32	15
34	9
36	6
46	10
49	10
53	9
56	3
65	5
70	5
75	1
99	10
112	2
116	14
123	1
126	14
129	13
133	3
140	9
144	5
145	9
160	11
161	10
170	11
190	3
197	15
198	5
Market 260
2	6
4	5
18	13
24	2
29	6
32	10
39	14
43	8
46	3
50	5
54	2
65	8
68	4
72	6
76	2
77	5
85	2
89	1
100	12
104	14
121	2
131	9
135	7
139	11
140	11
143	9
171	1
186	8
Market 62
2	12
6	10
8	7
9	4
11	15
19	8
24	12
26	3
32	4
38	9
41	5
43	5
44	2
45	4
50	2
56	7
57	9
67	5
72	12
73	6
75	13
78	4
83	10
89	6
93	11
96	4
100	4
107	5
111	7
115	4
116	6
121	1
123	1
124	13
132	7
151	15
153	9
164	4
165	15
167	13
171	11
173	10
174	7
176	15
177	12
184	14
192	7
193	4
Market 229
6	13
9	11
13	6
15	7
19	7
33	3
34	13
39	1
44	15
49	2
50	9
53	14
56	15
60	2
61	15
65	6
70	7
77	3
80	6
83	10
88	7
95	9
102	1
105	9
106	11
107	11
113	14
115	9
129	1
130	14
140	7
143	15
146	12
148	5
151	9
172	13
182	6
187	9
189	3
198	10
Market 65
9	7
15	5
24	12
30	7
38	6
41	6
43	10
45	13
54	11
56	13
60	14
65	4
67	14
69	9
77	12
78	4
80	7
87	1
89	12
91	14
99	8
107	11
112	3
123	7
126	13
130	14
133	10
134	11
135	2
137	10
149	9
167	10
170	11
176	6
196	8
Market 157
4	13
17	12
22	1
23	1
34	10
40	14
42	10
54	14
57	13
69	15
74	15
75	11
78	11
88	7
96	8
100	2
109	1
111	15
121	15
123	6
124	13
125	6
127	2
128	10
130	15
133	8
135	10
137	7
144	9
149	3
153	6
155	2
157	12
160	12
161	6
167	4
169	9
170	12
176	3
182	8
186	4
188	3
190	4
195	5
Market 52
8	15
9	10
37	8
42	8
99	9
101	1
108	14
116	6
148	1
154	1
155	14
159	15
160	1
193	15
Market 236
19	15
25	10
27	14
39	2
42	2
46	8
49	9
60	3
64	15
65	12
69	6
83	6
87	12
106	10
109	5
120	3
121	3
156	10
159	3
160	13
165	5
169	11
174	8
176	6
179	15
185	15
189	12
190	7
197	4
Market 281
3	8
6	5
9	13
10	7
11	7
14	6
16	5
18	3
25	5
27	11
33	11
42	5
46	3
47	11
49	14
53	5
56	11
57	5
63	15
64	9
65	7
105	3
108	14
120	1
125	4
129	9
138	8
143	8
148	14
149	14
151	11
157	5
158	15
162	3
171	11
175	11
184	5
196	4
Market 108
22	10
25	7
32	6
39	4
45	12
56	15
57	14
70	4
75	13
78	2
80	2
81	9
84	6
96	6
110	15
116	14
128	15
135	3
142	14
144	9
145	7
149	2
156	1
159	11
166	13
169	14
184	4
186	15
Market 180
11	10
15	14
19	2
35	9
36	15
42	13
46	7
52	9
56	1
59	9
65	7
69	13
73	3
82	11
83	12
88	9
89	2
94	2
99	9
101	14
107	3
119	6
121	3
131	4
145	11
151	7
153	4
158	3
161	4
167	9
169	10
172	8
174	1
175	7
180	1
183	4
186	8
187	8
189	12
Market 309
4	8
6	14
11	4
18	8
24	1
26	12
30	5
41	12
43	10
45	4
50	15
54	11
57	8
72	2
73	4
76	5
87	15
93	15
106	2
111	2
115	10
118	11
126	15
130	15
133	4
134	9
136	12
144	5
145	7
148	6
149	2
152	8
153	15
154	10
157	5
158	11
162	14
183	3
198	11
Market 118
9	13
15	2
17	1
25	15
43	5
70	8
80	9
81	1
87	4
92	11
106	7
126	3
127	12
149	3
152	1
156	7
169	2
170	6
180	3
186	11
189	12
Market 203
9	4
12	13
14	8
15	15
17	12
21	13
28	6
30	13
33	3
39	3
41	14
43	15
45	10
47	4
50	8
53	2
57	7
59	13
61	3
67	5
71	8
78	14
88	10
103	1
105	2
106	10
107	3
109	4
112	14
120	5
122	3
129	5
148	14
149	11
150	3
151	7
152	14
156	4
170	8
186	10
189	13
Market 90
4	15
8	6
11	8
12	4
19	1
24	9
27	11
39	9
53	5
64	12
65	4
77	4
83	8
88	4
101	8
105	6
120	1
124	6
126	2
129	4
135	8
137	6
140	7
146	2
152	7
155	7
157	1
158	9
159	2
167	13
171	1
172	15
173	11
177	6
184	1
Market 172
8	7
9	14
34	2
45	4
49	2
74	11
89	14
93	3
100	13
116	13
121	14
123	11
125	12
130	8
135	6
142	10
144	5
149	9
153	2
158	15
168	14
172	11
174	5
176	10
186	10
187	4
193	1
198	7
Market 54
8	9
9	1
14	1
22	3
25	15
32	9
38	6
41	4
43	3
46	2
54	2
69	12
88	5
93	14
106	14
116	10
123	6
129	15
130	8
143	1
152	4
153	14
165	7
167	8
169	6
171	15
174	13
175	4
176	12
186	3
196	1
Market 300
2	3
11	9
12	4
16	8
19	4
27	8
41	15
46	9
53	7
63	1
65	8
69	11
70	6
71	2
77	10
80	6
86	14
87	8
88	10
91	3
101	4
112	2
116	3
120	6
123	5
124	9
126	6
134	13
137	2
144	2
148	13
151	5
153	9
154	13
155	15
161	2
162	2
165	4
166	4
171	2
188	7
192	11
Market 146
1	10
4	2
10	3
14	13
22	10
29	12
32	3
43	4
47	9
65	15
67	12
70	7
88	10
89	14
100	15
110	11
124	14
126	7
133	15
146	3
155	10
157	4
160	6
161	12
166	2
171	12
174	11
179	1
185	6
186	10
192	4
Market 275
20	5
39	8
46	8
53	5
65	1
69	14
75	11
80	10
95	3
100	14
110	10
123	12
124	12
126	10
127	10
130	3
137	11
157	8
172	4
179	9
183	10
Market 68
2	6
11	4
19	3
30	15
33	2
39	5
42	2
45	5
49	5
53	2
56	2
59	4
63	7
70	15
80	15
87	4
101	2
108	14
116	9
120	15
121	11
124	15
129	4
134	7
140	12
144	10
148	5
157	10
160	13
161	12
165	5
169	3
174	15
180	11
186	10
189	4
200	15
Market 282
4	15
8	11
15	15
24	11
26	14
35	9
41	6
45	2
50	15
54	12
55	5
60	6
70	4
80	13
89	10
100	3
101	1
115	10
124	13
126	6
129	14
134	14
140	7
143	6
144	3
146	9
176	11
185	2
186	7
192	12
200	9
Market 131
8	12
11	10
12	11
18	10
24	1
26	6
41	13
47	4
54	2
55	8
64	6
70	13
72	15
75	2
76	6
78	14
84	13
103	9
106	5
110	13
118	14
124	13
128	8
130	8
140	7
143	3
144	5
153	3
162	9
167	15
169	1
170	6
171	2
181	9
183	14
185	8
187	12
189	8
194	12
198	5
199	1
Market 184
15	13
25	12
41	9
54	3
70	3
75	14
100	8
115	2
116	6
123	9
125	5
146	3
165	9
169	12
170	15
176	5
182	12
Market 78
4	11
5	15
19	7
25	11
30	2
33	6
34	3
41	5
44	9
47	4
49	4
50	5
56	4
59	9
61	1
81	1
88	10
90	2
94	3
101	12
119	14
122	10
125	1
132	10
134	15
136	3
140	11
143	3
148	11
154	8
159	14
162	3
167	4
171	3
172	10
177	5
186	12
188	2
190	5
193	9
196	3
Market 249
5	13
15	10
19	13
23	1
24	13
30	2
38	1
57	10
67	14
86	12
87	9
118	2
121	8
130	1
134	13
140	9
143	12
152	5
156	3
171	10
190	10
200	10
Market 294
2	7
10	4
12	3
15	7
24	3
36	1
39	2
42	5
49	10
51	5
65	2
73	13
77	7
86	10
88	2
91	14
98	5
116	3
132	10
137	8
140	8
145	8
148	4
160	4
166	11
167	2
170	1
172	7
174	15
175	12
176	12
180	11
182	14
186	4
Market 286
9	8
17	14
24	11
25	11
29	6
30	7
32	9
34	12
41	6
45	9
47	3
64	12
67	3
70	8
72	15
73	11
89	8
105	7
106	9
121	3
134	3
135	13
144	3
146	14
148	6
158	3
173	6
Market 263
10	3
27	7
37	13
44	3
59	9
65	3
81	6
88	7
99	10
102	6
105	11
108	11
112	1
125	1
135	9
140	5
165	13
170	12
180	10
186	13
187	4
192	14
199	2
Market 40
12	4
15	15
24	6
39	5
46	4
47	5
56	2
61	7
73	13
82	12
83	2
87	8
90	6
122	3
123	1
136	3
140	4
145	10
146	4
150	6
157	13
159	8
165	7
169	10
171	2
172	6
174	8
180	13
187	14
189	13
192	3
Market 97
11	14
19	13
22	8
30	1
33	14
36	5
43	7
54	14
56	10
57	10
64	13
69	9
75	3
81	12
82	13
86	11
89	14
105	9
110	13
111	14
116	7
119	5
121	2
126	8
133	6
136	5
140	8
143	13
149	7
150	8
154	13
161	12
171	1
175	10
177	15
192	7
200	13
Market 261
1	13
19	2
30	11
38	13
39	6
43	1
60	7
65	10
68	15
72	13
77	11
93	11
105	12
115	9
121	12
123	5
131	15
136	5
143	15
148	15
149	15
156	14
183	13
198	4
Market 187
9	12
12	6
15	1
16	3
24	11
27	4
38	10
39	10
43	15
52	1
59	14
63	4
65	8
69	1
80	1
87	10
96	11
108	10
112	11
124	4
132	3
134	7
144	5
149	15
152	15
155	5
165	8
172	1
177	13
180	9
187	14
189	10
190	10
198	14
200	7
Market 266
2	1
32	3
35	5
38	13
43	7
60	4
65	13
73	2
80	7
82	12
86	12
89	11
97	3
105	9
106	5
115	12
116	9
118	8
126	10
134	7
136	9
137	3
143	10
144	4
152	14
153	4
154	4
161	7
168	11
172	9
175	4
186	11
199	5
Market 303
2	3
11	11
15	12
29	5
41	12
45	13
46	2
49	11
54	2
55	8
64	3
65	15
68	7
69	13
72	13
76	2
80	9
85	2
88	9
89	10
100	8
104	9
105	4
111	7
113	13
118	15
135	9
136	2
138	3
143	11
152	13
155	13
157	5
159	2
165	13
167	4
172	13
186	15
189	2
190	8
197	14
Market 101
5	5
25	13
27	14
35	12
53	6
56	1
59	5
67	5
77	14
81	3
93	10
100	5
105	4
121	10
126	8
130	4
134	1
137	9
145	13
149	1
153	15
154	1
157	7
184	13
188	4
190	7
196	4
Market 86
3	7
4	2
9	13
11	3
24	5
25	14
28	1
46	15
64	8
72	1
78	10
87	7
109	3
121	15
130	9
145	1
154	6
166	5
169	2
176	15
177	4
178	4
193	1
196	9
200	9
Market 283
4	4
9	13
12	9
15	13
24	4
36	14
59	13
61	7
70	2
89	15
94	7
96	7
101	5
107	8
116	7
119	7
121	11
124	3
126	9
129	7
135	6
137	1
140	7
144	11
153	14
154	1
158	2
166	6
169	14
172	13
180	1
184	5
186	6
190	2
200	4
Market 165
8	4
9	13
19	11
21	14
42	8
44	13
46	14
52	1
69	3
72	3
77	1
78	9
80	4
83	1
88	14
99	8
103	2
112	8
113	7
124	13
125	7
127	11
129	14
132	2
137	10
145	14
154	11
156	2
169	9
170	13
172	9
185	12
Market 92
8	3
9	12
12	4
14	11
46	5
49	12
54	10
64	14
72	2
78	13
81	9
96	10
106	6
123	4
125	11
154	2
157	12
160	5
173	11
174	3
184	12
185	14
195	6
196	1
Market 250
8	13
24	15
33	4
45	9
53	4
55	5
57	6
65	13
80	4
83	11
93	2
97	3
106	2
115	15
116	3
131	6
137	9
148	10
154	9
167	5
174	3
188	5
190	1
192	2
200	12
Market 96
8	3
32	10
38	7
41	11
42	10
47	11
49	1
60	12
74	7
78	8
84	2
89	1
91	15
102	6
116	8
121	1
127	6
143	1
152	15
170	11
174	3
175	9
177	14
178	5
188	2
195	7
196	13
198	10
200	1
Market 140
2	14
3	14
8	4
21	12
24	12
32	10
38	13
43	11
45	6
47	14
54	14
57	2
60	8
65	1
67	12
75	7
78	10
83	8
100	7
105	9
113	15
121	1
129	12
130	3
133	13
134	4
145	2
157	13
164	3
172	5
177	1
178	14
180	11
Market 339
19	15
21	7
25	2
33	6
39	14
40	2
43	14
56	15
59	8
69	4
78	9
89	11
91	11
96	9
102	1
120	3
155	14
159	3
160	3
161	14
164	14
168	9
184	5
186	12
187	13
Market 128
6	14
11	3
12	11
16	7
24	12
27	6
33	1
37	13
39	5
59	13
64	8
73	3
101	5
105	5
113	7
123	10
137	7
146	15
154	10
169	8
184	7
189	2
190	2
200	13
Market 175
4	4
11	1
26	5
36	8
50	5
59	1
73	7
80	9
88	15
90	14
97	4
105	6
107	1
111	7
115	2
119	9
122	2
132	11
144	8
150	1
152	12
160	1
166	4
168	8
180	6
183	10
189	8
Market 328
4	5
12	15
13	5
17	8
25	10
31	7
38	8
39	4
43	7
65	10
73	13
92	12
102	12
105	13
137	14
144	5
161	10
176	6
187	15
193	1
200	4
Market 82
3	13
6	13
9	2
29	14
32	1
38	5
41	12
45	12
46	11
64	11
68	2
93	1
106	8
126	7
129	11
130	10
138	1
143	3
152	1
154	8
156	12
161	6
162	10
164	14
166	2
167	11
169	4
172	2
174	4
175	10
176	12
186	8
Market 240
9	6
10	5
36	13
46	1
49	14
86	7
97	8
105	3
107	2
112	12
132	15
135	1
144	12
152	5
153	7
158	1
161	3
164	7
169	5
175	12
189	2
190	15
196	11
Market 312
4	8
10	12
14	15
40	12
53	5
60	4
64	15
69	15
72	15
81	4
83	15
113	7
123	12
135	7
160	15
169	4
171	7
180	4
189	3
196	6
Market 27
2	7
3	8
15	6
17	6
19	6
32	7
34	12
36	5
51	1
61	12
67	12
70	8
72	6
75	3
81	5
83	1
88	8
93	7
101	14
107	13
119	4
125	2
129	3
133	7
134	15
137	1
153	10
162	8
169	11
170	1
172	9
176	14
177	4
179	10
180	9
185	6
189	1
Market 20
3	8
29	15
30	11
46	5
57	8
64	3
69	14
73	15
87	5
93	3
101	13
113	13
121	9
124	6
140	4
144	7
148	1
149	4
152	10
161	13
164	8
166	4
167	13
170	5
176	4
186	11
188	3
190	3
192	9
196	14
Market 69
12	8
25	1
37	14
41	9
46	6
102	15
109	11
123	5
127	1
133	5
140	8
153	6
155	9
171	11
178	10
182	6
185	5
189	7
191	14
192	14
196	3
Market 47
16	10
27	10
30	15
33	14
39	14
41	13
44	1
56	3
77	14
101	9
108	7
116	3
123	3
130	4
148	10
152	11
155	4
190	11
192	15
Market 58
4	4
6	7
12	12
16	2
17	7
27	7
30	7
32	3
33	7
37	6
41	14
42	7
45	6
46	10
59	13
70	4
77	7
78	5
95	6
106	11
116	15
123	5
125	6
130	15
137	14
144	14
152	15
156	12
166	14
168	6
171	11
187	8
Market 298
2	13
18	11
50	15
53	8
54	12
57	4
70	7
74	11
82	3
86	8
87	2
93	6
96	6
100	10
113	6
115	10
126	6
131	8
135	11
157	9
158	11
160	12
161	11
164	13
166	11
169	14
176	13
184	7
190	4
192	2
193	10
196	2
Market 276
2	1
4	5
8	15
9	5
18	13
25	11
29	13
38	7
45	7
47	15
54	9
57	9
60	2
64	11
68	10
70	9
79	5
82	4
87	13
100	14
115	3
118	4
129	5
130	7
134	6
144	5
146	7
153	4
160	13
161	11
162	2
168	13
172	9
174	14
183	2
189	9
196	6
Market 274
5	10
12	11
17	9
27	8
30	12
34	5
37	10
38	10
53	7
56	13
96	11
106	8
116	5
121	11
125	13
127	15
168	10
172	13
175	14
176	13
180	12
184	14
187	4
189	15
193	14
Market 8
1	15
8	12
9	7
12	2
24	13
30	4
41	14
46	1
50	9
61	2
69	15
70	15
86	6
88	8
94	4
101	11
105	7
111	9
119	13
121	8
123	7
136	4
140	10
143	3
157	7
160	1
162	8
169	5
170	6
171	5
184	2
186	10
188	13
192	15
198	15
Market 64
1	10
4	13
8	12
12	15
17	4
32	10
38	5
40	2
42	2
45	11
53	4
71	8
78	10
102	12
109	12
127	9
135	13
141	9
153	14
158	10
161	3
162	7
165	7
170	12
174	13
190	6
192	9
193	13
198	11
Market 137
2	3
3	1
9	1
36	3
47	10
50	6
56	6
57	8
69	4
73	10
77	7
82	1
83	4
86	1
90	10
93	3
101	9
116	15
123	6
129	12
153	12
154	1
157	13
160	12
164	2
172	11
175	4
180	9
186	1
189	10
190	5
Market 313
6	3
9	13
11	8
22	7
27	1
45	11
53	12
54	3
60	12
66	15
70	12
72	14
84	9
92	10
100	6
103	2
106	5
125	3
133	5
141	8
144	5
146	9
149	14
154	7
155	13
167	2
169	9
178	10
182	4
186	8
189	15
190	5
195	7
198	2
Market 270
4	15
9	9
49	2
67	14
69	15
72	3
73	9
87	5
88	15
116	1
137	15
149	1
157	8
158	4
161	3
182	5
184	9
185	14
190	3
Market 318
2	7
10	7
11	7
14	5
29	13
30	9
37	12
39	6
43	4
49	8
56	5
72	1
78	10
80	3
81	12
87	2
88	5
89	9
93	7
95	11
96	2
124	1
127	1
146	10
153	4
156	14
157	9
158	11
160	12
169	2
172	12
178	8
179	3
185	14
188	5
192	13
198	10
Market 188
5	15
8	14
11	5
17	15
27	10
30	6
32	7
38	4
45	3
56	4
57	3
66	7
70	2
77	11
78	11
80	15
87	11
88	13
109	12
116	9
121	6
127	5
130	6
137	1
142	7
149	12
152	6
153	13
160	11
171	1
175	13
176	10
185	3
186	1
195	5
Market 321
4	4
9	6
11	11
19	2
26	14
42	3
43	14
46	4
51	2
69	2
70	13
77	9
86	1
88	1
89	6
93	8
101	14
105	6
106	5
134	5
140	6
157	9
162	12
166	13
179	10
188	12
189	9
196	7
Market 105
8	12
9	4
11	2
12	8
15	7
16	15
19	1
24	8
29	1
30	12
32	15
35	7
36	5
39	7
45	3
46	3
53	2
56	7
57	5
61	1
64	5
72	3
73	14
79	6
86	7
87	9
88	5
89	2
90	11
93	10
104	9
106	11
107	5
119	9
120	2
123	14
126	7
130	10
138	15
144	3
147	12
159	15
160	1
168	5
169	7
170	6
172	3
185	15
186	7
187	8
190	12
192	6
196	13
200	9
Market 227
3	10
6	8
14	2
17	13
19	1
25	14
29	4
30	7
35	5
47	1
54	5
56	7
64	1
70	3
77	13
82	10
83	3
93	4
96	5
101	8
103	5
111	10
113	1
118	9
124	8
125	6
134	15
137	9
138	12
143	3
144	2
147	13
152	6
156	6
159	12
160	7
161	6
165	10
179	15
Market 93
2	10
4	1
15	10
18	13
35	11
41	7
49	7
81	9
124	8
125	4
126	4
134	3
146	7
147	7
153	9
155	15
160	6
170	15
186	4
189	11
192	14
195	7
200	13
Market 15
2	13
3	15
8	1
15	13
19	3
25	6
26	13
30	3
33	13
37	9
44	9
49	5
56	3
60	15
64	1
68	6
76	11
80	8
86	3
87	5
95	12
102	13
121	6
125	8
131	6
133	4
146	13
152	2
153	12
157	5
158	13
163	5
169	6
172	3
175	5
177	8
185	1
190	3
Market 226
8	15
14	8
21	12
32	2
34	4
38	10
53	8
72	5
87	5
96	5
103	7
109	5
116	11
121	11
125	11
129	15
135	15
142	2
144	2
153	8
157	9
164	10
166	6
169	5
172	4
174	1
177	5
184	12
186	9
189	5
192	5
Market 136
15	10
19	1
24	14
60	13
82	4
111	6
116	8
118	14
121	12
137	13
143	13
145	11
148	4
152	8
161	3
165	12
174	7
176	14
177	11
178	5
180	15
182	5
Market 107
3	15
12	3
15	14
17	1
18	2
20	8
25	12
34	12
37	11
38	5
43	2
49	11
57	12
60	14
66	11
69	3
70	6
71	1
78	10
89	11
93	2
95	12
111	15
125	13
129	15
137	14
141	9
144	13
145	13
148	6
153	15
155	11
157	9
161	15
167	7
171	7
172	15
173	13
176	6
177	14
178	14
180	3
185	2
198	3
Market 192
6	12
12	3
24	5
25	6
27	11
29	8
30	13
34	7
37	6
41	5
56	1
57	6
60	13
63	4
72	12
75	4
80	12
81	4
91	10
96	5
99	9
100	3
103	4
106	5
112	1
120	9
129	14
140	7
148	8
152	4
158	9
160	4
169	6
170	8
175	7
189	6
200	8
Market 341
2	14
24	15
57	10
93	1
96	5
101	15
104	9
106	12
111	9
116	9
119	6
121	13
123	5
136	7
144	1
147	4
167	3
169	4
172	9
175	7
180	5
200	15
Market 186
8	12
10	9
12	3
19	5
33	2
38	13
41	4
46	7
48	9
49	8
51	13
56	8
59	1
60	2
61	15
65	8
77	1
80	9
86	3
87	9
105	2
106	7
112	1
119	12
121	1
123	14
124	7
133	6
134	2
135	12
140	9
144	5
145	7
155	6
157	13
159	5
161	11
168	4
176	13
178	15
182	7
184	1
189	1
190	8
193	15
195	3
200	8
Market 71
2	1
6	9
19	2
30	7
35	1
41	6
43	4
44	15
46	4
47	15
56	8
59	10
64	7
70	14
79	2
80	8
81	5
83	14
84	11
86	7
87	6
89	15
95	12
96	14
106	11
111	15
112	7
116	9
118	15
121	3
126	2
129	4
130	1
134	2
137	7
140	2
145	8
152	2
155	9
156	6
157	15
161	6
166	5
167	2
174	14
180	11
182	12
190	7
196	4
198	13
200	14
Market 316
24	7
25	9
30	1
32	15
33	5
43	7
45	6
49	4
63	10
69	4
72	15
73	14
80	10
81	12
88	8
96	6
121	7
124	13
133	12
134	1
144	6
152	2
185	3
195	10
Market 326
2	7
10	11
15	15
30	7
44	6
49	7
59	9
60	13
64	12
69	14
80	1
81	11
83	11
101	5
107	15
111	14
123	14
124	14
125	4
126	4
129	3
140	1
143	11
146	12
152	4
153	11
154	5
162	3
167	13
168	5
172	8
176	1
179	7
184	1
185	15
186	2
187	13
Market 43
12	8
27	13
37	12
39	15
43	5
49	2
54	5
56	15
60	13
65	15
71	2
72	9
73	4
77	11
78	2
91	6
106	9
123	10
140	5
144	2
149	9
157	13
158	7
160	7
166	12
174	14
178	6
Market 264
2	14
17	8
22	15
29	7
72	10
75	1
81	8
83	2
87	13
96	7
106	10
125	15
130	1
133	12
140	5
142	12
144	5
146	6
152	8
157	15
159	9
164	4
166	2
169	13
170	1
173	4
184	3
Market 115
24	10
35	7
42	3
43	15
46	7
49	2
50	15
56	8
57	9
60	8
73	3
83	2
105	7
109	6
123	5
129	14
134	4
143	9
148	11
149	5
155	6
156	4
160	12
170	15
177	14
179	4
184	12
186	15
187	4
189	8
192	8
Market 42
2	13
10	3
25	9
27	2
49	10
73	7
88	7
102	4
113	3
127	9
130	5
135	1
160	14
172	4
173	2
175	7
180	5
198	11
Market 348
9	6
15	5
26	6
44	1
49	1
56	2
59	2
64	4
65	3
69	4
91	9
94	11
106	5
124	6
132	10
134	8
135	10
148	2
152	4
153	1
157	12
158	14
171	3
187	11
188	11
192	14
Market 26
6	12
9	12
11	13
15	14
37	14
39	2
41	1
46	9
56	11
64	4
65	11
66	1
69	2
77	3
81	9
86	14
88	9
123	10
124	9
127	9
130	6
137	11
146	11
152	9
155	5
157	4
160	11
161	2
167	5
171	14
174	13
179	12
187	15
196	9
198	10
Market 206
6	9
12	8
14	9
19	6
30	4
34	12
41	9
45	13
49	5
50	10
65	12
67	15
72	2
78	15
87	4
88	2
93	7
103	10
105	10
113	13
116	1
123	9
125	5
129	3
146	6
147	6
148	4
156	10
158	10
166	12
169	3
170	13
185	2
187	14
188	15
Market 347
18	13
24	10
26	4
30	5
35	7
38	6
43	6
45	15
54	15
57	5
68	10
70	4
76	4
80	15
82	4
83	1
86	1
87	1
88	5
93	10
96	5
97	10
115	4
119	12
121	14
124	12
126	2
130	15
133	4
134	11
135	1
140	15
152	12
156	11
157	15
161	4
164	10
166	13
172	3
176	10
177	9
187	2
Market 320
18	4
32	11
35	8
69	7
73	15
80	9
82	5
83	12
93	13
131	5
148	6
155	2
156	6
160	4
168	8
176	13
185	8
193	3
Market 288
11	11
15	1
19	6
36	7
44	11
45	6
47	5
56	15
60	15
61	2
80	7
82	12
88	7
93	3
94	1
97	5
106	1
115	3
116	6
121	4
132	7
143	5
158	2
166	5
169	1
170	8
173	9
177	9
178	3
180	9
184	14
188	12
193	5
Market 156
4	12
8	3
11	10
14	4
21	14
25	10
28	13
32	9
41	4
43	12
49	8
53	7
87	8
93	1
96	12
103	9
125	4
127	8
135	15
137	2
146	15
152	5
158	9
159	11
160	12
166	2
168	6
169	5
172	7
175	6
196	7
198	8
199	1
Market 278
5	13
11	6
15	4
24	8
26	4
32	2
39	15
43	6
44	13
49	4
52	6
57	12
59	2
60	5
64	1
87	12
96	13
99	2
105	6
107	1
120	10
129	9
130	13
134	6
137	13
154	7
157	15
160	1
171	7
174	6
176	3
182	8
184	15
186	4
187	7
190	15
198	8
Market 37
8	11
13	3
17	10
20	5
31	5
38	13
40	7
45	9
57	15
64	2
67	6
69	13
72	2
75	3
78	3
83	11
89	1
92	13
93	5
96	13
99	13
103	12
106	5
109	6
110	14
127	7
128	13
141	3
142	1
146	12
149	14
157	4
159	14
169	12
176	10
177	11
180	13
189	11
197	11
198	6
Market 16
2	10
4	12
20	13
28	9
34	8
39	6
41	7
42	4
53	14
54	6
57	9
60	3
64	15
69	9
83	3
100	11
103	7
106	9
109	14
121	14
123	13
124	7
125	15
130	15
133	12
135	15
146	11
148	11
153	7
157	3
162	13
165	4
177	1
178	15
179	2
180	15
189	9
192	2
197	9
200	15
Market 338
4	13
12	1
42	10
56	11
65	4
87	3
105	2
120	15
129	7
132	9
144	7
145	10
154	4
156	2
157	1
167	8
175	9
192	15
196	7
Market 297
2	14
8	7
12	13
22	10
25	6
29	13
33	4
34	13
38	13
46	9
47	14
64	7
69	8
70	6
72	3
75	11
77	4
89	4
91	9
93	8
96	1
103	9
120	10
123	5
128	15
129	11
137	12
158	4
159	7
164	8
166	5
169	9
176	6
189	2
192	15
193	3
Market 29
3	13
5	14
8	14
15	11
18	13
23	12
24	13
25	7
26	13
29	13
33	15
35	1
41	1
43	15
45	6
47	13
54	2
60	15
65	15
73	10
76	8
81	9
84	8
87	10
89	13
101	9
103	5
105	2
115	7
121	8
126	6
133	2
143	5
148	15
149	3
156	10
157	8
169	3
170	5
171	4
183	10
185	14
187	8
188	10
189	1
192	11
195	7
Market 32
41	1
45	15
72	14
81	2
83	10
87	3
133	1
144	12
149	10
157	9
160	3
176	5
177	3
190	2
Market 306
4	12
11	8
30	4
33	9
35	11
42	8
43	14
49	7
50	3
59	4
64	12
71	5
80	3
87	10
88	15
89	11
93	8
96	6
106	3
123	14
133	15
140	10
148	14
157	6
158	15
165	7
168	4
171	6
172	15
183	15
184	4
Market 234
4	15
8	14
26	4
33	10
39	4
45	6
46	3
47	7
50	2
56	5
65	14
68	3
77	7
81	13
86	8
90	3
97	10
106	14
113	11
122	12
123	4
124	15
125	3
129	4
133	7
134	12
140	5
143	7
144	2
145	5
148	6
153	9
161	7
172	5
174	12
176	8
177	2
184	10
187	14
189	11
190	7
191	5
Market 57
3	2
6	12
11	3
27	3
33	4
34	15
37	7
38	13
42	9
49	1
51	2
60	4
62	10
63	6
65	7
71	15
77	12
88	15
89	7
94	7
106	11
112	4
129	13
135	6
144	12
145	2
148	9
151	7
159	13
161	1
162	5
168	14
178	3
Market 166
24	5
30	7
33	13
34	11
38	4
49	2
61	13
77	9
90	6
100	6
101	3
109	12
113	9
116	8
121	7
124	10
126	10
130	6
143	4
161	4
165	15
170	3
171	13
174	6
177	10
184	2
193	14
Market 66
2	8
9	13
15	13
29	9
30	3
35	3
54	12
57	6
80	7
82	10
96	12
105	8
106	5
111	8
124	1
129	4
135	10
136	5
147	4
154	4
157	15
159	4
161	1
171	9
176	8
184	9
186	4
Market 296
11	10
18	2
34	15
45	1
47	10
49	8
53	1
64	9
69	3
81	4
86	6
101	3
103	9
127	12
129	4
131	13
135	15
142	3
144	4
154	7
158	7
172	3
182	3
184	8
196	2
198	14
Market 232
2	15
12	14
14	3
17	11
24	8
27	14
32	11
37	2
39	12
41	4
44	15
49	6
53	7
54	11
57	8
59	3
67	3
69	6
71	12
72	4
78	6
83	8
84	10
87	5
88	6
99	5
108	5
110	14
113	5
120	1
124	6
129	11
146	5
148	2
149	13
153	2
155	15
156	1
157	4
159	9
168	1
169	4
179	9
186	10
187	2
190	9
Market 210
2	4
10	13
11	14
14	2
15	10
18	10
21	13
25	1
32	6
35	15
38	7
41	8
46	11
47	11
57	1
64	15
75	7
82	13
83	15
87	4
96	2
113	7
118	2
124	5
130	3
135	6
142	15
148	3
149	14
153	1
160	5
164	7
165	12
177	2
184	3
190	14
196	8
198	4
Market 28
3	14
8	7
9	6
29	10
38	14
46	4
47	13
57	14
60	4
75	14
85	10
88	9
113	15
118	7
138	10
144	11
145	2
157	7
159	7
164	11
167	11
172	11
185	1
193	9
Market 228
3	11
9	15
11	15
38	4
43	10
49	1
65	1
89	8
93	9
101	5
116	14
118	8
121	1
123	8
135	14
136	5
137	3
152	13
157	10
167	7
172	15
192	11
200	15
Market 7
9	6
19	11
35	1
36	2
38	11
43	8
44	1
57	14
80	2
83	12
87	5
93	5
96	9
97	8
101	10
113	4
124	14
126	9
133	7
144	6
153	1
167	4
170	4
178	6
191	15
198	13
Market 34
3	6
29	4
43	10
45	15
50	6
65	15
82	12
86	12
89	9
96	9
101	1
115	6
121	3
131	7
145	6
147	1
148	3
154	5
156	1
157	14
160	1
166	9
173	12
176	1
184	10
185	13
187	2
188	6
190	7
198	6
Market 349
2	10
9	1
11	7
26	3
27	15
29	3
32	4
35	9
38	1
49	4
50	3
56	6
59	5
60	2
68	11
70	5
76	8
77	5
91	7
93	11
96	6
113	1
118	11
120	6
124	8
127	2
134	8
152	2
159	3
168	11
174	4
178	9
190	1
192	2
193	3
198	5
Market 120
1	4
9	10
14	10
15	15
18	5
24	14
32	4
47	5
67	1
68	14
70	1
78	11
82	11
87	12
88	12
93	13
100	8
106	11
116	9
121	6
123	14
133	4
137	6
144	7
149	5
153	15
154	9
156	10
160	1
166	15
167	10
169	1
171	2
185	15
186	10
196	11
Market 330
4	6
11	8
35	8
38	12
49	4
53	7
54	9
72	14
96	13
99	11
100	4
106	8
115	12
116	10
118	8
121	4
138	1
143	1
144	7
145	13
146	12
152	7
155	10
157	15
159	3
177	15
185	7
190	9
199	4
Market 133
5	3
8	12
16	11
19	1
33	12
39	8
41	4
45	6
49	12
53	8
56	2
59	6
63	6
65	11
73	8
91	4
101	2
106	13
116	13
123	8
124	4
126	8
135	1
144	4
146	15
148	13
151	3
153	1
160	11
161	13
169	12
173	11
186	15
190	11
200	6
Market 235
1	10
12	6
25	9
33	14
45	5
63	3
65	12
67	14
69	2
73	12
77	15
86	14
88	3
91	4
95	7
100	3
111	13
116	14
121	11
124	6
130	5
133	4
143	13
148	11
153	5
155	5
159	14
162	5
164	10
165	6
172	13
188	8
193	14
196	15
Market 109
3	3
8	6
9	13
11	9
24	11
30	3
37	14
47	5
57	11
64	12
71	13
72	7
77	7
86	11
88	10
89	2
93	9
105	13
106	9
107	4
111	12
113	8
115	3
137	13
140	10
145	3
148	4
157	14
169	15
172	5
176	12
188	8
190	11
Market 124
11	6
24	14
38	6
41	8
45	13
54	7
57	1
64	5
65	7
81	13
88	12
100	3
101	11
103	6
106	4
113	12
116	2
121	8
123	1
125	1
133	15
140	2
142	5
144	9
149	4
154	14
168	10
172	12
178	13
187	13
193	3
Market 329
4	8
6	14
11	11
47	6
50	10
56	6
65	13
72	14
84	8
87	2
103	4
116	11
126	15
130	15
131	9
139	12
142	4
154	14
161	3
164	8
173	12
178	9
184	13
185	9
188	3
189	3
190	10
Market 195
12	12
15	2
38	2
57	4
60	13
106	14
118	7
123	15
129	11
133	7
135	15
152	12
154	1
184	2
Market 194
4	10
8	8
9	3
11	4
14	7
22	1
29	1
43	5
45	4
49	5
57	14
64	1
65	10
67	9
75	6
87	6
88	4
106	12
123	2
125	1
127	13
153	11
164	15
167	3
169	7
170	15
171	7
172	2
175	7
176	11
181	4
186	7
187	5
189	9
200	2
Market 127
10	5
17	10
26	8
34	11
49	11
74	14
78	2
80	12
99	1
100	15
107	14
109	6
112	13
113	1
116	6
121	15
142	13
148	8
151	5
152	1
157	12
159	3
160	14
168	1
169	14
174	6
186	5
187	5
189	1
192	15
196	8
Market 171
3	1
8	2
11	6
14	2
19	1
24	13
25	8
27	8
32	9
37	9
38	1
45	11
46	7
56	8
57	4
60	10
64	3
65	6
67	7
69	12
71	3
72	11
83	15
91	12
93	4
99	1
101	1
108	1
113	1
116	5
120	4
123	3
126	2
127	7
133	10
144	8
148	11
149	11
167	15
169	8
171	7
176	6
177	9
182	2
184	7
190	8
197	12
200	5
Market 239
2	8
18	10
26	15
30	4
41	13
46	5
50	12
53	9
55	15
61	4
70	7
73	11
77	15
80	13
82	4
87	4
101	3
115	3
119	15
126	10
130	8
134	7
136	11
137	6
144	8
145	9
146	6
153	8
154	12
155	11
160	2
161	10
164	15
165	7
166	1
169	2
171	14
173	10
174	11
184	14
186	15
192	6
193	3
198	10
199	1
Market 293
26	9
27	3
33	10
35	10
38	8
46	3
47	6
53	1
65	4
66	2
70	6
77	14
82	7
89	3
99	3
109	8
111	10
113	2
115	9
122	1
125	5
129	1
130	4
133	8
134	7
137	4
140	9
144	15
155	12
169	13
170	1
172	11
190	1
192	8
196	10
Market 200
32	3
41	3
43	8
49	3
57	8
64	4
72	8
75	8
81	12
84	6
87	12
89	8
93	11
96	6
100	15
106	9
121	3
137	13
142	11
144	1
155	10
157	12
158	11
161	2
169	1
171	7
173	7
174	9
181	9
184	5
187	10
188	11
Market 143
30	3
41	10
45	9
53	3
56	8
60	9
61	2
70	4
80	1
82	14
86	9
94	10
95	7
100	4
111	12
113	11
116	2
118	6
123	13
130	11
134	4
139	7
148	14
151	10
158	5
176	10
182	4
184	4
185	11
189	4
191	11
193	12
Market 154
4	11
8	11
15	6
17	9
30	14
34	6
36	6
42	7
56	9
57	3
60	3
73	4
78	3
81	7
87	10
91	4
94	9
103	10
107	14
112	6
123	10
129	14
140	7
144	5
151	1
152	3
160	4
166	10
169	15
170	11
171	14
175	6
188	7
Market 185
2	3
8	15
10	4
11	1
18	3
29	12
35	11
46	13
55	13
57	13
64	8
86	7
93	10
96	9
111	8
118	3
121	3
124	8
129	1
131	9
134	9
135	15
154	3
162	9
167	11
172	13
177	1
190	4
Market 241
10	11
16	14
19	4
30	12
32	11
33	8
34	1
44	14
45	3
46	12
49	15
50	4
53	2
54	2
59	4
60	7
64	13
65	7
69	5
71	6
75	5
77	15
81	8
83	2
86	7
87	12
101	5
103	2
108	10
113	15
118	11
121	9
123	8
124	8
127	7
130	3
131	15
137	13
140	15
142	6
144	4
145	2
146	12
149	5
152	7
155	9
158	6
159	14
160	3
169	9
170	11
172	11
174	4
176	12
178	7
181	12
190	4
196	13
Market 199
11	8
32	14
34	4
41	4
43	10
45	10
54	13
64	14
69	4
70	2
74	5
81	7
92	2
93	10
100	13
103	3
106	1
109	9
113	8
133	14
137	15
140	7
142	4
144	11
146	11
152	10
154	11
160	1
162	12
167	1
168	1
169	11
171	11
174	12
186	3
192	12
Market 273
8	5
10	5
16	15
39	6
44	3
46	14
53	4
56	13
60	13
63	11
73	5
91	15
120	13
121	9
144	15
146	1
151	11
154	12
156	14
158	2
162	8
169	8
170	1
175	13
177	15
179	8
180	12
188	15
Market 209
44	15
53	4
64	3
71	15
72	9
81	14
83	5
91	13
96	14
100	4
113	9
121	13
125	15
126	13
140	4
146	5
152	7
157	1
171	3
198	9
Market 314
18	11
32	9
38	15
41	1
49	5
68	11
88	7
96	10
106	12
116	2
126	3
129	12
131	15
134	6
137	14
144	9
147	14
149	3
157	5
180	7
185	4
186	13
189	9
190	7
192	10
196	3
Market 342
3	6
9	3
12	2
15	4
41	11
46	10
49	5
50	1
59	2
61	10
64	14
69	10
70	4
83	12
91	10
95	7
107	11
123	12
126	15
129	12
130	9
131	4
133	7
137	7
145	3
148	7
152	11
156	13
161	12
169	8
172	14
182	13
187	11
191	8
192	5
Market 103
4	3
6	11
8	5
17	12
32	10
33	15
39	2
42	3
43	4
44	14
60	13
67	1
69	11
78	4
80	15
81	11
88	13
91	6
93	11
96	12
99	14
100	2
101	13
107	4
121	5
123	6
126	14
133	1
134	5
140	7
142	12
151	3
157	3
158	10
159	7
168	2
169	14
176	2
186	6
200	15
Market 319
1	4
3	5
4	10
5	5
15	13
18	3
22	3
30	12
32	14
35	6
38	9
39	14
45	10
50	5
65	6
67	5
71	4
78	2
85	2
93	5
96	2
104	13
111	5
129	14
140	14
142	4
144	9
152	10
157	2
159	3
161	15
188	15
190	13
198	8
Market 74
2	4
9	10
12	12
27	4
39	1
42	4
44	1
46	2
59	1
70	1
77	10
83	15
91	10
108	11
116	4
123	14
124	7
129	6
135	4
137	7
144	11
154	14
160	2
161	12
167	12
169	8
172	1
177	2
182	8
184	7
185	10
189	11
190	14
191	3
196	5
Market 291
2	1
4	1
8	15
9	1
11	5
18	1
22	14
24	14
25	14
27	14
34	6
38	6
46	11
49	8
54	7
59	7
63	11
73	10
78	2
79	9
81	5
83	15
88	7
111	8
116	8
118	2
124	13
129	1
133	3
142	15
148	8
149	5
152	4
157	6
158	4
159	10
169	2
185	14
189	2
199	12
200	2
Market 182
2	3
10	7
41	10
44	14
56	12
64	15
65	12
87	13
95	14
99	5
102	9
106	5
113	7
116	13
120	13
125	9
127	4
130	10
133	14
137	14
140	14
158	7
162	4
165	10
169	8
187	10
192	2
196	10
Market 177
2	9
8	12
14	15
20	4
25	8
34	8
49	3
56	12
60	8
66	2
71	10
72	1
75	12
81	3
87	1
92	3
95	13
99	11
109	5
113	6
116	14
128	7
137	10
140	7
144	10
146	8
154	13
162	7
168	8
170	14
174	15
178	8
183	3
184	13
186	11
189	11
190	4
200	14
Market 119
1	4
4	4
8	10
14	11
29	11
32	8
41	6
46	9
53	5
54	2
57	7
64	15
72	1
85	6
100	10
109	7
110	11
125	11
133	6
135	2
137	9
143	13
149	8
153	2
154	7
160	10
161	12
164	1
168	11
184	12
Market 285
4	7
6	4
8	15
14	11
18	5
34	2
38	10
43	4
60	4
64	2
72	10
81	10
87	5
103	7
125	12
126	13
131	7
135	14
141	3
166	12
168	4
176	13
180	2
185	8
189	6
196	11
Market 99
4	15
9	2
10	15
11	7
15	11
30	8
35	3
65	9
73	11
80	8
87	6
93	4
96	7
105	5
106	11
111	14
121	9
126	8
135	6
144	3
154	7
169	15
176	13
177	10
186	6
189	2
Market 98
3	8
4	15
9	2
10	6
15	12
18	8
29	4
39	9
43	15
47	8
50	8
60	8
69	7
77	2
79	10
80	8
84	4
93	11
96	13
104	11
114	10
118	3
125	4
130	9
133	11
138	4
140	8
152	15
155	15
166	2
170	13
174	5
179	14
186	12
192	14
196	11
Market 262
12	7
15	14
30	9
39	10
45	2
46	15
50	12
70	4
73	9
80	10
83	15
105	9
111	7
112	13
115	13
124	5
129	10
137	11
140	8
148	10
153	1
154	6
156	6
160	15
161	1
164	14
167	3
168	12
172	8
176	1
183	2
187	6
188	8
Market 61
9	11
11	11
32	8
38	4
39	10
41	5
49	11
70	7
76	1
82	13
87	14
93	11
96	2
101	4
105	8
111	9
115	11
133	3
134	4
136	9
137	11
148	14
153	15
158	10
161	5
164	10
177	1
184	15
190	10
192	11
Market 79
9	14
18	9
23	15
24	8
29	13
34	15
37	7
38	15
41	9
46	8
60	7
67	8
68	4
100	2
105	10
129	3
130	9
131	10
134	10
146	10
159	14
161	6
179	7
180	5
183	3
184	6
187	1
190	11
193	15
Market 345
9	5
11	7
30	12
38	3
43	2
45	15
46	3
54	12
67	1
80	4
100	4
103	8
121	10
124	8
127	14
140	1
154	15
160	1
167	2
169	9
170	2
179	4
183	11
184	13
187	15
188	7
190	3
192	7
Market 208
8	8
15	3
30	14
59	7
62	6
65	10
83	15
91	5
94	2
106	5
107	6
116	11
132	10
151	8
153	11
155	13
161	15
165	2
170	3
171	2
174	4
176	8
177	4
184	9
190	11
191	13
198	5
Market 335
4	4
12	12
18	2
23	6
25	5
32	7
34	13
35	14
41	14
44	13
45	15
54	13
65	6
70	14
75	13
80	7
81	6
83	9
84	2
88	5
93	4
96	3
101	15
103	3
117	4
124	3
125	4
129	15
134	4
138	3
145	13
158	3
160	11
165	12
167	10
169	6
174	11
177	2
183	4
195	5
199	3
Market 81
4	7
29	8
67	4
74	15
81	7
135	1
140	15
142	14
148	3
161	9
164	5
178	10
181	7
183	1
189	2
190	9
192	15
Market 197
3	8
6	13
12	1
30	8
39	15
42	4
59	13
61	10
70	10
88	2
97	15
107	9
112	8
124	2
126	3
140	3
151	1
156	11
157	8
177	8
190	10
196	10
200	4
Market 287
7	15
11	7
14	2
17	15
35	9
45	10
46	2
47	4
49	3
64	2
65	5
68	4
70	10
76	11
80	15
82	8
93	10
100	12
103	7
106	5
113	13
115	11
121	10
124	9
126	2
129	12
131	14
133	2
137	14
145	9
148	14
152	8
153	6
158	11
167	3
177	11
185	6
187	5
193	4
198	1
200	11
Market 207
9	13
11	4
12	2
26	2
32	12
39	5
45	6
47	4
60	8
65	4
67	1
75	10
79	2
83	8
97	5
101	13
118	4
121	11
124	11
125	12
133	12
134	6
138	14
143	11
147	15
169	7
170	8
171	4
174	13
Market 161
9	9
11	3
24	10
25	10
27	4
32	8
38	4
41	5
45	13
49	4
53	3
64	3
69	9
70	4
73	10
74	3
81	8
83	10
88	11
92	12
96	7
99	10
106	7
130	4
133	11
137	9
143	8
145	15
146	12
152	7
155	14
161	10
169	8
171	9
174	7
175	15
177	8
178	14
187	5
192	2
193	1
200	12
Depot
