CapEuclideo.350.150.95.4
Total Cost:7463
|M*|: 166
Depot
Market 84
24	5
26	8
34	15
49	8
53	1
56	8
80	3
86	9
123	9
Market 111
18	9
40	11
43	7
47	15
74	7
92	5
Market 265
6	14
49	12
67	6
72	2
77	15
96	13
118	8
141	4
146	13
Market 116
32	10
111	9
Market 323
25	8
49	10
64	5
72	12
93	5
112	2
134	4
135	9
143	1
145	4
Market 196
21	13
28	6
41	14
45	10
106	10
133	1
149	10
Market 23
3	6
87	2
113	6
147	7
Market 168
1	15
11	8
33	6
35	9
45	9
49	2
65	7
82	11
97	1
113	9
122	3
123	5
140	4
148	5
Market 334
8	10
9	13
15	12
19	1
32	12
43	4
64	12
105	6
129	2
Market 230
50	15
70	7
82	3
93	6
115	10
123	14
126	6
143	13
Market 304
4	8
70	9
83	1
103	4
109	1
143	5
144	6
Market 87
46	4
47	2
57	2
59	10
75	3
77	13
81	1
95	12
106	8
121	11
133	3
134	7
140	11
149	9
Market 3
6	12
42	7
57	5
65	15
69	9
83	15
110	11
115	15
137	1
143	1
149	5
Market 284
42	1
44	11
45	9
56	15
59	12
61	2
64	5
88	13
124	9
129	10
130	15
135	1
Market 153
9	13
14	15
23	4
32	4
42	2
50	3
80	15
96	6
108	14
114	7
130	5
131	2
135	13
140	10
146	11
Market 60
24	2
41	4
53	12
56	9
86	15
120	2
130	12
146	3
148	4
Market 248
9	9
23	1
39	3
44	8
45	3
69	13
87	6
105	14
113	2
120	11
126	12
Market 217
2	3
41	7
53	14
77	11
93	12
126	5
135	6
Market 88
3	15
8	11
69	14
72	2
89	4
113	1
135	11
Market 14
16	5
34	12
83	15
121	11
126	13
130	5
134	2
Market 104
12	3
17	12
32	4
39	2
43	4
49	10
60	13
73	10
78	1
96	12
98	2
135	2
140	2
Market 174
8	8
9	14
10	11
24	12
41	9
50	2
57	4
87	6
123	14
133	15
148	11
Market 30
11	9
113	2
130	9
138	4
Market 220
25	6
56	7
68	11
72	3
81	4
103	9
106	5
116	9
123	13
143	1
Market 75
39	15
41	7
105	6
122	1
126	1
143	7
Market 243
35	15
41	6
60	4
70	4
82	10
88	13
121	8
129	7
Market 292
9	9
26	13
37	13
38	4
41	13
42	5
50	12
77	13
82	4
101	3
102	6
115	3
116	9
123	1
144	13
149	3
Market 4
56	15
80	9
94	1
Market 134
2	6
5	15
26	1
39	8
88	11
Market 22
2	3
10	4
87	4
113	5
124	6
125	6
137	7
Market 286
33	6
45	12
48	7
57	11
64	12
72	12
90	2
96	5
103	4
144	7
148	1
Market 294
4	1
36	3
41	2
73	9
75	2
88	15
116	8
137	10
140	15
Market 249
6	8
25	13
36	7
87	2
109	14
125	3
145	3
Market 282
45	4
64	1
73	6
86	4
116	11
119	14
121	12
129	12
136	3
140	11
148	11
Market 131
4	15
29	13
60	8
71	10
75	11
93	8
116	14
Market 275
61	4
64	3
113	9
124	12
Market 146
45	3
77	14
81	8
115	1
124	7
147	15
148	7
Market 300
11	13
27	11
45	6
55	3
65	6
74	8
95	10
105	7
111	5
137	11
140	4
Market 54
8	11
11	14
33	2
39	10
41	4
43	7
45	5
87	14
122	3
123	12
Market 180
32	6
82	5
144	7
149	3
Market 281
41	1
47	10
59	6
60	14
67	14
72	4
116	13
124	15
Market 108
11	11
30	7
32	9
49	2
57	12
72	15
95	6
143	13
Market 11
30	9
33	13
80	8
Market 117
26	9
29	5
33	7
47	6
49	2
75	9
106	10
133	14
134	13
143	12
Market 191
22	5
29	8
62	7
75	14
100	6
106	5
111	14
112	4
118	15
144	7
Market 167
11	12
36	5
103	7
121	14
127	8
136	1
142	7
148	9
149	12
Market 100
2	14
3	6
23	3
25	12
49	3
58	4
79	11
91	13
101	15
129	5
135	13
141	3
Market 272
4	7
30	3
76	7
87	15
95	7
115	5
127	8
137	2
146	15
Market 267
15	13
46	7
69	3
Market 50
15	15
22	3
50	9
100	15
115	10
126	15
133	11
139	8
Market 33
37	13
44	14
46	10
49	15
113	2
140	8
145	8
Market 315
2	7
9	3
19	1
25	1
41	11
42	3
46	4
88	1
120	1
134	6
Market 149
2	6
26	8
53	8
60	15
108	12
112	13
116	1
125	11
133	2
135	2
149	8
Market 110
11	6
80	10
97	4
112	5
Market 52
17	5
32	5
57	12
97	5
116	15
146	12
149	3
Market 65
67	6
68	14
95	8
119	2
123	7
Market 229
33	15
78	14
97	11
103	1
Market 266
2	8
9	4
19	14
21	6
44	4
72	6
87	5
120	10
129	11
Market 303
94	1
100	4
123	1
124	1
125	15
133	9
Market 101
34	10
45	13
94	2
113	13
Market 86
8	8
28	1
38	11
39	1
44	1
46	15
89	11
133	11
135	15
146	5
Market 165
17	4
34	11
46	10
57	3
93	11
95	7
123	10
137	7
Market 92
10	12
78	10
89	9
116	6
144	10
Market 250
19	4
27	8
30	4
44	14
56	13
111	2
121	13
Market 96
18	8
25	4
36	11
43	6
54	2
77	5
84	3
120	6
125	4
135	1
137	2
Market 162
7	5
9	12
30	8
37	15
54	12
59	13
60	6
75	4
86	8
88	2
107	8
130	6
Market 83
10	15
46	12
145	13
Market 12
35	9
46	12
59	11
65	5
69	9
76	11
93	3
118	13
145	11
Market 246
4	6
14	8
28	9
45	7
65	13
82	12
92	7
116	10
Market 46
36	5
49	11
81	6
94	9
126	6
137	9
Market 331
16	14
30	14
127	7
132	12
138	2
146	4
Market 85
2	11
24	6
53	6
88	9
93	12
99	15
120	8
124	13
126	9
132	11
134	8
144	7
148	5
Market 27
4	6
40	2
137	15
145	15
Market 69
15	4
18	2
24	14
103	3
117	2
Market 20
19	15
24	7
53	5
77	1
123	1
134	14
Market 298
19	4
101	8
124	7
146	6
Market 64
30	3
50	12
81	14
105	12
127	5
145	10
146	4
Market 8
6	9
43	10
46	11
49	9
72	9
89	9
94	2
108	2
109	3
137	4
140	13
Market 274
32	6
38	7
128	8
Market 276
8	15
16	10
42	15
57	8
69	9
83	3
121	13
Market 93
44	1
99	9
105	9
111	7
123	11
125	12
142	10
144	5
149	9
Market 227
25	1
35	6
37	1
63	12
68	14
70	1
80	14
93	13
100	8
102	15
104	6
106	11
120	3
121	3
Market 226
2	4
8	9
24	10
35	7
72	7
80	15
119	11
Market 136
4	12
5	3
17	14
66	7
91	12
101	5
104	2
123	5
127	1
Market 105
3	1
29	8
34	3
39	2
46	9
59	2
64	7
87	15
91	8
101	11
116	15
121	8
128	15
138	1
Market 321
64	13
86	11
Market 188
8	3
12	11
38	13
43	11
55	2
78	10
101	10
126	1
Market 318
54	5
103	6
143	3
Market 264
12	1
14	4
43	11
64	6
70	7
80	4
81	7
88	1
113	6
137	14
145	2
148	6
Market 43
12	1
45	15
47	4
71	1
99	11
135	5
Market 326
24	7
38	10
46	11
60	13
76	3
105	5
115	11
Market 348
26	5
87	2
137	6
Market 347
25	7
41	10
46	5
47	13
54	2
65	2
87	2
135	2
136	8
143	5
Market 206
27	11
30	7
38	4
49	2
60	5
70	8
71	4
101	10
129	9
Market 156
5	5
17	1
25	12
39	9
66	5
71	1
95	12
103	10
130	6
148	12
Market 288
1	10
2	11
4	14
5	9
9	10
18	9
22	3
24	8
25	4
38	13
41	4
71	10
83	4
88	6
89	10
99	15
106	14
119	13
120	3
143	3
Market 297
29	12
100	4
111	6
Market 338
65	13
126	8
136	5
140	8
Market 37
16	8
32	12
57	11
60	8
71	2
94	3
131	7
146	14
Market 16
15	7
24	11
35	7
39	1
41	3
64	13
100	10
134	9
148	3
Market 29
12	2
26	8
49	4
138	9
149	8
Market 32
20	12
29	13
39	5
50	9
54	7
70	15
74	14
81	15
88	15
92	14
106	1
115	3
121	3
135	8
143	2
144	6
145	5
149	13
Market 57
9	11
41	6
57	6
113	14
124	15
Market 166
2	4
12	11
17	4
64	1
67	12
68	10
73	12
80	14
91	4
113	1
134	3
136	9
146	4
Market 66
3	9
25	4
27	14
34	15
39	12
44	15
49	6
69	5
83	13
87	5
125	3
Market 210
8	14
19	5
45	3
56	8
64	9
70	9
83	10
106	5
113	1
123	12
Market 232
29	8
39	10
51	12
63	4
64	2
80	1
112	11
127	5
Market 152
33	2
38	12
39	11
54	9
144	10
Market 242
4	7
9	2
17	9
34	1
123	5
131	7
Market 245
17	3
43	11
89	11
97	5
Market 151
11	13
31	5
44	14
69	11
77	7
82	1
91	6
96	9
101	9
102	1
111	13
124	13
129	14
137	10
Market 257
22	13
26	13
46	3
69	3
73	14
91	5
100	10
144	15
Market 53
38	3
49	4
65	2
106	9
Market 6
1	2
38	11
42	5
43	5
47	7
54	5
68	3
116	10
142	14
Market 106
29	4
45	3
46	2
86	12
109	5
Market 77
8	4
25	14
33	15
38	6
42	4
43	8
53	15
78	2
93	5
96	7
105	2
106	6
129	11
130	11
133	12
146	5
Market 218
2	3
7	8
15	14
39	8
45	2
47	14
56	2
57	6
65	11
70	8
72	1
73	8
77	3
106	13
111	4
140	1
149	1
Market 327
59	9
67	8
84	9
88	7
125	12
Market 13
78	12
81	5
87	12
91	9
134	1
136	1
Market 31
50	9
61	10
65	6
70	7
72	8
78	3
83	11
109	5
142	13
Market 70
2	13
11	4
24	10
42	12
54	15
66	5
89	6
99	1
102	2
104	4
105	13
126	6
144	11
Market 307
6	7
11	7
25	1
41	7
57	9
100	11
127	10
Market 205
14	11
34	2
44	5
64	2
86	5
99	3
101	3
126	14
143	8
Market 322
18	15
45	6
67	1
84	8
113	13
129	9
134	6
137	13
Market 329
24	13
38	4
65	4
73	3
83	15
101	1
134	4
145	2
148	7
150	13
Market 195
25	1
30	6
32	12
88	9
126	2
135	1
Market 194
9	11
30	4
57	4
77	13
88	5
148	9
Market 127
49	15
55	3
69	13
124	6
146	12
Market 239
23	9
27	7
33	10
34	1
80	15
115	8
118	6
133	5
134	4
140	2
Market 293
12	4
17	10
69	11
89	15
91	3
96	6
112	2
123	3
129	6
137	13
148	6
Market 241
11	14
15	2
42	12
57	4
59	4
61	13
69	7
80	3
93	4
94	6
105	14
140	8
Market 199
32	11
49	11
65	13
83	14
84	10
88	1
110	14
132	12
142	6
143	4
Market 314
12	5
19	12
23	3
56	4
60	8
64	15
81	15
93	14
100	2
135	1
Market 342
30	7
42	4
116	2
Market 103
4	7
10	12
15	15
95	3
Market 319
105	7
106	11
144	13
Market 119
30	11
37	13
71	13
80	2
87	15
133	15
136	11
137	3
Market 177
3	13
8	13
9	2
27	13
45	12
56	15
75	10
96	5
104	9
119	7
149	7
Market 182
38	10
81	2
96	11
99	13
130	1
143	3
Market 74
8	12
14	15
19	6
42	3
60	8
80	6
88	9
109	6
124	13
Market 291
11	1
43	10
45	5
54	11
60	14
70	15
73	7
78	4
80	2
83	8
89	12
90	2
97	4
100	4
106	5
111	7
129	3
137	4
Market 59
19	2
70	14
75	1
86	1
105	6
121	7
126	12
Market 129
3	10
12	7
18	2
43	5
64	8
67	5
88	7
90	7
104	7
111	3
123	15
131	15
140	15
Market 164
33	5
73	14
76	7
88	3
113	13
121	7
148	3
149	4
Market 336
61	10
82	13
110	2
Market 181
85	10
106	12
Market 2
4	13
9	7
11	11
28	2
90	12
97	9
116	2
Market 44
30	13
58	5
76	7
83	1
87	7
93	1
94	5
107	14
127	1
140	7
142	1
Market 290
52	7
57	8
70	15
77	7
78	6
149	3
Market 41
4	15
12	13
96	11
112	5
120	1
126	4
131	12
Market 189
8	1
35	5
72	10
85	10
101	8
130	3
144	13
Market 308
13	3
15	11
65	4
125	12
146	4
148	14
Market 122
12	12
24	13
83	15
130	10
135	11
Market 5
6	8
30	11
32	13
43	7
89	2
93	6
96	12
101	6
130	11
Market 114
21	7
47	3
101	9
102	4
135	15
148	10
Market 252
2	1
4	6
11	10
12	13
18	3
33	4
70	2
85	2
111	5
Market 325
12	9
19	15
39	2
55	8
87	12
89	15
106	10
121	5
134	8
Market 98
20	4
43	4
46	10
60	4
69	14
79	3
88	7
101	4
109	2
125	9
127	4
130	10
133	14
Market 208
3	5
14	8
29	9
36	5
41	11
57	13
72	1
107	13
134	8
Market 345
5	3
53	7
144	2
Market 335
51	2
57	5
Market 81
18	11
26	2
46	7
65	9
67	12
73	13
93	6
103	13
111	6
122	8
131	6
135	10
Market 197
25	12
71	13
121	8
140	1
Market 287
8	15
54	3
65	3
109	14
125	4
129	9
138	8
144	3
145	14
147	9
149	14
Market 207
15	6
19	3
41	4
63	4
77	2
101	3
112	2
116	11
127	12
Market 161
11	4
47	12
89	2
121	1
129	13
144	5
145	9
Depot
