CapEuclideo.200.100.1.3
Total Cost:345012
|M*|: 199
Depot
Market 109
1	11
2	9
4	6
6	1
8	4
10	5
12	1
15	10
17	6
20	12
24	1
26	6
27	12
30	12
33	4
36	14
38	8
41	7
43	11
45	13
47	14
50	3
52	1
54	9
55	11
59	7
64	13
68	7
70	4
74	3
76	14
77	7
81	13
83	15
87	8
90	9
92	13
94	3
96	5
99	13
Market 121
1	12
2	2
4	2
5	14
7	1
8	12
10	10
11	11
12	12
17	11
18	6
20	7
22	4
23	15
24	9
25	10
26	14
27	4
29	7
30	4
32	5
33	12
34	4
36	5
38	2
41	8
43	1
44	3
46	8
47	11
48	6
50	5
51	6
52	6
53	3
54	15
57	3
59	12
64	13
67	8
68	10
70	2
71	11
74	4
75	3
76	2
79	10
81	5
83	10
87	14
89	4
90	7
91	2
92	14
93	7
94	7
95	9
98	1
99	15
100	1
Market 171
1	2
2	8
4	10
6	6
8	13
11	11
12	8
15	13
16	14
17	7
20	12
23	6
24	14
26	1
27	12
30	10
33	2
36	2
38	10
41	6
43	2
44	5
45	12
46	5
48	15
50	10
54	2
55	2
60	4
64	13
68	12
70	15
76	4
77	14
81	4
83	3
87	9
90	6
92	10
94	12
96	9
99	5
Market 91
1	2
2	7
4	8
5	11
7	9
10	2
11	8
15	15
16	15
18	2
20	15
22	3
23	13
25	15
27	4
29	4
32	4
37	15
38	6
40	3
41	4
44	14
46	13
48	7
51	3
52	3
53	13
55	4
57	8
64	5
67	1
69	1
71	7
75	15
76	7
77	8
79	3
82	14
85	3
89	3
91	10
93	15
95	15
98	5
100	11
Market 34
4	8
6	7
8	2
10	5
12	14
15	1
17	9
22	9
24	2
26	12
27	6
30	13
32	2
33	12
35	8
36	10
41	5
43	12
45	6
47	15
50	2
52	5
54	14
55	8
59	7
64	7
68	11
70	1
73	14
74	5
75	12
77	7
81	13
83	10
87	7
90	6
92	9
94	8
95	15
99	2
Market 62
1	7
2	4
4	12
6	7
9	6
10	15
11	2
12	4
16	11
17	11
20	4
23	1
24	10
26	11
27	3
28	4
30	5
34	9
36	2
38	1
41	13
44	4
45	10
48	6
50	10
53	2
54	9
55	1
56	11
60	15
64	11
68	9
70	9
74	10
75	6
76	2
77	6
81	8
83	13
87	7
90	5
92	10
94	12
95	3
97	14
99	1
Market 98
1	14
2	2
4	5
6	12
8	4
10	5
11	6
12	6
15	15
23	2
24	14
26	3
30	8
32	11
33	14
36	3
38	2
41	8
43	15
45	6
48	3
50	15
53	7
54	6
55	10
56	14
60	14
64	6
68	2
70	3
75	6
76	5
77	6
81	15
83	7
87	9
90	14
92	8
94	2
95	8
97	9
98	10
99	8
Market 86
1	14
2	12
4	9
6	12
9	4
10	8
11	3
12	12
15	11
16	15
17	10
20	3
22	13
24	9
26	5
30	7
33	4
36	5
38	4
41	3
44	13
45	5
48	13
50	13
52	2
53	9
54	9
55	13
56	3
60	4
64	7
68	10
70	6
74	14
76	13
77	8
81	11
83	7
87	9
90	7
92	9
94	6
97	14
99	12
Market 38
1	5
2	10
4	14
6	10
9	8
10	8
11	3
13	1
16	9
20	12
23	15
24	10
25	1
26	4
28	2
30	15
32	1
34	14
36	10
38	7
41	3
48	10
50	6
53	14
54	7
55	9
60	2
65	10
68	14
70	11
71	10
74	12
75	14
76	2
77	15
81	1
83	4
89	3
90	6
92	6
94	8
95	14
97	12
99	2
100	8
Market 56
1	7
4	4
5	9
7	13
10	12
11	5
16	5
18	5
22	5
23	14
27	7
29	2
32	1
34	3
38	5
40	7
41	5
46	11
48	8
52	3
55	3
57	3
64	13
67	9
68	13
70	14
71	6
75	15
77	13
79	8
81	7
82	7
86	8
89	14
91	12
95	7
98	5
100	13
Market 44
1	4
4	4
5	3
6	9
7	3
8	2
10	11
11	1
12	14
15	15
16	10
18	11
22	13
23	11
24	8
25	15
27	10
30	12
32	3
35	10
38	7
40	7
43	4
44	11
45	7
47	12
48	14
52	15
53	2
55	12
57	2
64	2
67	10
70	7
71	3
75	6
77	1
80	4
82	12
87	4
89	2
91	5
92	9
93	8
94	12
95	5
98	11
100	15
Market 14
1	2
4	1
9	3
11	7
13	2
16	12
17	5
20	1
23	4
26	7
28	14
30	4
34	8
36	4
38	7
41	15
44	15
48	6
53	5
55	3
57	6
60	12
65	15
68	2
70	1
76	6
78	13
87	1
90	1
94	7
97	3
99	10
Market 68
1	4
2	12
4	4
5	4
7	8
10	3
11	6
15	9
16	6
17	9
18	4
22	14
23	4
25	11
27	13
29	3
32	14
34	9
38	5
40	4
41	13
43	2
44	6
46	14
48	3
52	2
53	13
54	12
55	4
57	2
64	7
67	13
68	5
70	3
71	11
75	6
77	10
79	7
81	3
82	1
83	5
86	2
89	6
90	6
91	6
92	13
93	15
94	15
95	2
98	10
100	9
Market 57
1	11
2	11
4	6
5	10
6	2
7	14
8	15
10	14
11	11
12	8
15	10
17	8
18	2
19	13
22	1
23	4
24	6
25	5
26	10
27	2
29	12
30	15
32	12
33	3
34	6
35	12
36	9
38	6
40	1
41	13
43	8
44	11
45	7
47	15
48	9
49	9
50	7
52	9
53	4
54	13
55	2
57	11
59	12
64	9
67	9
68	10
69	6
70	13
71	15
74	1
75	2
76	10
77	6
79	5
80	9
81	5
82	10
83	13
87	2
89	7
90	11
91	12
92	8
93	7
94	9
95	9
98	7
100	6
Market 174
1	5
2	7
4	8
7	12
9	12
11	9
16	9
17	12
20	11
23	6
25	1
26	7
28	7
32	10
34	4
36	9
39	15
41	1
44	3
46	15
48	12
51	11
55	13
57	4
65	2
68	10
71	4
74	11
76	8
81	13
83	10
89	10
90	7
93	1
95	3
97	1
100	8
Market 25
1	9
2	15
3	4
4	1
5	6
6	9
7	14
8	13
10	11
11	5
12	11
15	1
16	10
17	13
18	13
22	6
23	10
24	12
26	2
27	3
29	4
30	7
32	14
33	6
34	11
36	11
38	8
40	4
41	10
45	9
46	4
48	6
50	3
52	5
53	9
54	5
55	7
56	12
57	5
60	12
64	14
68	1
69	15
70	13
71	8
75	1
76	11
77	2
79	12
81	9
82	9
83	12
86	10
87	9
89	11
90	13
92	5
93	6
94	2
97	6
98	13
99	5
100	5
Market 60
1	8
2	1
4	10
6	10
8	6
11	11
12	4
15	15
17	1
20	3
22	10
23	7
24	9
26	10
27	15
30	7
33	8
36	2
38	12
41	9
43	8
44	7
45	14
47	4
48	3
50	9
52	12
54	5
55	12
64	9
68	15
70	3
74	14
76	11
77	12
81	5
83	3
94	8
95	14
99	7
Market 102
2	11
4	2
5	5
7	2
10	12
11	7
14	3
16	8
17	15
20	12
23	13
25	9
27	1
32	15
34	9
36	5
39	8
41	12
44	8
46	12
48	2
51	6
53	9
55	9
57	15
62	14
65	1
68	7
71	12
75	7
76	15
78	2
81	9
84	7
89	8
90	1
93	4
95	5
98	3
100	10
Market 151
1	10
2	10
4	10
5	5
6	15
7	5
8	6
10	6
12	5
14	6
15	14
16	3
18	10
20	8
22	5
23	2
25	10
26	6
27	8
29	1
30	1
32	1
33	15
34	13
36	5
38	4
39	11
43	15
44	9
45	4
46	11
47	8
50	15
51	5
52	3
53	1
54	12
55	13
57	14
59	13
62	8
64	8
67	14
68	12
70	3
71	13
74	12
75	13
76	5
79	2
81	1
83	1
85	15
87	10
89	2
90	9
91	11
92	2
93	7
94	13
98	14
99	4
100	11
Market 46
1	1
2	5
6	6
8	4
10	1
12	2
15	14
17	5
19	9
22	7
24	8
27	3
32	5
35	9
38	5
41	11
43	8
45	4
47	8
50	3
52	8
54	7
55	8
59	10
64	2
68	4
70	7
77	8
81	11
87	8
94	5
95	3
98	4
Market 29
1	5
2	15
4	2
5	14
7	2
10	3
11	1
14	14
17	3
18	4
20	13
23	6
25	10
26	10
27	2
29	15
32	4
34	10
36	15
39	15
41	6
44	9
46	3
48	1
51	5
53	3
54	5
55	14
57	2
60	15
62	4
66	9
68	3
70	1
71	5
74	8
75	5
76	1
78	15
81	13
83	13
84	14
89	15
90	7
91	1
92	2
93	8
94	4
95	2
98	3
100	3
Market 51
1	1
2	5
4	13
6	2
7	9
8	1
9	15
10	10
11	4
12	8
13	13
15	2
16	7
17	7
20	8
22	10
23	11
24	7
26	6
27	9
28	14
30	10
31	1
32	11
34	12
35	10
36	8
38	11
39	13
41	1
43	6
44	14
46	1
48	10
50	1
52	9
53	13
54	13
55	12
57	12
59	7
60	13
64	11
65	4
70	10
74	2
75	3
76	14
77	15
78	15
81	1
83	15
87	10
90	9
92	9
94	5
95	10
97	11
98	7
99	6
Market 168
1	12
2	9
4	8
6	10
8	5
10	9
11	12
17	13
19	12
22	7
23	14
24	1
26	1
27	2
30	2
32	11
35	9
38	1
41	3
43	11
47	8
48	9
50	1
52	9
54	11
55	11
59	5
64	10
70	3
73	1
77	6
81	3
87	11
94	10
95	10
98	9
Market 32
2	10
4	4
6	14
8	2
10	14
11	15
16	7
17	10
18	7
25	7
26	6
27	12
32	14
35	8
36	1
38	12
40	11
41	14
44	12
47	2
48	5
52	6
55	1
58	10
64	3
67	3
68	9
70	9
71	6
77	14
81	3
82	8
87	5
89	6
90	15
92	2
94	15
95	14
98	6
100	14
Market 196
1	1
2	12
5	8
6	1
7	3
9	9
10	13
11	7
12	9
16	10
20	1
23	10
24	12
25	10
26	12
28	2
29	1
30	8
32	4
36	2
38	6
44	10
45	9
46	5
48	13
53	13
54	4
55	10
56	13
60	5
64	5
68	14
74	2
75	2
76	5
77	8
83	3
87	3
89	14
90	2
92	9
94	10
95	13
97	10
99	6
100	14
Market 136
1	9
2	13
4	13
7	6
9	5
10	8
11	3
13	5
16	8
17	11
20	10
23	2
24	1
26	6
27	7
28	9
30	9
34	2
36	8
38	6
41	14
44	1
46	12
48	8
50	14
53	12
54	13
55	2
57	11
60	11
65	9
68	11
70	4
75	10
76	6
78	12
81	5
83	8
87	4
90	9
92	11
94	4
95	7
97	13
99	8
Market 125
1	5
2	14
4	1
6	2
8	10
9	12
10	5
11	9
12	12
13	6
15	3
16	9
17	9
18	5
20	6
22	1
23	2
24	14
25	11
26	9
27	7
28	8
30	6
32	6
34	3
35	8
36	4
38	4
39	12
40	3
41	14
43	10
44	11
45	14
46	1
47	2
48	12
49	13
51	12
52	4
53	11
54	7
55	12
57	8
59	15
61	11
64	1
65	15
67	2
68	8
70	8
71	9
72	1
74	3
75	2
76	1
77	9
78	11
80	10
81	3
82	1
83	12
87	14
89	9
90	9
92	4
94	5
95	12
97	1
98	10
100	7
Market 43
1	4
2	10
3	10
4	12
5	10
7	15
9	9
10	14
11	5
13	12
15	7
16	8
17	14
18	7
20	7
23	11
25	6
26	14
28	13
29	5
32	6
34	6
36	12
38	5
39	13
40	4
41	13
42	13
44	8
46	11
48	8
51	14
52	3
53	13
55	13
57	15
61	2
64	4
65	15
67	5
68	11
69	6
71	14
75	15
76	6
78	12
79	11
81	3
82	1
83	15
86	1
89	10
90	3
91	10
93	14
95	3
97	6
98	4
Market 199
1	11
4	13
6	3
7	11
9	5
10	12
13	4
14	12
16	10
17	6
18	7
20	2
23	8
24	10
25	1
27	6
28	15
29	14
30	11
34	12
36	2
38	12
39	9
44	6
46	9
48	8
50	10
51	13
53	15
54	6
57	2
60	7
61	10
65	12
68	11
70	15
71	8
74	5
75	13
76	5
78	2
81	11
83	2
87	8
89	13
90	7
92	13
93	6
95	2
97	7
98	6
Market 115
1	5
2	15
4	2
5	9
7	6
10	4
11	9
16	9
18	8
20	3
23	12
25	11
27	14
29	5
34	9
36	2
38	6
40	11
44	4
46	3
48	8
51	12
53	4
55	15
57	7
63	11
64	3
67	3
69	14
70	7
75	1
76	12
77	15
79	13
82	14
85	15
89	10
91	1
93	11
95	11
98	1
100	4
Market 152
2	14
4	2
5	12
7	12
10	13
11	7
15	4
16	2
17	1
18	9
22	7
24	7
25	12
27	1
30	15
32	11
34	11
37	4
40	10
41	6
44	11
46	11
48	5
51	1
52	14
53	3
54	4
57	8
63	15
67	1
69	5
70	9
71	9
75	13
76	11
82	2
85	12
87	8
89	9
91	1
92	15
93	15
94	9
95	6
98	2
100	5
Market 5
1	8
2	14
5	14
7	2
10	13
11	4
14	10
15	1
16	5
17	7
18	9
20	4
23	10
25	8
27	6
29	12
34	4
36	10
39	4
40	9
41	10
44	5
46	9
48	8
51	9
53	13
57	14
67	9
68	6
70	3
75	9
76	15
79	5
81	9
82	15
85	5
90	2
91	4
93	9
95	7
98	14
100	2
Market 19
1	14
2	8
3	1
4	14
5	1
6	3
7	2
8	6
10	8
11	11
12	4
15	10
16	12
17	13
18	10
20	10
23	9
24	3
25	14
26	1
27	12
29	2
30	13
32	3
33	14
34	8
36	7
38	1
40	6
41	1
42	9
43	14
44	6
45	3
46	5
47	11
48	11
50	6
52	8
53	9
54	15
55	10
59	3
64	15
67	4
68	12
71	1
74	4
75	13
76	4
77	11
79	7
81	13
86	3
89	5
90	6
91	12
93	4
94	8
95	12
96	9
97	2
98	1
99	15
100	6
Market 73
1	7
2	10
4	11
6	4
8	3
10	14
11	4
12	10
15	13
16	9
17	2
20	7
23	4
24	5
26	13
27	10
30	10
32	7
33	14
36	4
38	4
41	12
43	15
44	6
45	3
48	15
50	1
53	8
54	9
55	14
60	11
64	14
68	3
70	10
74	5
76	8
77	10
81	10
83	12
87	5
90	2
92	2
94	8
95	15
96	2
99	15
Market 117
1	3
2	2
4	3
5	3
6	4
7	9
8	10
10	10
11	1
12	3
15	11
16	5
17	5
21	8
22	10
23	14
24	13
25	8
26	15
27	8
29	15
30	6
32	13
34	14
35	15
38	11
40	12
41	4
45	3
46	4
47	11
48	11
52	15
53	13
54	3
55	1
57	4
59	6
63	10
67	11
68	11
69	14
70	6
71	2
75	2
76	8
77	1
79	9
82	6
83	11
89	14
90	9
91	3
92	3
93	4
94	8
95	5
98	12
100	15
Market 95
4	8
6	14
8	10
10	15
11	11
12	2
15	11
16	9
17	7
18	1
19	8
22	7
23	5
24	7
26	1
27	5
30	12
35	7
36	7
38	14
41	8
43	15
44	4
45	2
47	11
48	4
50	5
52	13
53	8
55	12
64	12
70	2
73	14
74	7
75	1
77	8
81	3
83	11
87	4
90	4
92	6
94	1
95	12
98	8
Market 42
1	11
2	13
4	7
5	10
7	13
10	12
11	13
16	9
17	10
18	1
20	11
23	11
25	12
26	3
27	15
29	14
32	1
37	1
38	12
40	3
41	15
46	9
48	9
51	8
53	3
55	6
63	12
64	7
68	3
69	15
70	12
71	14
75	15
76	9
77	9
79	13
82	6
83	11
85	12
89	4
90	6
91	12
93	12
94	7
95	3
98	3
100	11
Market 54
1	3
4	8
5	3
7	14
10	9
11	4
15	4
16	10
18	2
20	4
23	6
25	15
27	7
29	6
30	11
32	5
34	8
36	6
38	5
40	10
44	2
46	15
48	15
51	11
53	15
55	4
57	5
63	2
64	2
67	14
68	4
70	1
71	10
75	13
76	5
77	12
79	5
82	10
85	6
87	6
91	4
92	3
93	10
94	6
95	10
98	7
Market 169
1	13
2	13
4	2
6	1
7	12
8	14
9	10
10	15
11	4
12	5
13	3
15	4
16	3
19	3
20	6
22	9
23	14
24	8
26	8
27	5
30	3
31	4
34	13
38	8
39	2
41	15
43	4
44	3
45	8
46	11
47	3
48	9
50	14
52	10
53	11
54	5
55	14
57	11
59	10
65	13
68	15
70	1
74	2
75	14
76	4
77	5
78	8
81	8
83	7
87	2
90	3
92	9
95	6
97	4
99	15
Market 172
1	2
2	14
4	3
6	1
9	3
11	8
13	11
16	10
17	13
20	1
23	8
24	14
26	14
28	3
30	14
34	15
36	4
38	9
41	9
44	5
48	13
50	4
53	4
54	1
56	3
60	12
64	5
68	12
70	2
74	11
76	3
77	9
81	4
83	5
87	7
90	13
92	5
94	8
97	10
99	11
Market 184
1	9
2	8
4	14
9	13
11	5
12	10
16	11
17	4
23	14
27	2
28	15
30	15
34	11
38	2
41	13
44	5
45	11
48	5
50	9
53	6
55	5
56	13
60	3
64	4
68	7
74	3
76	9
77	13
81	9
83	15
87	14
92	4
94	15
97	7
99	3
Market 148
1	10
2	7
4	13
6	5
9	15
11	7
16	11
17	4
20	6
23	14
24	7
26	2
27	3
28	1
30	9
34	14
36	2
38	11
44	3
46	4
48	9
50	13
53	7
57	3
64	14
65	3
68	14
70	10
74	15
76	15
77	14
78	4
81	1
83	14
87	13
90	5
94	6
95	2
97	7
99	2
Market 144
1	12
2	11
4	10
6	7
8	10
10	5
12	5
16	5
17	8
19	3
22	14
24	10
26	5
27	3
30	7
32	1
35	10
38	11
41	2
43	11
45	3
47	3
50	2
52	7
53	6
54	9
55	15
59	7
68	12
70	4
74	7
75	10
77	11
81	7
83	9
87	14
92	5
94	10
95	7
98	9
Market 61
1	1
4	12
6	4
7	14
8	15
11	5
12	3
15	14
16	3
17	3
20	14
24	6
25	6
26	15
27	8
30	14
32	5
33	13
34	2
36	7
38	14
41	11
43	14
44	15
45	8
46	4
48	9
50	13
53	2
55	7
57	6
60	13
64	10
68	5
70	8
71	1
74	13
76	12
77	1
81	14
83	5
87	13
89	15
92	4
94	6
96	9
97	10
99	14
100	4
Market 124
1	7
2	12
4	5
7	11
9	7
10	15
11	10
13	14
15	11
16	9
20	14
23	14
26	13
27	12
28	8
31	8
34	4
36	9
39	11
41	11
44	13
46	15
48	1
50	2
53	8
54	2
55	2
57	12
60	7
65	2
70	11
74	7
75	11
76	8
78	5
81	6
83	9
87	7
90	10
92	8
94	6
95	13
97	5
99	12
Market 101
1	8
4	6
7	9
11	15
13	7
16	10
17	10
20	7
23	13
25	7
26	11
27	9
28	10
32	12
34	2
36	15
39	6
41	13
46	1
48	4
51	8
55	14
57	15
61	2
65	13
68	7
70	6
71	11
75	13
76	2
78	10
81	11
83	8
89	15
90	6
93	4
94	7
95	3
100	4
Market 161
1	3
2	5
4	4
7	1
9	11
11	5
13	8
16	15
17	4
20	7
23	3
25	10
26	14
32	13
34	1
36	5
41	12
44	1
46	14
48	5
50	5
51	11
53	10
54	4
57	4
60	12
61	9
65	9
68	14
70	3
74	7
76	8
78	9
81	10
83	2
89	1
90	7
94	7
97	6
99	7
100	13
Market 133
1	6
2	6
4	12
6	3
10	6
11	11
12	1
15	10
17	7
19	12
22	10
26	10
30	3
33	11
36	4
38	13
41	2
43	7
45	5
47	5
48	6
50	2
52	4
53	1
54	9
55	15
60	14
64	1
68	5
70	12
74	3
75	3
76	6
77	4
83	4
87	10
90	11
94	6
95	11
99	1
Market 111
1	3
2	14
4	12
6	6
8	9
9	10
11	7
12	15
13	2
15	13
16	8
17	3
20	12
23	7
24	13
26	15
27	15
28	10
30	4
32	9
33	4
34	12
36	1
38	15
41	8
43	3
44	1
45	5
46	4
48	7
50	11
53	1
54	14
55	1
56	1
57	9
60	11
64	11
65	15
68	2
70	1
74	5
76	7
77	13
78	3
81	11
83	5
87	12
90	13
92	7
94	5
97	3
99	11
Market 20
1	11
2	14
4	7
6	3
8	13
10	11
12	3
15	7
16	10
18	9
20	11
22	11
23	11
27	11
30	10
32	13
35	9
36	8
38	1
40	10
41	12
43	13
44	1
47	11
48	11
52	14
53	14
55	2
59	10
67	10
68	15
70	6
71	12
75	9
77	1
81	4
82	6
87	5
89	3
92	6
94	7
95	15
98	11
Market 156
2	9
4	12
6	1
12	15
15	13
17	14
19	4
22	13
24	3
26	12
30	7
32	2
35	10
45	12
50	14
52	8
53	5
54	9
59	4
68	9
70	15
73	9
75	9
77	4
81	9
83	4
87	10
90	3
92	1
94	13
95	2
98	3
Market 4
1	13
2	1
4	2
7	15
10	11
11	2
14	10
16	9
17	9
20	13
23	5
25	9
26	3
29	7
32	13
34	11
36	10
38	8
39	8
41	3
44	14
46	2
51	2
53	8
55	9
57	12
61	3
65	4
68	12
71	14
75	12
76	12
78	8
81	9
83	7
89	11
90	15
93	15
95	3
97	11
100	1
Market 150
1	13
2	13
4	5
7	13
10	1
11	14
14	2
16	12
17	15
20	9
23	10
25	5
26	3
27	10
28	9
32	10
38	2
39	6
41	15
44	8
46	11
48	15
51	3
53	12
55	15
57	5
61	7
64	8
65	9
68	3
71	4
75	11
77	5
78	4
81	2
83	10
89	14
90	9
93	12
95	15
97	9
100	9
Market 21
1	11
2	3
4	11
6	14
8	9
10	10
11	8
15	12
17	13
18	7
20	1
22	10
23	15
24	3
25	11
27	11
30	12
32	9
35	15
36	10
38	11
40	9
41	4
43	1
45	13
47	6
48	13
50	6
52	7
53	13
54	2
55	2
59	14
64	10
68	12
70	5
72	1
75	2
76	15
77	14
81	10
83	5
87	8
90	6
92	6
94	1
95	12
98	1
Market 183
1	5
2	5
4	1
6	9
8	5
11	8
15	15
17	3
20	15
23	1
24	13
26	4
27	5
30	15
33	12
36	8
38	6
41	6
44	3
45	6
48	5
50	11
53	8
54	15
55	2
60	8
64	1
68	1
70	9
74	4
77	4
81	9
83	7
90	14
92	1
94	3
96	11
97	1
99	13
Market 41
1	15
2	12
4	1
5	6
6	2
7	14
8	2
10	9
11	6
12	8
15	11
16	13
17	15
20	1
22	2
23	3
24	14
27	15
29	4
30	3
32	14
34	12
36	12
38	11
41	8
43	13
44	1
45	15
46	10
47	5
48	9
51	7
52	8
53	1
54	12
55	15
57	2
59	10
62	5
64	8
65	13
68	8
70	3
71	4
75	5
76	6
77	7
78	10
81	14
84	5
87	1
90	6
92	5
93	3
94	15
95	5
98	10
100	13
Market 188
2	5
4	1
5	12
6	10
7	12
8	11
10	12
11	7
12	7
15	13
16	9
17	14
18	9
23	7
24	11
25	14
26	5
27	4
29	9
30	4
32	2
33	9
34	12
36	12
38	3
40	3
43	3
44	11
45	1
46	7
48	4
50	7
51	12
53	10
54	11
57	11
62	7
64	15
67	4
68	3
70	2
71	6
74	10
76	14
77	10
79	1
82	9
87	14
89	14
90	6
91	2
93	8
94	7
95	1
98	3
99	9
100	15
Market 166
1	13
2	4
4	2
5	2
8	11
10	9
15	14
16	4
18	1
22	13
23	11
25	6
27	2
30	11
35	9
36	14
38	14
40	10
43	12
44	2
47	8
48	7
52	4
53	13
55	10
58	9
64	6
67	7
68	5
70	14
71	8
75	12
77	6
80	13
81	15
82	9
87	12
89	2
92	12
94	8
95	6
98	12
100	7
Market 173
1	4
2	8
4	6
7	13
9	1
10	13
11	4
13	4
16	5
17	10
20	14
24	8
26	4
27	7
28	8
32	7
34	9
36	7
39	1
41	8
44	8
46	7
48	10
50	13
53	11
54	3
57	3
60	5
65	2
68	8
70	14
74	9
75	4
76	5
78	10
81	14
83	5
88	13
90	10
92	12
94	6
95	15
97	11
99	8
Market 33
1	15
2	1
4	11
6	6
8	9
10	3
11	13
12	3
15	3
17	7
18	8
20	9
22	10
24	1
26	15
27	8
30	12
32	13
35	9
36	1
38	4
40	4
41	3
43	7
45	2
47	12
49	3
50	1
52	15
53	5
54	4
55	4
59	7
64	12
67	2
68	13
70	12
72	6
74	8
75	13
76	1
77	2
80	5
81	2
82	10
83	11
87	6
89	5
90	8
92	7
94	8
95	14
98	4
99	8
Market 52
1	4
2	1
4	11
7	2
9	7
11	8
13	8
16	9
17	15
20	12
23	13
25	13
26	3
28	10
32	3
34	8
36	10
39	11
41	8
44	9
48	4
51	15
54	3
57	8
61	2
65	7
70	5
71	13
74	3
76	2
78	10
81	13
83	12
90	7
92	5
94	9
95	12
97	15
100	3
Market 99
1	12
2	10
4	15
5	3
7	3
8	13
9	6
10	8
11	14
12	13
13	12
15	15
16	2
17	14
18	8
22	8
24	14
25	5
26	1
27	5
28	12
29	1
30	5
32	1
33	13
34	4
36	13
38	12
41	6
43	11
44	11
45	10
46	10
47	4
48	9
50	6
51	3
53	6
54	5
55	12
59	3
60	15
64	9
65	12
67	11
68	9
70	9
71	13
74	10
75	11
76	4
77	8
79	7
81	5
83	5
85	8
87	5
89	12
91	2
92	11
93	7
95	4
96	6
97	1
98	10
99	7
100	8
Market 141
2	10
4	9
5	15
10	1
11	14
15	14
16	8
18	9
22	14
23	6
25	7
26	8
27	12
29	14
32	14
34	1
36	3
38	8
40	6
41	12
42	5
44	4
46	4
48	4
52	9
53	15
55	1
57	13
64	12
68	10
69	6
71	7
75	12
77	15
82	4
83	7
86	8
89	4
90	6
91	1
93	2
95	3
98	8
100	10
Market 87
1	5
2	6
4	4
9	5
11	15
12	12
13	11
15	9
16	14
17	5
19	6
20	11
22	8
23	2
24	15
26	1
27	14
28	1
30	7
32	6
34	8
35	9
36	3
38	8
41	2
44	11
45	7
46	11
47	14
48	13
50	14
52	7
53	11
55	13
57	7
60	4
64	1
65	8
68	5
70	4
73	3
74	4
75	11
78	1
81	4
83	10
87	14
90	4
92	9
94	14
95	9
98	4
99	9
Market 90
1	11
2	11
4	5
5	4
6	12
7	5
10	9
14	8
17	6
18	14
20	6
23	5
24	4
25	10
27	9
29	7
30	9
34	10
38	6
39	11
41	12
44	15
46	14
48	7
51	9
53	5
54	6
55	1
57	12
62	1
67	12
68	14
70	5
71	1
75	10
76	1
78	7
81	4
84	10
87	14
89	8
91	2
92	11
93	1
94	5
95	12
98	7
100	15
Market 27
1	14
2	15
4	13
7	8
9	13
10	3
11	7
13	11
15	10
16	5
17	7
20	15
23	10
24	1
26	2
27	8
28	6
32	15
34	14
36	15
39	14
41	13
44	1
46	2
48	12
51	15
53	13
54	13
55	11
57	1
60	11
65	8
68	9
70	1
74	7
75	2
76	2
78	14
83	10
89	5
90	8
92	10
94	13
95	14
97	12
98	8
99	4
Market 198
1	14
2	15
4	10
7	15
9	8
10	14
11	7
13	9
16	6
17	12
20	11
23	12
25	12
28	12
32	4
34	10
36	8
39	6
41	9
44	5
46	11
48	10
51	9
53	9
54	3
55	3
57	7
61	1
65	11
68	10
70	1
74	8
75	7
76	10
78	11
81	3
83	8
89	12
92	11
94	13
95	15
97	13
100	2
Market 200
1	11
2	8
4	12
7	8
10	9
11	6
14	7
15	10
16	15
17	13
18	4
20	4
23	8
24	2
25	6
26	5
27	12
29	2
32	15
34	5
36	12
38	14
40	12
41	14
43	6
44	5
46	2
51	12
52	12
53	13
54	2
55	7
60	3
62	9
64	1
67	12
68	11
70	2
71	8
74	10
75	8
76	1
77	15
79	5
82	11
83	8
85	12
90	2
91	11
92	8
93	8
94	5
95	4
98	12
100	2
Market 130
1	12
4	5
6	4
8	7
10	9
11	6
12	11
15	8
17	13
18	14
22	11
23	9
24	1
25	11
27	6
30	13
32	2
38	13
40	5
41	4
43	1
44	6
45	11
47	6
48	4
49	1
52	13
53	14
54	9
55	13
59	5
64	4
67	3
70	6
75	14
76	3
80	15
87	7
89	6
92	4
94	7
95	11
Market 180
1	7
6	12
8	10
10	15
12	10
15	11
17	3
19	14
22	7
24	5
26	14
27	10
30	2
35	9
38	1
41	1
43	10
45	8
47	12
50	8
52	10
54	5
55	4
59	13
64	11
68	5
70	14
73	8
75	7
77	5
81	12
83	6
87	1
90	3
92	15
94	5
95	6
98	7
Market 76
1	3
2	8
6	10
7	12
8	1
9	11
10	3
11	3
12	7
15	8
16	1
17	14
20	14
22	14
23	13
24	1
25	15
26	2
28	15
30	7
32	11
34	4
36	15
38	8
39	13
41	8
43	11
44	12
45	8
46	9
47	5
48	14
51	1
52	1
53	14
54	6
55	3
57	3
59	15
61	14
64	10
65	13
68	10
70	3
76	5
77	4
78	15
81	12
87	10
89	12
90	1
92	3
97	1
Market 157
1	11
2	5
4	12
6	2
7	6
8	11
10	13
11	15
12	13
15	1
16	4
20	6
22	6
23	12
24	11
25	10
26	8
27	4
30	8
32	7
33	6
34	2
36	11
38	1
41	1
43	10
44	12
45	8
46	4
47	12
48	13
50	2
52	9
53	6
54	3
55	8
59	14
60	6
64	14
68	7
70	3
71	9
76	7
83	13
87	14
89	5
90	7
92	1
93	12
94	13
95	2
96	14
99	9
100	3
Market 7
1	4
4	12
5	9
6	11
7	8
8	10
10	7
11	8
12	14
15	13
16	13
17	2
18	14
19	4
22	3
23	6
24	2
25	3
26	10
27	6
30	7
32	1
34	6
35	5
38	13
40	11
41	1
43	6
44	13
45	13
46	15
47	3
48	11
50	1
52	10
53	8
54	9
55	1
57	13
59	11
67	1
68	5
69	2
70	6
71	13
72	3
75	6
77	13
79	9
81	4
82	11
83	4
86	15
87	9
89	10
90	4
91	8
92	3
93	13
94	15
95	12
98	10
100	11
Market 149
1	2
2	2
4	2
6	14
7	8
8	12
9	1
11	11
12	9
13	10
15	7
16	2
17	7
20	10
23	1
24	5
25	2
26	10
27	4
28	6
30	7
32	14
33	2
34	6
36	3
38	13
39	9
41	15
44	6
45	6
46	14
48	4
51	4
53	11
54	3
55	14
56	9
57	13
60	12
64	5
65	5
68	4
70	12
74	11
75	12
76	12
77	6
78	15
81	5
87	4
89	8
90	11
92	4
94	11
95	6
97	6
99	9
100	10
Market 129
1	2
2	15
4	6
5	9
10	1
11	4
15	14
16	10
18	9
22	5
23	8
25	7
27	14
29	15
32	10
34	9
38	3
40	10
41	4
43	13
44	8
48	6
52	11
53	6
55	7
57	12
64	8
67	3
68	14
70	11
75	12
77	2
79	14
81	9
82	12
86	7
89	8
91	9
93	4
95	7
98	4
100	1
Market 78
1	3
2	15
4	14
5	15
7	2
10	8
11	11
14	11
15	5
16	8
18	14
20	14
23	9
25	7
27	3
29	15
32	4
34	7
36	3
37	7
39	13
40	5
41	9
44	5
46	12
48	1
53	6
55	3
57	13
62	8
63	13
67	10
69	2
71	9
76	14
79	11
81	1
82	4
85	6
89	9
91	1
93	4
95	6
98	3
100	3
Market 175
1	1
2	7
4	3
5	15
6	9
7	8
8	5
10	9
11	1
12	8
14	14
15	14
16	13
17	14
19	10
20	11
22	8
23	7
24	7
25	8
26	4
27	14
30	6
32	14
34	11
35	8
36	3
38	8
39	5
41	15
43	9
44	3
45	11
46	5
47	13
48	15
50	11
51	11
52	2
53	6
54	4
55	13
57	6
59	3
62	2
64	14
68	11
70	3
71	10
73	8
75	13
76	14
77	5
78	6
81	7
83	6
84	9
89	1
90	5
92	5
94	12
97	10
98	7
100	2
Market 108
1	6
2	14
4	4
6	5
8	6
10	5
11	9
12	13
15	11
16	11
17	12
19	10
20	11
22	12
23	8
24	15
26	12
27	8
30	11
32	7
33	2
34	1
36	12
38	4
41	13
43	4
44	13
45	9
47	2
48	14
50	8
52	13
53	5
54	6
55	7
59	5
64	12
68	9
70	15
74	11
76	14
77	11
83	14
87	2
90	10
92	1
94	2
95	15
97	3
Market 195
1	3
2	10
4	1
6	15
7	1
8	5
10	9
11	3
12	15
15	15
16	4
17	3
20	14
23	15
24	9
26	11
27	3
30	9
32	14
33	7
34	6
36	15
38	10
41	6
43	1
44	13
45	8
46	4
48	10
50	11
53	6
54	2
55	4
57	9
60	9
64	15
68	5
70	6
74	1
75	8
76	2
77	1
81	3
83	15
87	13
90	7
92	10
94	3
95	5
96	5
98	6
99	8
Market 140
1	11
3	3
4	5
7	1
10	6
11	6
15	2
16	5
18	14
21	10
23	1
24	14
25	11
27	8
29	1
30	1
32	11
34	13
37	10
38	9
40	3
41	13
43	1
44	2
46	8
48	5
52	12
55	2
57	10
63	9
64	13
69	12
70	2
71	14
75	5
76	7
77	9
79	9
82	2
87	9
92	14
93	6
94	11
95	3
98	7
100	15
Market 182
2	13
4	12
6	2
8	12
10	5
15	12
17	12
20	10
22	7
24	8
27	12
30	7
33	11
36	13
38	13
43	12
45	7
47	6
50	7
52	4
54	7
55	6
59	9
64	2
68	6
70	5
74	12
77	2
81	14
83	15
87	1
90	4
92	12
95	15
99	3
Market 192
1	2
2	5
4	12
5	5
6	6
7	4
8	8
10	4
11	2
12	7
15	14
16	2
17	13
18	6
20	5
22	12
23	9
25	12
26	6
27	9
29	12
30	15
34	9
35	4
36	3
40	10
41	14
43	3
46	15
48	3
50	13
54	11
55	14
57	13
59	5
64	14
68	14
70	2
71	7
72	12
75	7
77	1
81	1
83	11
87	9
89	13
92	1
93	12
94	3
98	3
100	12
Market 186
1	15
2	10
4	10
7	13
9	2
10	7
11	11
13	9
17	6
20	5
23	5
25	12
26	9
27	14
28	2
32	8
34	3
36	7
39	9
41	10
44	11
46	7
48	9
51	9
53	3
54	12
55	9
57	4
61	11
65	12
68	7
71	2
74	14
76	3
78	15
81	14
83	11
89	8
90	5
95	1
97	5
100	13
Market 185
1	6
2	11
4	6
7	4
10	8
11	10
13	6
15	13
16	11
17	5
22	4
23	6
24	9
26	4
27	14
28	2
31	12
32	15
34	2
36	8
39	5
41	14
44	11
46	2
48	12
50	2
52	1
53	1
54	13
55	10
57	12
60	5
65	2
68	5
70	5
74	6
75	15
76	5
78	8
81	9
83	10
87	5
90	4
92	2
94	3
95	7
97	9
98	10
99	8
Market 24
1	13
2	15
4	5
6	8
8	13
11	9
12	13
20	8
22	9
24	15
25	5
26	7
27	9
30	2
32	9
33	7
36	10
43	3
45	4
47	4
50	13
53	5
55	15
60	12
64	10
68	2
74	15
76	14
77	11
81	2
83	2
87	5
89	9
90	4
92	14
94	7
95	4
96	1
Market 48
1	1
2	12
4	11
6	11
8	1
10	4
11	1
17	11
20	13
22	10
23	14
24	6
25	8
26	15
27	10
30	14
32	4
33	7
36	9
38	5
40	4
41	5
43	14
45	1
47	12
48	2
50	11
52	9
53	4
54	12
55	10
59	11
64	3
67	15
68	2
70	12
71	3
74	6
75	1
76	12
77	9
81	1
82	4
83	2
87	1
89	15
90	11
92	14
94	7
95	8
96	13
98	8
99	7
Market 142
1	10
4	8
6	15
8	7
10	10
12	9
15	6
16	8
17	10
18	8
22	8
23	1
24	15
25	4
32	4
35	5
38	14
41	4
43	12
44	1
45	7
47	3
48	10
53	11
54	5
55	3
59	2
67	4
68	8
71	10
77	14
80	3
81	2
82	7
87	2
89	4
92	12
94	2
95	4
98	13
Market 178
1	8
4	15
5	5
7	1
11	4
15	1
16	13
18	3
22	14
23	2
25	8
27	13
32	10
34	15
38	6
40	15
41	15
43	4
44	2
48	8
52	13
53	7
55	2
57	14
64	2
67	15
70	13
71	1
75	12
77	14
79	8
82	7
86	6
91	15
93	13
95	11
98	2
100	6
Market 160
1	14
2	2
4	2
6	11
8	9
9	3
10	8
11	1
12	7
13	11
15	11
17	10
18	9
20	9
22	7
23	3
24	3
25	6
27	6
28	9
30	4
34	9
35	2
36	9
38	2
40	8
43	10
47	10
48	8
50	2
52	11
54	3
55	4
57	9
59	2
60	14
64	15
65	10
67	14
68	5
70	14
74	1
75	13
76	5
77	8
78	8
81	2
83	10
87	12
89	13
90	7
92	8
94	12
95	2
97	13
98	11
99	12
Market 163
1	1
4	2
5	10
7	3
10	9
11	6
14	8
16	10
17	14
18	1
20	9
22	11
25	7
27	11
29	1
32	11
34	3
36	11
39	1
40	13
41	14
44	6
46	2
48	13
51	10
52	14
53	6
55	9
57	3
62	10
64	9
67	6
68	15
70	1
71	5
75	15
76	13
77	2
78	6
81	8
82	7
84	10
86	2
89	2
90	8
91	3
93	10
95	10
98	10
100	7
Market 123
1	1
2	1
4	9
9	6
11	8
12	12
16	8
17	14
20	9
23	1
24	11
26	6
28	6
30	11
32	8
36	12
38	5
41	4
44	2
45	10
46	8
48	8
55	13
57	10
60	14
64	1
65	1
70	14
75	8
76	5
78	2
83	4
87	4
90	1
92	10
94	13
95	12
97	8
99	8
Market 71
1	15
2	8
4	12
6	7
8	13
10	8
11	4
12	12
15	3
17	7
19	15
20	4
22	7
23	1
24	12
26	4
27	5
30	12
32	7
36	8
38	3
41	7
43	13
45	11
47	3
48	14
50	9
52	7
53	5
54	11
59	6
64	13
68	5
74	12
75	4
76	2
77	2
81	15
83	6
87	1
90	5
92	11
94	5
95	8
98	4
Market 176
1	12
2	4
4	13
5	9
6	9
7	15
10	12
11	11
15	2
16	11
18	7
20	11
23	4
25	2
27	8
29	12
30	14
32	12
34	14
36	1
38	7
40	1
41	11
44	8
46	12
48	8
51	4
53	13
55	5
63	10
67	11
69	4
70	3
71	8
75	11
76	1
79	15
82	11
85	5
87	12
91	2
92	11
93	14
94	7
95	11
98	2
100	2
Market 11
1	11
2	14
4	6
6	6
8	15
10	14
11	1
12	9
15	2
17	13
20	7
22	5
23	9
24	11
26	6
30	11
32	12
36	8
38	10
41	11
43	1
45	10
47	12
48	14
50	11
52	13
53	10
54	10
55	13
59	12
60	15
64	2
68	4
70	15
74	7
75	13
76	1
77	15
81	13
87	3
90	12
92	12
94	15
95	3
96	2
99	8
Market 153
1	7
2	5
3	6
4	2
5	8
6	2
8	9
10	14
11	12
12	15
15	4
16	1
17	2
18	10
20	9
22	5
23	5
24	3
25	1
27	9
29	3
30	10
32	14
33	14
34	12
36	12
38	5
41	15
42	12
43	14
44	12
45	12
46	4
47	14
48	1
50	15
52	3
53	12
54	14
55	1
57	3
59	14
64	13
67	12
68	11
69	7
70	1
71	11
74	12
75	3
77	8
79	3
83	1
86	3
87	12
89	11
90	14
92	13
93	2
94	10
95	13
99	7
100	12
Market 23
1	2
2	5
4	10
8	11
10	13
12	6
15	11
17	10
20	4
22	14
24	11
26	1
27	10
30	8
33	9
38	1
43	1
45	5
47	6
48	4
52	5
53	5
54	4
55	7
59	5
64	1
68	9
74	14
75	2
77	7
81	9
83	15
87	15
90	11
92	8
94	5
95	1
Market 127
1	12
2	11
4	11
5	7
7	10
10	13
11	6
15	5
16	13
18	6
20	9
23	11
25	12
27	9
29	3
32	15
34	11
36	10
38	4
40	10
41	12
44	5
46	5
48	14
51	12
53	11
55	8
57	7
62	8
64	5
67	4
71	6
75	7
76	9
79	5
82	2
85	5
91	12
93	5
95	5
98	7
100	4
Market 114
1	1
2	11
4	14
5	2
7	15
10	2
11	2
14	3
16	2
17	10
20	15
23	1
26	6
27	13
29	3
32	9
34	3
36	1
39	11
41	9
44	6
48	9
51	2
55	13
57	1
65	8
68	3
71	14
75	4
76	1
78	12
81	3
83	14
84	2
89	15
90	7
93	5
95	4
97	2
100	12
Market 122
2	11
4	11
7	15
8	7
11	11
12	10
15	8
16	15
17	3
20	8
23	11
24	5
26	1
27	5
30	11
33	2
34	5
38	7
41	8
43	2
44	13
45	15
46	10
48	7
50	15
53	8
54	14
55	1
57	9
60	2
64	6
68	5
70	4
74	9
76	7
81	15
83	7
87	14
92	3
94	5
96	8
99	9
Market 162
1	5
2	14
4	12
7	13
9	9
11	3
13	8
16	4
17	2
20	1
23	10
25	9
26	13
27	9
28	6
32	6
34	6
36	1
39	2
41	9
44	5
46	9
48	13
51	8
53	9
55	15
57	2
61	4
65	2
68	7
71	15
75	7
76	7
81	12
83	1
89	1
90	14
93	12
95	14
97	12
100	5
Market 37
1	9
2	13
4	10
6	4
7	13
8	13
9	6
10	9
11	3
12	9
13	1
15	1
17	15
18	1
20	15
22	10
23	15
24	3
25	15
26	14
27	11
28	4
30	12
32	12
33	15
34	2
35	7
36	7
38	14
39	11
40	15
41	7
43	14
44	3
45	6
46	10
47	1
48	10
49	7
50	15
52	5
53	2
54	13
55	3
56	7
57	12
59	5
60	2
64	14
65	2
67	4
68	4
70	4
72	3
74	1
75	3
77	7
78	2
80	13
81	5
82	8
83	2
87	7
89	10
90	15
92	2
94	2
95	14
97	2
98	13
99	3
Market 83
1	4
2	10
4	14
6	12
11	6
12	15
15	14
16	10
17	1
18	12
19	3
22	7
23	2
24	3
25	15
26	12
27	1
32	13
35	7
38	1
40	6
41	5
43	4
44	6
45	4
47	12
48	14
50	12
52	10
53	1
54	15
55	4
59	12
64	9
68	13
70	11
74	13
75	7
77	13
81	12
83	9
87	3
90	6
92	8
94	10
95	13
98	4
Market 155
1	15
2	14
4	13
6	15
8	5
10	7
12	8
15	9
17	13
18	11
22	11
23	12
24	14
25	2
26	14
27	8
30	1
32	4
35	9
36	2
38	12
40	3
41	5
43	5
44	12
45	12
47	10
48	14
49	7
50	11
53	5
54	14
55	8
59	14
64	1
67	9
68	14
70	4
71	15
72	11
74	14
75	7
77	3
80	10
81	9
82	9
87	14
89	7
90	2
92	4
94	9
95	9
98	10
99	5
Market 49
1	5
2	5
4	14
6	10
8	4
10	10
12	1
15	9
20	15
22	5
23	10
24	13
26	5
33	7
36	14
38	7
41	11
43	15
45	11
47	3
48	10
50	4
52	3
53	8
55	6
59	10
60	10
70	2
74	5
75	15
76	4
77	6
81	7
83	7
87	15
92	7
94	2
96	9
99	10
Market 116
1	3
2	4
3	15
4	8
5	8
7	15
10	2
11	8
15	14
16	8
18	5
22	14
23	2
25	15
27	11
29	5
32	10
34	6
36	6
40	2
41	10
44	14
46	3
52	7
53	9
55	9
57	10
64	15
67	6
68	7
71	5
75	10
76	15
79	5
82	8
86	3
89	15
91	6
93	11
98	14
100	10
Market 106
4	5
6	1
8	7
10	5
15	10
17	13
18	8
22	11
24	14
25	4
27	13
30	14
32	14
35	9
38	5
41	8
43	5
45	11
47	13
49	7
52	2
54	7
55	10
59	2
64	11
67	9
68	1
70	15
72	3
75	13
76	8
77	3
80	14
82	10
87	3
89	5
92	12
94	4
95	5
98	15
Market 139
1	11
2	14
4	7
5	12
7	6
9	6
10	7
11	10
13	3
14	10
15	14
16	2
18	4
20	8
23	2
25	10
26	2
27	12
28	12
29	10
32	2
34	10
36	11
39	11
40	5
41	15
44	11
46	1
48	14
51	6
53	4
54	15
55	7
57	11
62	10
65	11
67	6
68	8
71	2
74	11
75	13
76	6
78	10
79	11
81	4
83	9
85	6
89	8
91	3
92	5
93	1
95	4
97	5
98	6
100	10
Market 134
1	2
2	3
4	2
6	7
8	9
11	10
12	8
15	7
17	8
20	6
23	2
24	1
26	2
27	11
30	4
33	15
36	2
38	10
41	13
43	8
45	14
48	14
50	13
53	5
54	7
55	9
60	14
64	5
68	5
70	14
74	1
76	10
77	15
81	3
83	6
87	1
90	3
92	10
96	6
99	8
Market 59
1	8
2	8
4	13
6	15
7	13
8	6
9	4
10	14
11	11
12	5
13	14
15	13
16	10
17	1
19	15
20	2
22	13
23	13
24	15
26	13
27	3
28	15
30	5
32	9
33	2
34	1
36	13
39	1
41	4
44	14
45	10
47	4
48	14
50	3
51	9
52	10
53	9
54	11
55	2
57	3
59	4
60	14
64	1
68	11
70	8
74	9
75	4
76	10
77	13
78	1
81	1
83	4
87	3
89	2
90	14
92	10
94	9
95	12
99	2
Market 145
1	10
2	2
4	12
6	15
8	1
10	2
15	14
17	10
20	11
22	7
24	12
26	3
27	9
30	1
32	7
33	12
36	9
38	8
41	4
43	10
45	8
47	2
50	14
53	3
54	5
55	5
59	2
68	12
70	15
75	8
76	4
77	8
81	7
83	14
87	3
90	6
92	6
94	5
95	15
99	3
Market 181
2	7
4	11
5	14
7	14
8	15
10	14
11	1
12	10
13	1
14	5
15	5
16	15
17	15
19	12
20	2
22	5
23	10
24	8
25	1
26	5
27	12
28	10
29	9
30	12
32	13
33	8
34	4
36	1
38	2
39	9
41	6
43	10
44	8
45	5
46	3
47	7
48	1
50	2
52	3
53	8
54	9
55	13
57	15
59	11
60	7
62	6
64	11
65	11
68	13
71	1
74	10
75	8
76	6
77	2
78	14
81	2
84	1
87	4
89	14
90	5
92	9
94	1
95	1
97	1
99	10
Market 126
1	10
2	15
4	15
5	13
6	13
7	4
8	4
10	6
11	5
12	12
14	12
15	13
16	9
17	2
20	5
23	3
24	8
25	2
26	2
27	6
29	8
30	9
32	7
34	3
36	9
38	11
39	10
41	2
43	8
44	13
45	1
48	6
50	3
51	10
53	3
54	9
55	12
57	4
61	9
64	4
65	8
68	13
70	3
71	1
75	14
76	4
77	2
78	10
81	15
83	7
84	15
87	12
89	6
90	13
92	4
93	2
94	1
97	11
100	2
Market 74
1	2
2	8
4	12
6	1
9	14
11	15
12	8
16	7
17	12
23	10
24	10
26	14
27	11
34	8
36	8
41	12
44	2
48	15
50	1
53	12
54	10
55	1
56	3
60	10
64	14
68	1
70	4
74	5
76	14
77	10
81	11
83	6
87	13
90	11
92	3
94	6
97	6
99	8
Market 3
1	5
2	3
4	11
7	7
9	5
13	5
16	13
17	5
20	3
23	14
25	8
26	8
27	8
28	9
32	11
34	10
36	5
38	12
39	3
41	12
44	6
46	6
48	4
51	14
53	5
54	9
55	9
57	6
61	7
65	14
71	12
74	11
75	13
76	7
78	4
81	8
83	13
89	10
90	1
92	4
94	5
95	7
97	6
100	7
Market 137
1	14
2	11
4	2
6	13
7	5
8	10
11	10
12	12
13	9
15	8
16	2
17	5
19	8
20	6
22	8
23	8
24	9
25	12
26	7
27	3
28	5
30	12
32	9
33	5
36	4
38	2
39	10
41	6
43	9
44	14
45	5
46	6
47	14
48	13
50	9
51	4
54	3
55	11
57	15
61	7
64	15
65	15
68	4
70	11
74	7
75	9
76	7
78	2
81	8
83	2
87	13
89	2
90	5
92	12
94	13
95	13
99	5
100	7
Market 193
1	1
2	1
3	14
4	14
5	9
6	12
7	11
10	1
12	12
15	10
16	15
17	3
18	5
19	9
23	4
24	3
25	13
26	2
27	7
29	3
30	4
32	15
33	14
34	8
36	2
38	1
40	3
41	4
42	1
43	15
44	2
46	9
47	5
50	10
52	14
54	11
55	1
57	9
59	15
64	3
67	2
68	2
69	12
70	1
71	12
74	15
75	15
77	13
79	10
81	14
82	5
83	14
86	14
87	7
89	15
90	7
91	5
92	8
93	8
94	15
95	13
98	3
100	8
Market 154
1	12
2	7
4	5
6	6
8	9
10	11
12	2
15	11
17	15
18	13
20	4
22	11
23	2
24	1
25	10
26	9
27	15
30	5
32	3
36	15
38	4
40	13
41	4
43	8
44	4
45	12
47	9
52	9
53	7
54	5
55	5
67	1
68	5
70	6
71	10
74	15
75	9
76	3
77	15
80	2
81	2
82	15
83	14
87	13
89	10
90	7
92	1
94	8
95	5
98	9
100	2
Market 146
1	9
2	1
8	14
9	12
12	12
16	12
20	2
22	8
23	6
24	14
26	10
27	11
28	4
30	13
33	14
34	15
36	6
38	7
41	5
43	5
44	15
45	10
50	1
53	1
54	8
55	4
56	4
60	11
64	3
68	14
70	6
74	12
76	10
77	8
81	6
83	15
87	13
90	5
92	6
94	13
96	13
97	12
99	14
Market 75
1	10
2	4
4	2
6	10
9	15
10	9
11	4
13	5
15	10
17	3
20	9
22	6
23	5
24	6
25	2
26	14
27	1
28	11
29	4
30	10
32	11
34	11
35	14
36	14
38	15
40	6
41	6
43	1
44	2
45	8
46	12
47	2
48	6
50	11
52	10
53	4
54	13
55	13
57	1
60	1
64	10
65	7
70	5
71	12
74	1
75	9
76	4
77	6
78	8
79	13
81	3
82	1
83	11
86	6
87	2
89	12
90	3
91	5
92	5
93	7
94	2
95	8
97	2
98	1
99	3
100	11
Market 190
4	7
5	15
6	3
7	11
15	11
16	4
18	15
22	13
23	14
27	15
29	6
30	7
32	15
38	4
40	10
41	7
43	11
44	8
46	10
48	4
52	11
53	4
55	14
57	9
64	11
67	14
71	13
75	7
77	11
79	4
82	8
86	4
87	1
89	11
91	1
92	13
93	10
94	10
95	4
98	3
100	14
Market 35
1	9
2	14
4	5
6	3
8	3
10	3
12	14
15	4
17	4
19	5
24	4
26	10
27	6
30	2
33	7
38	9
41	14
45	2
47	4
50	12
52	6
53	12
54	7
55	7
59	10
64	7
68	4
70	12
74	13
76	3
81	4
83	6
87	3
92	2
95	8
99	1
Market 170
1	7
2	12
4	10
6	14
10	3
12	14
15	8
17	11
20	7
22	13
24	14
26	2
27	7
30	12
33	15
36	14
38	1
41	2
43	3
45	3
47	1
50	11
52	12
54	1
55	2
59	8
64	8
68	4
70	14
74	10
76	1
77	8
81	9
83	12
87	6
90	1
92	15
96	11
Market 158
1	13
4	5
6	12
8	6
10	3
11	4
15	5
20	12
22	4
24	15
26	9
30	15
33	12
36	6
38	3
41	2
43	10
45	3
47	13
53	9
54	5
55	15
59	7
64	6
68	11
70	13
74	1
75	11
76	5
77	15
83	7
87	12
92	1
94	2
99	7
Market 187
1	3
2	8
4	2
5	10
6	10
7	1
10	13
11	4
12	15
14	5
15	8
16	4
17	2
20	8
22	9
23	2
24	8
27	9
29	4
30	14
33	5
34	14
36	12
38	14
39	6
41	3
43	7
45	7
46	6
47	5
48	15
50	8
51	15
53	1
55	8
57	10
59	4
61	5
64	3
65	9
68	5
70	9
71	11
74	5
75	12
76	2
77	6
78	15
83	6
84	1
87	8
92	1
93	4
94	11
95	6
96	14
99	2
100	9
Market 113
1	15
2	2
3	6
4	5
5	12
7	9
9	3
11	11
13	8
15	3
17	9
18	8
22	5
23	1
25	7
26	5
27	10
28	1
29	11
30	5
32	14
34	6
36	15
38	8
39	14
40	7
41	6
43	6
44	15
46	5
48	13
51	8
52	15
54	7
55	13
64	10
65	5
67	6
68	10
70	10
71	14
74	4
75	6
76	5
77	15
78	10
79	1
81	14
83	1
86	6
89	15
90	10
91	8
93	10
97	14
98	7
Market 45
1	14
2	2
4	14
6	2
8	6
10	3
11	2
12	8
15	4
16	12
17	1
18	14
22	3
23	2
25	8
32	1
34	2
35	5
40	11
41	5
43	5
44	13
45	14
48	8
49	3
52	2
53	11
54	14
59	11
64	11
67	10
72	2
75	10
80	11
82	3
87	11
92	7
95	2
98	11
Market 16
1	11
2	9
4	7
7	7
11	15
14	12
15	13
16	1
17	14
20	2
23	7
26	1
32	13
34	14
36	11
39	7
41	5
44	12
46	12
48	7
51	8
53	6
55	4
57	8
61	3
65	8
68	5
75	10
76	1
78	15
81	10
83	5
89	15
90	14
93	1
95	11
97	8
100	9
Market 197
1	13
2	15
4	2
7	1
10	8
13	5
15	13
16	2
17	15
20	7
23	14
24	8
25	5
26	5
27	12
28	6
30	1
32	11
34	6
36	12
39	11
41	6
44	13
46	14
48	13
50	7
51	8
52	9
53	4
54	10
55	3
57	3
60	5
61	15
68	5
70	4
71	2
75	8
76	2
78	2
81	4
83	4
87	9
89	15
90	12
92	15
94	8
95	2
97	1
98	14
99	10
100	4
Market 105
1	13
3	10
5	3
6	2
7	14
8	1
10	6
11	13
12	12
15	3
16	12
17	11
18	3
22	8
23	10
24	7
27	8
29	5
30	4
32	4
34	14
35	15
38	6
40	7
41	14
42	3
43	1
44	7
45	4
46	4
47	8
48	3
53	12
54	4
55	4
57	10
64	2
69	2
71	13
75	7
79	4
80	6
81	13
82	10
83	7
86	5
89	7
91	7
92	15
93	5
98	15
Market 132
2	5
4	6
8	6
10	2
12	11
15	6
17	7
19	10
20	3
22	2
24	1
26	1
27	14
30	7
32	9
33	13
36	1
38	13
41	11
43	4
50	10
52	2
54	9
59	1
64	13
68	15
70	13
74	14
75	5
81	11
83	14
87	11
90	9
92	8
94	12
95	11
98	1
Market 28
1	2
2	12
4	2
7	14
9	14
10	15
11	6
13	10
17	4
20	11
23	10
25	10
26	13
27	13
28	12
32	7
34	2
38	2
39	10
41	5
44	7
46	4
48	12
51	12
53	13
55	7
57	6
65	10
68	13
76	14
78	9
81	5
83	12
89	11
90	4
95	7
97	9
100	11
Market 191
1	9
2	9
4	8
6	13
8	3
10	2
12	5
15	5
16	3
17	7
18	7
22	12
24	13
25	6
27	6
32	1
35	2
36	15
38	3
40	3
41	8
43	14
45	7
47	4
49	3
52	9
53	12
55	1
59	12
64	4
67	9
68	12
70	13
71	11
75	13
77	4
80	8
81	15
82	14
87	1
89	8
90	13
92	13
94	9
98	12
Market 64
1	4
2	7
4	2
7	1
9	12
11	12
13	12
16	8
17	13
20	2
23	12
25	9
26	11
27	3
28	14
32	14
36	5
39	4
44	7
46	11
48	6
53	4
54	8
55	2
57	13
61	10
65	10
71	7
74	2
76	3
78	3
89	2
90	9
95	1
97	8
100	4
Market 110
1	1
4	5
6	13
8	14
11	15
12	13
15	3
16	11
20	15
23	4
24	15
26	6
27	10
30	9
34	12
41	1
43	15
48	5
50	10
53	3
54	11
55	8
64	11
68	12
70	8
74	12
76	9
81	10
87	5
90	7
92	8
94	6
96	13
99	11
Market 93
1	15
2	6
4	3
5	1
6	13
7	12
10	11
11	3
14	8
15	2
16	15
17	10
18	7
20	4
22	10
23	10
24	5
25	5
26	12
27	2
29	2
30	15
32	13
34	1
35	13
36	7
38	10
39	9
40	11
41	2
43	7
44	3
45	6
46	2
48	15
50	1
51	10
52	14
53	2
54	4
55	14
57	3
58	8
62	11
64	6
65	15
67	10
70	8
71	4
75	11
76	12
77	4
78	11
80	12
81	6
82	4
83	4
84	1
87	7
89	10
90	3
91	6
92	11
93	12
94	5
95	15
98	8
100	15
Market 189
1	11
3	5
5	12
7	9
10	4
11	2
16	7
18	15
22	6
23	2
25	10
29	5
32	4
34	10
38	11
40	13
41	3
44	3
46	1
48	4
52	14
53	6
55	13
57	8
63	8
67	11
69	13
71	5
75	12
76	15
79	2
82	3
86	13
89	5
91	15
93	3
95	8
98	7
100	8
Market 18
1	12
2	8
4	5
5	14
10	12
11	15
15	6
16	3
18	3
21	6
23	9
25	7
27	4
29	15
32	10
34	10
37	11
40	8
41	14
44	14
46	4
48	2
51	7
53	9
55	3
57	14
63	6
67	1
69	3
70	14
71	7
75	9
76	9
79	12
82	12
86	11
89	2
91	7
95	2
98	12
100	4
Market 10
1	7
2	10
4	15
6	14
8	9
10	13
12	12
15	4
17	8
19	15
22	3
24	15
26	10
27	2
32	6
35	6
38	4
41	9
43	2
45	14
47	8
50	12
52	13
54	15
55	2
59	6
64	15
68	13
74	13
75	3
77	5
83	9
87	9
90	9
92	5
94	14
95	3
98	10
Market 65
1	6
4	7
5	11
7	6
10	14
11	6
14	11
17	10
20	15
23	11
26	3
27	11
29	15
32	8
34	3
36	9
41	13
44	10
46	11
48	14
51	11
53	1
57	13
61	2
65	3
68	15
71	8
75	2
78	5
81	7
83	14
84	3
89	14
90	10
93	8
95	9
97	7
98	9
100	10
Market 39
1	15
2	13
4	13
6	7
8	7
9	6
10	10
12	9
13	6
16	10
17	4
18	11
20	14
22	12
23	1
24	2
25	12
26	3
27	13
28	6
30	6
32	15
33	14
34	10
35	9
36	3
38	10
39	13
43	8
44	13
45	10
46	2
47	1
48	3
49	1
50	9
52	8
53	1
54	13
55	3
56	14
57	10
59	8
64	9
65	1
67	6
68	4
72	14
74	8
75	6
76	3
77	11
78	2
81	15
83	5
87	13
89	9
90	3
92	9
94	13
95	1
97	13
98	3
99	10
Market 89
1	15
2	14
4	4
6	13
9	12
10	1
11	10
16	1
17	1
20	4
23	6
24	7
25	3
26	1
27	11
28	1
30	6
32	14
34	5
36	8
38	9
39	3
41	7
44	12
46	2
48	10
50	3
51	15
53	15
54	11
55	3
57	9
61	13
65	6
68	11
70	7
71	3
74	2
75	13
76	9
81	1
83	7
87	6
89	8
92	12
93	11
94	11
95	6
97	1
99	9
100	2
Market 67
1	14
2	10
3	2
4	11
5	8
6	1
7	10
8	5
10	9
11	14
12	15
15	1
16	7
17	3
18	14
20	15
22	4
23	6
24	11
25	12
26	10
27	14
29	13
30	8
32	11
34	3
35	14
36	11
37	9
38	3
41	9
43	15
44	13
45	1
46	10
47	11
48	8
50	7
52	11
53	11
54	6
55	11
57	3
59	5
63	12
64	5
67	4
68	13
69	11
70	7
71	4
74	7
75	1
76	15
77	10
79	1
80	14
81	15
82	15
83	14
86	10
87	14
89	1
90	12
91	13
92	15
93	7
94	15
95	6
98	1
99	11
100	1
Market 118
1	8
4	3
6	10
8	5
12	7
15	4
17	12
18	13
22	1
24	15
27	1
30	6
32	12
35	5
38	10
43	6
45	15
47	11
49	10
54	4
59	7
68	1
70	3
71	3
75	3
80	9
81	10
82	8
83	1
87	14
89	12
94	5
95	13
98	7
Market 147
1	7
2	14
4	9
6	9
9	9
10	13
16	11
17	11
20	2
23	8
24	15
26	10
30	10
32	9
33	9
36	8
41	1
44	6
45	11
48	6
53	4
54	4
55	8
56	1
60	2
64	15
68	9
70	5
74	14
75	5
76	11
77	1
81	8
83	5
90	4
92	12
94	7
95	13
97	1
99	15
Market 92
1	15
2	8
3	6
4	3
5	12
7	10
10	12
11	3
15	7
16	12
17	12
18	8
22	7
23	14
24	8
25	15
26	11
27	8
29	6
32	11
34	8
36	13
38	6
40	8
41	13
42	4
44	8
46	13
48	6
52	14
53	8
54	10
55	1
57	9
60	8
64	7
67	15
68	13
69	8
70	13
71	14
74	10
75	2
77	7
79	7
82	7
83	7
86	8
89	9
90	6
91	3
92	13
93	15
94	10
97	13
98	2
99	1
100	13
Market 50
1	13
2	6
4	4
6	9
9	7
11	4
13	4
16	1
17	1
20	7
23	10
24	9
26	10
28	10
30	8
34	12
36	14
38	15
41	14
44	1
45	14
48	8
50	12
53	9
54	10
55	10
56	12
60	6
64	1
68	4
70	5
76	5
77	15
81	13
83	10
87	10
90	14
92	2
94	10
95	11
97	11
99	10
Market 30
1	5
2	12
5	11
7	8
10	10
11	4
14	2
15	13
16	11
18	3
20	12
25	13
27	14
29	11
34	14
36	5
37	3
38	5
40	2
41	11
44	7
46	9
48	8
51	10
53	11
55	3
57	13
62	3
63	2
64	10
69	9
71	8
75	12
79	8
82	9
85	5
89	10
91	5
92	11
93	6
95	7
98	1
100	12
Market 100
1	1
2	7
4	9
7	3
9	11
11	13
13	5
16	3
17	11
20	6
23	13
24	7
26	8
32	2
34	1
39	5
41	3
44	7
46	7
48	2
50	15
53	15
54	5
57	8
60	11
65	3
68	11
70	1
74	7
76	5
78	6
81	6
83	1
89	10
90	8
92	1
97	3
99	15
Market 120
2	15
4	6
5	8
6	10
8	14
10	10
12	5
15	14
16	11
17	13
18	9
19	11
22	10
23	1
24	7
25	2
26	9
27	5
30	6
32	13
35	1
36	12
38	10
40	8
41	13
43	13
44	10
45	4
47	7
50	7
52	9
53	12
54	10
58	9
64	10
67	6
68	13
70	9
71	5
74	3
75	3
77	2
80	15
81	9
82	4
83	8
87	2
89	12
90	9
92	15
94	3
95	13
99	12
Market 88
1	10
2	11
4	13
6	1
7	9
9	14
11	12
12	8
13	10
16	9
17	13
23	12
24	11
26	14
28	1
30	12
32	9
33	13
34	10
36	1
38	15
39	9
41	9
44	14
45	9
46	2
48	9
50	4
53	11
54	13
55	2
57	13
60	15
64	14
68	11
70	15
74	15
76	12
77	10
78	15
81	15
83	6
87	1
89	5
90	4
92	2
94	10
97	3
99	3
100	15
Market 17
4	6
7	13
11	15
14	1
17	8
18	15
20	2
22	7
23	5
26	8
27	12
29	9
32	8
34	9
39	12
40	8
41	3
43	5
44	7
46	2
48	8
50	2
51	12
53	3
55	14
57	6
62	12
64	12
67	8
68	14
69	5
70	3
71	10
74	15
75	2
76	8
77	9
81	4
82	6
83	11
85	8
86	7
87	2
90	8
91	2
92	2
93	4
94	3
95	10
98	12
99	8
100	10
Market 31
1	7
3	9
4	9
5	2
6	14
7	5
9	11
10	1
11	11
13	6
15	12
16	15
17	5
18	1
20	15
22	11
23	13
24	7
25	11
26	6
27	15
28	13
29	2
30	9
32	9
36	15
38	8
40	12
41	4
42	15
44	6
46	2
48	5
50	6
53	7
54	14
55	11
56	8
57	6
60	13
64	13
67	1
68	8
69	6
70	1
71	13
74	13
75	14
76	14
77	12
79	9
81	2
82	9
83	15
86	13
87	3
89	8
90	9
91	4
92	3
93	9
94	3
97	13
98	11
99	13
100	2
Market 119
1	4
2	11
4	2
5	9
7	10
8	8
10	12
11	14
12	5
13	2
15	6
16	7
17	12
19	10
20	2
22	13
25	4
26	3
27	10
28	14
29	9
30	2
32	3
34	13
35	4
36	12
38	1
40	10
41	8
44	1
45	9
46	12
47	4
50	3
53	1
54	12
55	9
56	10
57	6
59	12
60	14
64	9
67	10
68	1
70	2
71	10
73	3
76	14
77	10
79	8
81	3
82	8
83	4
86	9
87	10
89	15
90	4
92	7
93	5
94	8
95	2
97	4
98	1
99	8
100	2
Market 85
1	5
4	11
6	12
8	3
11	10
12	8
15	2
17	13
20	3
22	10
24	15
26	9
27	1
33	11
36	5
38	1
41	13
43	1
47	10
50	9
53	12
54	10
55	10
60	12
68	4
70	2
74	5
76	10
81	5
83	13
87	3
90	2
92	1
94	2
96	4
99	6
Market 135
1	8
2	4
4	6
6	14
9	1
11	7
12	4
16	10
17	2
20	9
23	10
24	4
26	6
27	7
28	3
30	6
34	9
36	7
38	12
41	11
44	10
45	7
48	1
50	8
53	6
54	8
55	3
56	6
60	8
64	1
68	3
70	12
74	6
76	4
77	14
81	12
83	6
87	5
90	3
92	2
97	13
99	9
Market 47
1	9
2	5
4	13
6	3
8	9
10	10
12	10
15	9
16	10
17	11
19	10
20	8
22	5
23	15
24	11
26	13
27	8
30	2
33	9
34	2
36	3
38	14
41	3
43	12
44	10
45	8
46	7
47	4
48	4
50	7
53	10
54	8
55	6
57	7
59	10
64	3
68	11
70	1
74	13
75	11
76	1
77	14
87	4
90	1
92	10
94	8
95	8
Market 159
1	12
2	4
6	5
8	1
10	9
11	12
12	1
15	12
16	14
20	15
22	8
23	13
24	4
25	8
26	7
27	11
30	14
32	14
33	6
36	15
38	15
40	4
41	8
43	5
45	6
47	15
49	4
50	10
52	5
53	1
54	1
55	14
56	15
59	7
64	9
67	15
68	7
70	2
71	12
74	15
75	3
76	11
77	15
80	15
82	13
83	8
87	14
89	6
90	9
92	12
94	7
95	14
97	6
98	5
99	1
Market 84
2	13
6	6
8	12
10	7
12	10
15	3
17	13
20	12
22	1
23	2
24	1
26	11
27	7
30	5
33	9
38	12
41	1
47	15
48	1
50	15
52	1
53	5
54	4
55	8
64	1
68	1
70	5
74	7
75	9
81	10
83	7
87	9
90	15
92	7
94	15
95	5
99	9
Market 8
1	15
6	12
8	12
10	11
12	1
16	7
17	15
18	1
25	8
32	2
35	11
38	15
40	6
41	15
45	5
47	4
48	7
52	10
54	4
55	3
59	10
64	3
67	5
70	13
71	12
77	4
80	13
82	4
87	7
89	8
92	7
94	14
95	15
98	3
Market 22
1	13
2	8
6	6
8	12
10	15
11	3
12	1
15	7
17	9
22	1
23	2
24	6
26	6
27	9
32	2
35	11
38	7
43	7
45	10
47	1
48	2
50	8
52	5
53	5
54	6
55	12
59	15
64	11
68	6
70	8
73	7
75	12
77	3
81	12
87	9
90	6
92	6
95	2
98	6
Market 164
1	3
2	10
4	15
5	10
7	5
10	14
11	13
15	13
16	2
17	5
18	2
20	1
23	2
25	3
26	1
27	4
29	15
32	12
34	13
36	13
37	14
40	2
44	9
46	8
48	12
53	9
55	5
57	10
63	14
67	9
68	10
69	9
71	11
76	7
79	4
81	2
82	14
83	15
85	1
89	4
90	8
91	15
93	5
95	13
97	7
98	8
100	3
Market 194
1	3
2	5
4	10
6	2
8	1
10	3
11	9
12	8
15	13
17	4
20	10
22	1
23	11
24	1
26	8
30	2
33	12
36	15
38	1
41	3
43	6
45	7
47	5
48	4
50	11
52	9
53	11
54	1
55	9
59	8
68	7
70	13
74	13
76	5
77	7
81	5
83	3
87	7
90	9
92	14
94	4
95	12
99	7
Market 81
1	7
2	5
4	13
6	7
7	7
8	7
9	9
10	14
12	10
13	2
15	3
16	11
20	14
23	14
25	15
26	15
27	9
30	7
34	8
35	1
36	11
38	8
39	11
40	4
43	6
44	12
46	13
50	5
52	8
53	10
54	7
55	15
57	14
59	13
64	5
65	4
67	5
68	5
70	15
71	1
74	7
75	4
76	12
78	8
80	2
81	4
82	3
87	15
88	14
89	7
90	2
92	2
94	2
95	3
98	5
Market 107
1	7
2	11
6	4
7	9
8	3
10	5
11	12
12	2
15	13
16	5
17	10
19	1
22	2
24	10
25	11
26	3
27	10
32	15
33	15
35	10
36	14
38	1
41	15
43	8
44	1
45	2
47	15
48	5
50	5
52	10
53	12
54	15
55	7
57	3
59	8
64	7
68	1
70	3
73	11
74	12
76	4
77	6
81	2
83	15
87	4
89	7
90	10
92	9
93	15
94	5
95	7
98	2
99	6
100	6
Market 138
1	4
2	11
4	9
7	5
10	13
11	14
14	1
15	4
16	4
17	5
20	10
23	12
25	5
26	4
28	6
32	12
34	15
36	11
39	4
41	5
43	11
44	11
48	9
51	1
53	8
55	14
57	13
61	5
64	2
65	3
68	5
71	9
75	14
76	4
77	12
78	10
81	9
83	2
89	11
90	2
93	7
95	3
97	1
100	7
Market 63
1	14
2	5
4	13
9	2
10	2
11	1
13	13
16	5
18	2
20	12
24	9
25	6
27	12
28	7
29	8
31	6
32	4
34	10
36	14
39	8
40	10
41	3
44	7
46	7
48	8
50	2
51	13
53	7
54	11
55	4
57	2
60	9
62	7
65	6
67	10
68	7
70	1
71	3
74	3
75	4
76	4
79	14
81	14
82	6
83	10
85	5
87	4
89	12
92	10
94	7
95	15
97	14
99	7
Market 66
1	6
2	12
4	10
5	15
6	10
7	5
10	2
11	13
12	6
14	4
15	12
16	13
17	11
18	7
23	14
24	12
25	13
29	5
30	11
32	11
34	6
36	10
38	2
40	9
41	4
44	5
45	5
46	11
48	15
53	2
54	8
55	6
57	11
62	9
64	13
67	14
68	13
71	6
75	8
76	11
77	3
79	2
81	5
82	14
85	14
89	5
91	6
92	9
93	4
94	8
98	10
100	3
Market 104
1	8
3	5
4	12
5	9
7	12
10	2
11	4
15	7
16	9
17	2
18	7
22	10
23	3
24	9
25	10
26	13
27	7
32	12
34	10
38	14
40	6
41	2
42	15
44	1
46	13
48	14
50	10
52	12
53	9
54	10
55	7
57	11
64	7
67	12
68	10
69	6
70	12
71	4
75	5
77	9
81	1
82	3
86	4
87	7
89	15
90	14
91	7
92	15
93	3
95	2
98	12
Market 128
2	15
3	15
4	9
5	2
7	1
10	13
11	14
15	12
16	3
17	10
18	9
22	5
23	3
25	3
26	14
27	2
29	14
32	2
34	3
36	7
38	5
40	13
41	13
44	8
46	7
52	8
53	6
57	4
63	14
67	14
68	3
69	8
71	4
75	12
76	12
79	8
81	8
82	4
86	9
89	14
90	10
91	7
93	8
95	9
98	8
100	5
Market 70
1	15
2	12
4	1
6	4
8	9
15	9
18	2
22	6
23	15
24	13
26	15
27	10
30	11
32	9
35	13
36	4
38	13
41	10
43	12
45	15
47	15
52	3
53	14
54	3
55	13
59	13
64	5
70	13
72	5
75	2
77	8
81	7
83	8
87	8
90	3
92	13
94	10
98	12
Market 69
2	2
4	5
6	4
8	14
10	3
11	7
15	15
16	12
17	1
18	6
20	6
22	8
23	14
24	9
25	3
26	2
27	4
30	14
32	10
33	3
35	4
36	12
38	3
40	11
41	14
43	8
45	3
47	11
48	10
50	2
52	11
53	10
54	2
55	2
59	9
60	13
64	2
67	4
68	15
70	1
71	9
74	4
76	1
77	6
80	15
81	14
82	10
87	3
89	14
90	5
92	6
94	5
95	8
96	5
98	13
99	5
Market 2
1	6
4	2
6	1
7	5
9	4
11	15
13	15
16	14
17	3
20	14
23	8
24	15
28	5
30	3
34	13
36	9
39	5
41	6
44	3
46	8
50	12
53	14
54	15
60	4
65	13
68	14
70	9
74	1
76	2
77	6
78	7
81	13
83	12
87	1
90	2
92	1
94	12
97	13
99	10
Market 40
1	5
2	2
4	3
7	8
11	12
13	12
15	9
16	9
17	7
20	3
23	10
25	10
26	11
27	10
32	9
36	7
39	4
44	9
46	13
48	4
53	6
57	6
61	12
65	11
68	1
71	6
75	3
76	3
78	14
81	10
83	6
89	2
93	5
95	14
97	3
100	10
Market 177
1	2
3	6
4	6
5	2
6	9
10	10
11	14
15	14
16	12
17	7
18	11
20	6
22	12
23	5
24	15
27	7
29	11
30	8
32	7
38	5
40	13
41	12
46	11
48	5
52	8
53	6
54	12
55	5
57	5
64	2
67	5
68	10
69	8
70	10
71	2
76	1
79	5
81	15
82	9
83	15
86	8
87	9
89	9
90	15
91	11
92	15
93	9
94	14
95	8
100	15
Market 55
1	1
2	6
3	11
4	12
5	7
7	2
15	14
16	15
18	7
21	3
22	8
23	14
25	15
27	4
29	4
32	9
34	2
37	4
38	8
40	13
41	3
44	12
46	6
48	3
51	1
52	6
53	4
55	3
57	14
63	11
64	9
67	6
69	10
71	10
75	7
79	11
82	3
85	7
86	5
91	14
93	8
95	3
98	11
100	5
Market 94
1	2
4	3
6	14
8	10
10	9
11	10
12	5
16	2
17	9
18	8
22	1
23	11
25	15
27	9
30	15
32	3
34	5
38	7
40	6
41	15
43	1
44	7
45	15
47	5
48	15
49	15
52	6
53	1
54	6
55	13
59	9
64	2
67	10
70	2
72	15
76	10
77	1
80	1
81	9
82	5
87	10
90	6
92	1
94	6
95	13
98	7
Market 79
1	12
2	2
3	9
4	13
6	14
10	3
11	2
15	9
16	6
17	2
18	13
20	10
21	2
22	6
25	15
26	12
27	6
29	7
30	3
32	11
34	6
36	12
37	11
40	4
41	9
44	1
46	10
48	7
51	10
52	7
53	3
55	5
57	15
63	9
64	6
67	11
68	10
69	7
70	5
75	9
76	8
77	10
79	1
81	4
82	3
86	8
87	11
89	5
90	2
91	12
92	15
93	2
94	7
98	5
100	11
Market 131
1	2
2	8
4	6
6	8
7	4
8	1
9	10
10	9
11	10
12	14
13	1
15	10
16	12
17	7
18	2
20	7
22	14
23	13
24	9
25	15
26	2
27	12
28	4
30	5
32	8
34	9
35	2
36	11
38	5
40	5
41	15
43	2
44	6
45	1
46	8
47	15
48	2
50	10
51	4
52	6
53	14
54	9
55	13
57	7
59	12
61	9
64	7
65	6
68	14
70	5
71	4
72	9
74	15
75	4
76	7
77	10
81	1
83	1
89	11
90	10
92	2
93	11
94	12
95	9
97	1
98	3
100	7
Market 58
1	3
4	6
6	1
8	12
10	5
12	13
16	7
17	7
18	8
19	7
22	13
24	13
26	6
27	9
30	8
32	3
35	2
40	13
41	9
43	13
45	11
47	3
50	8
54	1
55	14
59	15
64	8
67	4
68	4
70	1
71	4
75	3
77	3
82	3
83	10
87	9
90	5
92	3
94	8
95	7
98	15
Market 13
1	6
2	7
4	6
5	10
6	11
7	15
8	13
9	13
10	13
11	12
12	6
14	15
15	9
16	6
18	6
20	14
22	12
23	14
24	12
25	8
26	1
27	4
30	11
32	13
34	12
36	10
38	13
39	10
41	11
43	4
44	15
45	1
46	3
47	10
48	1
50	14
51	4
53	14
54	3
55	12
56	2
57	9
60	4
62	14
64	5
65	9
67	7
68	9
70	13
71	13
74	2
75	5
76	2
77	14
78	15
79	9
81	6
83	15
84	12
89	2
90	7
92	8
94	1
97	1
99	12
100	4
Market 15
1	1
2	12
4	15
7	14
9	13
11	4
13	3
15	3
16	1
17	7
20	10
23	7
25	1
26	11
27	12
28	3
32	2
34	12
36	9
39	12
41	6
44	5
46	5
48	11
51	7
53	10
54	7
55	6
57	1
61	8
65	5
68	11
70	2
74	15
78	2
81	7
83	13
89	15
90	6
92	12
94	15
95	1
97	6
100	8
Market 167
2	9
4	12
6	11
8	14
10	15
11	12
12	7
15	10
17	4
18	12
19	15
22	3
24	12
25	12
26	8
27	3
30	5
35	2
38	10
40	5
41	15
43	1
47	14
48	7
49	14
50	2
52	3
53	12
54	9
55	3
64	13
67	10
68	4
70	11
74	1
75	9
77	13
80	11
81	11
82	11
87	15
89	5
90	14
92	1
94	12
95	15
98	13
Market 6
1	3
2	14
4	13
6	12
7	9
8	5
10	7
12	10
15	14
16	13
18	13
20	11
22	3
23	12
25	11
27	10
29	8
30	6
32	9
37	9
38	11
40	5
41	14
43	1
44	12
46	2
52	12
53	4
55	9
63	13
64	9
67	11
69	9
70	10
75	2
76	13
77	15
79	6
82	12
86	6
87	6
89	1
91	12
92	12
93	6
94	5
95	12
100	12
Market 97
1	2
2	5
4	1
6	15
8	13
10	14
11	13
12	8
15	11
20	2
23	11
24	11
26	6
27	2
30	5
32	13
33	14
36	6
38	7
41	4
43	2
45	5
47	13
48	7
50	3
53	7
54	5
55	13
59	12
64	15
68	3
70	2
74	8
76	1
77	11
81	2
83	2
87	1
89	1
90	8
92	15
94	13
96	5
99	4
Market 12
1	5
2	10
4	9
6	12
8	12
11	3
15	5
17	3
20	13
23	13
24	2
26	12
27	2
30	9
36	9
38	12
41	9
43	8
45	4
48	14
53	10
54	4
55	10
64	4
68	9
70	4
74	11
76	6
77	12
81	8
83	2
87	6
90	9
92	9
94	7
96	3
99	14
Market 112
1	3
2	12
6	14
8	9
9	10
11	10
12	4
15	5
16	2
17	8
20	11
23	7
24	1
26	3
27	13
28	3
30	1
31	11
34	5
38	11
39	7
43	11
46	15
53	14
54	5
57	15
60	10
64	14
65	15
70	11
74	7
76	10
77	10
78	2
81	4
83	2
87	12
88	2
90	10
97	11
99	4
Market 179
1	8
4	11
6	3
8	1
10	3
11	10
12	13
15	12
17	11
18	12
20	3
22	14
24	4
25	6
26	8
27	14
30	5
32	14
35	2
36	3
38	7
40	3
41	8
43	3
44	13
45	3
47	13
48	11
49	4
50	10
52	6
53	11
54	10
55	2
59	4
64	7
67	14
68	2
70	5
72	7
74	4
75	10
76	14
77	10
80	3
81	4
82	3
83	5
87	15
89	14
90	3
92	13
94	2
95	5
97	7
98	1
99	2
Market 80
1	15
5	13
7	14
10	11
11	3
15	2
16	3
17	8
18	2
22	1
25	1
27	14
29	13
32	10
34	3
40	8
41	5
42	8
44	7
46	10
48	13
52	3
53	13
55	5
57	6
64	3
67	12
69	13
71	10
75	2
76	6
77	2
79	12
82	7
86	10
89	13
91	13
93	11
98	6
100	4
Market 82
1	12
4	14
6	7
8	12
10	6
11	8
15	13
17	8
18	15
22	2
23	2
24	1
25	5
27	3
30	1
32	1
38	2
40	7
45	4
47	11
50	6
52	15
53	15
54	13
55	8
59	9
68	15
70	14
72	3
75	15
77	12
81	6
83	1
87	12
90	9
92	6
94	1
95	3
98	9
Market 72
1	1
4	3
6	4
8	1
10	9
12	9
14	12
17	14
20	5
22	9
23	9
24	12
25	7
26	13
27	4
28	14
30	13
32	15
33	10
36	9
38	7
39	5
41	8
43	7
44	11
45	12
47	6
48	7
51	9
52	6
53	11
55	3
59	4
61	15
64	8
68	12
70	2
71	8
74	13
75	6
81	10
87	7
89	5
90	5
92	13
93	2
94	7
95	5
97	15
99	5
100	11
Market 36
1	7
2	11
6	11
8	1
12	10
15	2
17	15
20	8
22	5
27	11
33	5
36	3
38	1
43	2
45	6
47	13
50	6
53	4
59	14
68	11
74	11
76	10
81	11
83	8
87	15
90	14
92	13
96	10
99	6
Market 165
1	3
2	4
3	13
4	7
5	8
7	4
11	11
16	12
18	9
20	5
22	3
23	14
25	5
27	15
29	6
32	10
34	15
38	6
40	3
41	10
42	8
44	9
46	7
48	12
52	7
53	2
55	7
57	9
64	8
69	6
71	5
75	6
76	12
77	11
79	4
81	6
82	3
86	13
89	12
91	3
93	15
95	5
98	10
100	8
Market 9
1	9
4	13
6	15
8	7
10	9
12	3
15	10
18	5
22	10
30	13
32	13
35	14
38	5
40	1
41	3
43	1
45	2
47	12
50	8
52	13
54	1
55	1
59	3
64	3
68	14
70	8
72	8
75	12
77	15
81	10
83	11
87	4
90	13
92	9
94	5
95	9
98	5
Market 143
1	12
2	2
4	9
5	11
6	5
7	12
8	15
10	15
11	10
12	11
15	14
16	13
17	5
18	14
20	2
22	8
23	12
24	10
27	8
29	10
30	4
32	4
34	14
35	2
37	1
38	14
41	14
43	10
44	14
45	2
46	5
47	2
48	7
50	8
51	12
52	13
54	9
55	6
57	11
59	8
63	3
64	4
67	4
68	14
69	6
70	11
71	7
72	8
75	12
76	9
77	10
79	12
81	1
83	11
85	12
87	6
89	8
90	6
91	8
92	7
93	12
94	12
95	3
98	3
100	7
Market 26
1	13
2	4
4	5
6	14
8	15
9	5
10	13
11	7
12	3
13	4
15	8
16	11
17	2
19	14
20	9
22	5
23	8
24	9
26	8
27	5
28	2
30	10
32	9
34	4
35	5
36	14
38	9
41	6
43	2
44	3
45	1
46	3
47	9
48	5
50	6
52	13
54	1
55	9
57	4
59	4
60	2
64	15
65	13
68	13
70	9
73	3
74	12
75	7
76	12
77	3
78	14
83	8
87	10
90	11
92	10
94	2
95	11
97	14
98	2
99	1
Market 96
2	15
4	8
6	6
10	10
12	12
15	11
20	14
22	7
24	1
26	3
27	9
30	2
33	13
36	6
38	13
41	14
43	5
45	14
47	4
50	1
52	2
54	1
55	1
64	2
68	12
70	10
74	1
75	6
77	14
81	2
87	3
90	9
92	10
94	2
95	12
99	3
Market 103
1	9
2	3
7	13
10	11
11	3
15	10
16	9
17	15
18	11
20	12
23	15
25	15
29	5
34	2
36	2
37	13
40	11
41	5
44	1
46	4
48	4
51	15
53	11
55	4
57	1
67	5
68	6
69	10
71	2
75	10
76	7
79	9
85	12
89	13
91	11
93	14
95	8
98	6
100	4
Market 53
1	11
2	4
4	5
5	12
10	13
11	6
15	5
16	13
17	9
18	6
20	1
22	15
23	11
25	7
27	7
34	11
36	14
38	7
39	7
40	6
41	2
44	6
46	10
48	13
51	2
52	14
53	2
55	14
57	14
62	10
64	9
67	4
68	8
70	14
71	3
75	14
76	12
77	14
78	13
81	15
82	4
84	13
89	15
90	14
91	11
92	5
93	11
94	11
95	2
97	14
98	3
100	14
Market 77
1	4
4	10
7	10
10	13
11	3
14	3
16	12
17	4
20	7
23	8
25	15
26	12
27	7
28	14
32	12
34	13
36	4
39	4
41	13
44	6
46	12
48	9
53	1
55	6
57	1
61	9
65	8
68	12
71	4
76	8
78	10
81	14
83	13
89	1
90	12
92	4
93	10
95	5
97	11
100	13
Depot
