TPP_FSO_CapEuclideo.250.200.7.5
Total Cost:87178
|M*|: 249
Depot
Market 50
7	8
13	10
16	3
25	5
41	2
53	7
56	9
59	10
60	1
63	7
65	1
70	11
93	5
94	3
102	3
103	14
107	1
116	13
125	14
127	2
132	1
134	5
154	7
168	8
173	12
177	1
178	13
181	4
199	12
Market 138
1	12
2	10
5	5
8	4
13	2
20	12
25	13
27	6
32	11
33	6
41	9
44	6
50	8
51	9
53	1
61	1
63	12
66	4
70	7
73	1
80	8
82	8
91	15
94	5
96	13
100	6
122	12
125	7
158	1
163	9
165	10
168	1
171	1
177	11
182	4
200	2
Market 32
12	12
13	13
19	6
34	1
37	2
41	14
44	12
45	13
50	15
51	10
59	8
61	5
67	6
87	10
89	7
96	1
100	5
113	4
127	12
134	5
136	11
138	13
139	1
142	1
147	5
158	12
164	6
170	6
183	15
186	4
188	8
Market 249
4	6
5	2
11	4
12	9
13	12
27	3
28	4
37	6
40	8
50	11
52	2
54	9
67	14
68	12
70	4
97	1
102	3
108	11
117	8
134	1
136	5
143	14
147	15
162	6
165	13
169	10
175	14
187	15
191	5
Market 68
11	6
12	6
18	6
21	7
25	4
41	14
51	15
52	5
59	8
62	8
63	6
64	8
68	11
70	10
71	7
73	2
78	10
82	1
88	1
93	6
94	9
102	7
106	5
107	14
109	1
114	4
123	6
129	1
150	9
154	14
155	6
157	5
161	8
162	14
168	13
171	13
177	12
179	9
195	5
Market 144
4	2
6	3
8	9
15	1
33	11
43	15
49	14
60	9
67	9
69	2
88	9
93	1
104	3
113	6
115	7
130	11
137	7
139	12
141	7
143	9
156	1
160	2
165	10
176	8
178	2
182	14
Market 86(F)
3	9
8	12
25	15
39	10
43	5
53	15
67	7
73	11
107	10
120	5
122	13
126	4
155	4
161	12
171	9
179	15
192	5
198	3
Market 154
3	2
5	12
13	14
18	12
37	5
40	10
43	10
55	9
56	8
73	12
86	12
93	15
100	4
107	1
109	2
138	1
142	11
150	11
154	4
161	6
176	15
182	11
199	7
Market 94
15	14
16	7
20	14
31	6
50	9
57	2
64	3
80	13
92	10
96	14
97	12
102	5
106	6
111	1
113	6
130	4
133	4
137	1
139	2
152	2
175	3
176	12
193	13
200	9
Market 210
8	10
12	13
15	7
18	9
22	13
34	14
43	8
56	9
62	6
63	7
66	4
69	14
107	5
135	11
156	10
159	8
162	7
163	12
179	4
Market 246
7	1
16	3
19	4
48	11
55	11
58	6
78	9
88	8
96	8
99	2
101	6
106	13
107	6
122	3
137	5
141	3
160	5
169	6
178	1
191	3
193	4
Market 185
15	2
20	11
25	4
27	1
34	3
36	6
54	3
55	7
59	7
62	14
63	11
71	1
78	13
82	15
83	10
91	13
93	6
94	12
98	10
108	12
114	1
116	1
123	5
125	12
129	1
131	4
142	13
144	11
150	15
154	12
155	7
157	1
164	11
168	9
177	4
181	12
188	2
191	3
197	3
199	9
Market 21
6	7
27	15
34	15
53	5
70	12
71	5
100	1
104	14
120	8
123	15
125	3
128	12
133	15
135	3
138	11
149	6
159	2
178	10
179	2
182	5
193	14
200	14
Market 208
12	5
15	14
19	9
21	11
41	8
55	2
63	9
66	8
79	11
86	12
90	1
93	10
100	5
102	15
107	7
109	1
113	11
116	12
120	9
128	12
129	13
134	6
156	1
159	1
165	3
167	10
182	2
192	6
198	13
Market 236(F)
5	15
7	1
8	7
13	8
16	6
37	9
41	1
45	14
48	15
54	10
75	5
76	9
82	13
91	1
108	5
114	8
116	15
147	13
154	9
161	2
168	8
178	9
181	15
188	1
191	1
Market 184
3	11
20	15
27	13
36	9
40	3
50	13
52	1
57	12
63	6
70	10
74	10
86	13
92	11
96	7
99	5
103	6
108	1
116	12
123	14
129	6
139	10
144	9
166	1
168	11
169	9
173	8
175	7
183	14
Market 29
3	8
5	7
8	15
11	12
13	1
14	6
15	12
16	13
18	14
37	13
52	14
61	2
62	5
65	7
67	13
68	14
73	3
82	11
83	11
88	9
91	4
97	8
102	2
107	9
113	9
116	15
127	3
136	1
138	8
139	14
150	14
168	4
169	3
175	9
188	8
195	7
197	10
Market 65
8	11
13	11
15	2
16	5
26	3
33	2
41	6
42	3
51	6
57	15
59	10
62	15
63	3
75	5
87	4
90	6
91	11
108	5
112	4
114	1
126	12
129	3
131	2
152	2
162	3
173	15
178	14
Market 22
9	14
12	4
13	2
37	13
42	4
55	6
60	6
68	9
75	10
92	15
140	14
146	7
155	12
156	15
158	11
178	1
179	11
183	14
192	3
200	2
Market 183(F)
4	4
6	6
12	13
13	5
15	5
19	7
21	14
25	12
33	2
41	14
42	3
54	7
60	1
76	6
80	5
88	15
92	11
94	13
99	7
101	3
103	10
107	2
108	4
123	14
126	1
127	9
141	1
143	3
147	6
150	3
156	4
158	3
161	1
163	3
169	7
172	1
183	3
191	7
197	5
199	6
Market 152
12	1
27	5
32	11
34	12
49	5
57	15
60	1
62	1
66	14
69	3
74	7
81	6
118	6
125	6
129	6
138	4
139	7
145	13
154	9
157	10
158	15
165	7
166	5
177	3
183	10
188	2
195	15
Market 92
1	11
2	1
5	9
6	5
7	11
9	8
13	7
21	4
32	5
48	11
51	14
61	14
65	1
67	14
70	1
82	6
90	10
92	8
93	6
95	12
97	14
117	8
124	13
125	3
126	6
127	12
128	15
133	9
135	7
142	6
146	2
149	9
156	12
162	10
165	14
178	11
183	13
193	14
200	10
Market 59
4	11
7	10
27	8
37	9
43	1
48	5
51	10
68	10
70	5
73	11
93	1
97	3
101	13
117	15
120	6
122	7
124	3
141	11
152	9
163	3
172	15
183	8
193	8
200	6
Market 34
8	12
13	12
15	14
22	12
26	13
34	8
41	6
44	7
50	3
55	12
68	4
72	7
73	9
75	12
87	10
94	6
102	3
107	3
114	12
116	6
129	4
137	7
154	1
157	8
158	10
171	8
177	6
182	3
186	8
195	15
197	2
199	7
Market 71(F)
5	11
7	13
15	3
40	5
41	4
43	3
48	5
50	9
52	2
63	2
65	9
83	11
92	7
93	15
97	14
100	2
133	2
145	13
157	12
161	7
171	12
174	1
178	9
179	9
182	10
183	11
192	7
196	12
200	8
Market 13
5	9
12	12
15	13
19	15
20	2
33	15
43	12
44	2
50	12
54	11
60	1
61	10
65	1
66	12
67	10
75	15
88	2
90	14
94	12
99	7
121	14
126	15
134	9
147	5
157	14
158	15
162	14
163	2
168	12
176	15
178	3
181	11
192	11
197	9
199	12
Market 156(F)
7	13
11	8
25	7
37	12
52	10
62	5
63	10
65	3
71	15
82	13
92	10
106	10
116	4
125	2
137	10
148	6
154	4
163	4
192	2
Market 91
4	2
5	4
25	5
39	15
52	14
57	7
65	14
86	14
97	11
99	4
102	4
111	10
117	7
125	15
128	13
130	7
133	15
138	2
140	6
158	2
Market 133
2	13
8	13
15	5
16	4
44	11
45	5
53	14
54	2
58	8
63	7
64	8
73	11
75	2
80	14
92	12
97	6
100	9
125	7
127	6
131	7
139	9
142	6
155	7
177	14
178	8
181	7
188	13
192	1
195	13
Market 218
16	1
19	2
21	5
22	2
27	3
65	9
69	11
81	13
89	9
99	11
105	9
113	4
126	6
144	8
155	14
158	6
191	1
Market 217
5	3
8	12
9	3
21	15
25	1
27	4
41	4
48	14
52	13
60	15
63	6
75	2
82	14
85	10
87	12
96	15
99	14
127	14
138	14
139	14
141	10
143	11
147	7
150	11
163	7
165	13
172	7
178	5
181	2
186	14
Market 125(F)
1	4
12	11
19	12
22	14
34	9
37	10
53	10
55	5
61	9
67	8
68	12
70	15
73	8
84	3
89	3
95	3
97	14
100	7
107	6
111	2
113	6
120	9
124	2
125	4
128	6
146	11
152	13
162	2
167	12
172	2
175	7
176	3
178	3
196	4
198	5
Market 35
5	5
8	13
12	1
15	9
20	14
34	7
41	8
43	12
44	14
50	4
55	10
60	15
62	15
70	7
73	4
75	14
81	6
86	14
91	14
93	3
100	9
104	8
106	8
109	15
113	9
120	1
123	15
126	10
128	1
137	14
138	12
148	6
150	14
163	5
165	11
174	10
179	5
190	13
192	2
199	14
Market 242
1	8
3	6
5	14
11	1
12	6
22	3
34	14
41	15
43	1
52	10
55	5
60	3
61	13
68	15
80	13
88	9
95	13
97	12
99	11
104	11
106	11
113	8
114	10
120	5
122	2
123	15
126	11
128	10
134	13
140	15
142	15
148	4
157	10
165	2
171	11
178	1
179	7
192	12
196	10
200	3
Market 25
3	1
7	13
12	4
19	15
25	1
30	3
43	12
44	7
48	8
53	10
57	7
61	11
63	14
65	4
66	2
68	9
74	13
88	9
89	3
91	4
92	13
96	10
97	13
102	15
104	9
111	6
120	9
130	10
139	3
141	1
143	6
156	9
163	1
169	1
178	10
191	7
193	11
Market 147(F)
3	5
11	13
25	8
50	9
55	2
57	12
65	14
67	8
68	9
70	3
78	13
80	9
88	4
89	12
92	3
96	15
134	8
136	15
175	8
185	3
187	9
Market 127
1	11
10	14
12	7
15	12
19	5
21	12
33	9
34	6
39	2
42	7
52	11
59	12
63	12
75	6
80	3
82	15
92	11
96	1
115	1
120	14
127	7
135	13
139	2
141	5
156	4
172	11
176	6
178	1
181	2
184	12
192	1
196	1
198	6
200	1
Market 33
13	15
21	15
30	6
33	14
36	6
65	3
66	6
67	6
75	9
81	13
96	9
113	10
126	6
127	4
132	5
139	7
145	4
157	4
166	14
168	1
177	12
182	5
191	9
193	4
197	4
Market 219(F)
6	5
15	11
34	13
37	5
43	11
54	9
58	14
59	1
61	10
70	10
73	5
75	6
77	11
91	14
102	3
107	12
108	7
114	5
116	7
117	2
126	7
134	11
147	14
155	11
162	7
164	1
173	13
181	8
188	8
Market 44
1	11
4	14
13	13
15	7
19	11
22	10
33	3
39	14
42	3
43	4
51	12
54	14
55	9
59	5
93	15
102	15
104	1
111	14
117	2
122	1
127	6
136	7
139	14
143	7
150	3
168	13
169	14
172	15
175	12
176	8
178	15
181	4
194	7
Market 110
1	3
4	15
12	6
15	10
21	6
55	14
77	4
86	14
88	8
89	11
102	7
104	3
124	7
137	2
152	5
158	5
168	15
172	3
175	14
181	8
182	5
187	12
Market 81
7	2
15	9
24	14
27	9
44	11
59	15
61	9
62	6
66	4
68	4
89	10
92	9
94	1
103	4
113	9
117	5
123	2
126	13
129	3
131	7
134	11
138	7
158	11
168	8
173	5
183	7
188	9
195	3
Market 238
1	4
2	2
19	7
25	11
39	8
44	7
46	3
53	12
54	7
58	8
60	10
62	15
65	5
66	8
67	10
69	2
74	5
82	7
91	8
93	13
100	5
102	13
106	3
109	13
114	13
116	8
119	7
122	3
123	3
127	12
132	12
134	14
136	14
138	2
139	1
142	12
145	12
150	1
154	13
157	2
165	14
176	6
199	8
Market 30
3	8
13	8
19	12
22	9
27	14
32	3
33	10
34	7
48	10
54	14
55	3
61	6
63	14
70	11
73	3
74	11
79	7
92	8
107	2
108	13
113	15
116	9
139	11
175	15
181	4
192	5
Market 220(F)
1	7
11	8
27	15
33	2
44	15
70	1
74	13
78	13
80	13
88	4
91	1
106	15
107	12
113	3
114	11
117	12
123	13
129	9
131	14
139	9
161	7
162	3
171	4
179	2
181	15
195	1
197	12
Market 237(F)
11	2
24	6
27	8
33	1
44	3
52	4
56	5
59	4
62	6
67	11
73	13
74	5
75	12
78	4
84	13
89	11
93	6
94	10
96	11
98	10
107	15
114	15
123	3
126	15
129	15
131	3
138	8
139	8
142	15
154	15
155	4
170	5
178	4
193	2
Market 10
6	13
15	15
18	6
21	2
27	9
44	11
54	15
55	4
59	10
63	13
65	5
76	15
88	15
92	9
93	4
99	6
101	13
113	9
117	1
124	14
130	8
138	4
139	8
150	13
152	9
163	8
181	15
191	14
192	10
197	13
Market 2
2	8
3	7
33	6
36	2
37	9
54	1
63	13
70	12
73	8
87	13
94	3
102	1
106	8
107	8
109	7
113	8
122	7
126	6
133	14
137	1
148	14
156	13
165	4
174	2
176	9
178	5
182	12
190	4
192	1
Market 193
8	15
11	6
13	10
18	6
27	4
29	15
33	3
37	6
48	8
54	13
62	12
65	1
73	4
83	5
88	7
93	6
102	4
104	9
106	14
114	4
117	12
128	13
137	9
140	14
155	12
156	1
163	12
171	7
182	7
192	4
196	9
Market 41(F)
1	10
5	3
6	2
8	12
12	11
13	1
18	14
21	5
22	5
27	15
36	13
41	7
43	15
50	2
52	3
62	4
65	4
68	4
73	13
75	3
80	1
81	12
83	4
86	2
88	8
96	9
124	2
127	2
135	4
137	2
139	13
141	11
155	15
156	4
158	8
160	3
163	6
172	8
175	4
183	15
193	10
Market 73
6	13
15	3
19	6
25	12
43	10
54	15
68	1
78	14
87	7
88	12
93	12
97	7
100	7
106	3
111	5
116	4
120	7
138	14
140	2
146	8
149	4
152	9
154	4
156	8
157	8
163	1
165	9
171	8
187	4
193	15
196	13
Market 157
4	15
12	9
20	12
27	12
39	14
41	7
48	10
53	10
54	8
55	2
57	13
65	14
73	3
74	6
90	4
91	1
92	1
93	11
94	4
113	5
122	11
133	10
134	14
135	2
140	8
142	3
145	9
148	8
150	8
155	10
156	5
159	15
162	1
163	13
168	10
176	3
179	5
182	6
191	4
192	1
197	7
198	15
Market 47
3	5
7	2
11	2
12	14
20	2
41	15
44	14
70	2
85	7
86	13
92	2
112	10
116	8
129	15
131	4
134	8
152	7
156	6
161	13
168	4
169	15
178	7
188	9
192	15
195	3
Market 161
3	15
5	5
7	10
37	7
48	7
52	5
62	6
65	1
73	7
75	1
82	9
85	10
97	12
104	5
107	15
111	11
113	5
127	12
133	4
142	11
149	5
152	4
155	1
160	6
163	10
165	4
Market 4
1	15
5	13
7	13
8	15
16	14
21	11
33	8
37	14
41	6
50	1
53	7
59	14
61	12
70	10
72	9
82	6
87	6
100	4
102	15
106	13
110	15
116	10
138	4
140	9
145	5
151	11
159	6
162	1
165	5
168	12
176	6
179	9
182	7
187	7
192	2
193	4
200	15
Market 232
1	1
3	6
12	13
13	11
15	11
27	6
33	7
41	5
48	1
54	12
69	9
70	11
74	13
80	11
83	2
92	13
99	5
111	4
113	8
117	13
126	3
134	13
136	14
143	3
150	2
152	12
175	15
181	15
Market 53
1	13
27	1
35	1
48	13
53	11
59	7
67	5
73	11
75	6
87	10
93	6
99	13
100	2
106	12
109	9
116	2
126	1
133	15
134	14
156	3
157	7
158	9
165	5
179	8
182	2
183	1
198	4
Market 165(F)
1	4
13	10
33	14
34	12
50	8
51	3
54	8
59	15
61	13
97	11
111	1
116	10
117	9
124	6
126	11
128	13
131	12
143	13
152	5
156	10
158	3
162	2
172	3
175	9
181	3
191	8
192	15
195	11
197	1
199	3
Market 215
3	10
7	15
14	10
33	12
37	11
43	6
48	7
50	2
56	10
60	11
65	11
78	1
83	4
88	15
93	2
101	11
102	8
116	13
127	7
128	11
138	15
147	5
150	14
155	14
168	8
172	7
178	3
183	15
185	12
187	2
191	1
192	12
Market 230
4	2
20	2
22	13
39	1
44	2
52	15
57	1
60	6
67	5
73	11
90	6
92	1
93	2
100	7
106	8
107	12
109	2
111	7
117	15
130	13
133	14
138	9
155	6
175	7
183	5
191	3
193	15
Market 178
7	13
9	11
13	4
17	2
19	6
39	3
42	4
59	13
60	10
85	5
87	8
88	5
92	11
97	10
99	1
101	3
106	13
117	10
120	8
128	9
133	5
141	11
142	14
146	6
149	5
160	15
168	13
169	5
172	13
175	8
178	6
182	13
184	14
191	10
193	13
200	7
Market 130
15	8
19	10
50	1
66	12
88	8
92	3
96	14
97	3
99	7
101	8
102	6
117	14
127	6
141	1
158	10
161	9
192	14
Market 66(F)
1	4
3	8
7	4
12	4
18	2
19	3
21	14
34	7
37	10
48	2
54	7
59	15
62	12
65	5
67	8
88	8
102	11
107	11
114	6
121	10
123	12
125	11
126	2
127	6
129	15
131	1
134	3
138	10
142	9
147	14
155	12
162	13
166	13
168	3
177	15
178	13
181	4
183	11
186	2
191	5
195	11
197	10
Market 95
15	13
16	8
27	6
34	12
38	8
46	8
55	5
59	1
65	13
70	13
92	14
96	9
99	4
101	4
104	7
113	5
124	7
136	3
139	2
147	11
152	5
163	1
169	12
176	6
184	9
187	1
198	8
Market 173
3	6
6	8
8	15
13	8
15	1
21	10
33	10
38	1
42	10
43	5
59	13
60	1
62	7
72	10
87	2
88	5
92	3
93	5
104	15
107	12
109	3
113	9
114	8
125	11
137	7
148	1
151	2
157	13
158	1
168	8
178	12
179	8
182	14
190	10
200	11
Market 196
4	11
12	14
32	4
33	5
39	6
50	11
52	3
53	13
61	11
67	3
75	9
80	7
89	10
96	7
115	8
122	10
124	11
126	8
130	10
155	5
156	11
165	12
169	7
175	5
181	2
191	5
192	11
193	13
198	7
200	12
Market 223
1	11
2	7
3	12
4	4
16	3
23	7
25	14
52	9
56	13
60	14
65	3
67	2
70	5
74	12
89	11
94	10
99	13
129	7
134	9
137	13
139	4
142	15
156	5
167	7
168	14
171	8
177	9
182	4
192	10
196	14
Market 179
12	14
21	15
41	11
44	13
52	12
62	12
63	8
67	11
75	3
80	13
86	12
87	10
97	3
101	6
102	13
106	9
107	3
115	11
124	9
133	1
152	5
155	2
169	15
175	13
184	8
187	5
191	4
Market 199
2	13
6	9
20	2
27	11
33	1
41	9
48	11
52	6
54	4
58	13
62	4
64	12
65	9
70	6
74	5
92	14
97	5
102	6
104	10
116	8
121	13
123	13
126	4
127	3
147	7
156	3
161	7
162	9
165	11
172	5
178	9
181	5
183	6
186	3
187	4
192	14
197	7
199	10
Market 169(F)
1	14
5	12
7	3
13	7
18	1
22	5
25	15
34	3
43	15
48	7
50	9
52	12
54	13
55	6
59	2
63	5
70	5
79	7
88	3
100	13
103	7
107	14
114	12
117	4
122	4
136	11
138	8
139	12
147	2
165	10
168	9
171	1
177	9
179	13
181	13
183	14
188	7
193	9
195	4
Market 24
6	15
8	2
22	15
27	15
36	5
43	13
64	4
68	8
96	3
97	9
122	15
125	15
146	11
158	3
160	15
169	14
175	1
180	9
192	3
193	4
198	5
Market 5
1	13
3	8
6	4
8	13
9	2
13	2
15	6
21	9
22	5
37	8
48	1
49	4
50	10
63	10
65	10
70	5
88	11
95	6
100	8
111	9
113	14
124	8
130	4
133	5
135	9
152	5
155	11
162	4
168	3
171	8
178	6
179	9
192	4
198	5
Market 79
3	6
4	11
8	15
12	6
20	7
22	10
32	15
44	2
48	15
54	5
63	3
67	14
69	9
88	10
89	11
101	1
117	8
130	13
134	9
139	10
143	12
162	3
163	12
175	1
176	3
178	9
181	4
191	11
197	2
199	8
Market 194
1	15
7	14
15	15
25	4
31	11
34	8
36	5
41	10
44	15
45	15
53	1
57	14
61	12
64	9
70	4
82	8
92	2
99	12
104	5
113	12
117	12
124	9
127	5
135	7
137	2
146	7
149	7
152	10
160	8
162	8
168	8
Market 141
16	13
58	7
63	12
73	6
75	1
77	14
81	8
87	10
102	11
113	15
116	15
135	4
138	2
162	1
165	8
171	4
198	5
200	11
Market 176
1	3
13	14
14	11
22	14
33	10
37	13
43	1
44	14
55	8
59	5
60	7
61	7
62	6
75	3
80	13
83	7
92	2
100	10
104	5
107	13
111	10
113	7
114	9
126	12
128	10
133	9
138	5
146	6
149	14
160	2
162	3
163	3
167	6
175	9
187	5
Market 100
1	8
15	9
18	14
37	5
41	13
48	13
51	14
52	10
55	15
62	12
67	12
70	8
73	5
82	12
87	3
100	5
107	14
123	4
125	13
126	10
138	3
139	9
142	15
145	15
158	10
161	9
183	6
197	15
Market 191
1	4
4	4
15	9
20	4
32	13
33	7
41	3
50	13
53	13
61	9
66	7
67	8
75	13
88	3
90	1
91	13
93	8
95	15
99	13
100	10
107	3
113	15
114	12
120	5
122	9
133	12
138	4
151	14
156	14
157	1
159	3
168	9
176	3
179	9
182	4
183	4
193	1
198	6
Market 229
1	12
11	12
15	10
19	15
21	13
22	10
27	15
36	9
37	12
41	1
44	6
46	11
50	8
55	3
58	10
62	10
67	2
78	3
82	3
84	15
87	12
93	1
99	15
113	10
117	9
124	11
133	6
137	5
142	9
158	15
168	5
175	13
178	9
180	10
192	5
200	11
Market 250
1	2
2	8
5	9
21	10
25	5
34	12
41	11
57	9
64	4
73	2
80	3
86	1
87	11
89	2
96	11
99	7
101	15
102	3
108	4
111	6
113	2
116	4
117	13
123	10
128	3
130	6
134	4
136	3
147	3
155	3
158	7
162	2
168	15
169	14
172	4
183	10
186	1
187	6
Market 155(F)
7	1
13	3
15	7
44	10
46	13
51	2
54	14
58	12
63	1
74	5
91	13
94	2
104	5
106	2
137	1
139	3
148	8
154	11
156	7
158	1
176	6
177	11
179	9
182	4
193	15
196	5
198	11
Market 148
6	13
12	11
34	1
42	11
44	4
47	6
121	6
127	7
134	12
141	7
155	3
162	9
169	14
172	14
176	4
Market 140
13	4
20	5
35	14
53	15
54	11
57	10
69	12
73	8
81	15
93	10
116	11
151	2
161	3
165	13
174	7
178	12
192	6
196	8
Market 204(F)
5	11
13	9
16	3
46	3
53	5
62	10
65	10
67	3
75	13
81	8
93	13
99	8
109	3
125	13
127	4
129	11
134	13
137	9
138	1
139	2
168	2
176	7
191	8
Market 113
39	13
43	3
55	15
65	5
70	6
73	5
80	10
86	14
97	4
99	5
101	3
106	11
116	12
117	3
121	12
122	2
124	9
143	1
155	7
158	2
162	1
165	1
168	11
191	14
195	7
Market 203
7	7
13	12
21	1
25	11
31	8
34	4
38	7
53	2
63	1
78	15
84	3
88	3
94	5
96	12
98	13
103	9
116	8
123	1
125	15
127	4
147	3
154	7
157	15
161	13
166	4
171	14
179	6
186	11
195	1
Market 37(F)
11	13
15	12
20	8
25	15
33	7
34	10
43	2
50	7
54	7
66	8
68	7
75	13
78	3
95	10
100	4
104	10
120	6
126	13
142	10
154	9
156	15
168	11
179	8
186	1
Market 180
5	3
10	2
13	15
16	7
22	10
27	11
36	12
37	6
51	8
54	10
61	9
63	2
70	6
81	11
83	2
93	10
96	1
101	14
104	1
108	5
126	5
127	13
128	4
133	6
136	5
138	2
147	6
149	11
155	4
160	15
169	15
175	14
178	5
181	8
184	4
187	9
Market 74
5	11
7	11
12	6
25	8
27	12
39	2
43	4
49	5
55	9
60	1
63	13
69	9
80	11
81	15
93	12
95	4
97	6
102	14
104	9
106	3
111	9
117	9
124	12
126	2
130	9
135	12
138	14
140	3
149	4
152	2
162	15
167	3
175	1
187	10
193	15
198	2
Market 175
5	14
16	12
25	2
27	6
32	2
36	15
37	13
45	8
57	3
62	14
67	5
70	1
75	6
82	2
86	15
87	7
88	7
90	9
92	9
95	7
99	3
106	12
114	2
116	4
122	15
126	2
129	3
133	13
138	3
145	10
149	6
154	10
157	1
163	14
165	10
167	7
175	11
179	14
187	11
192	5
198	12
200	14
Market 136(F)
2	13
3	14
10	10
12	1
16	2
32	13
61	6
70	2
76	9
87	8
103	12
106	14
133	13
161	3
165	9
176	8
177	9
179	5
186	4
191	7
197	11
199	7
Market 20
4	7
14	3
20	9
22	4
29	10
34	3
41	4
50	6
52	1
55	14
56	3
60	8
62	10
65	14
68	5
70	8
73	7
78	9
80	7
93	3
95	13
99	2
102	7
107	10
120	6
122	3
123	7
126	9
128	14
137	15
156	11
163	15
167	13
168	12
178	14
193	13
Market 181
3	8
7	9
11	5
12	3
13	8
19	9
21	4
24	13
33	8
41	3
44	1
51	4
54	10
61	1
62	1
73	6
75	1
86	11
89	15
96	9
101	5
102	5
104	11
106	12
111	5
113	5
121	9
122	15
124	10
126	11
136	6
138	12
152	1
160	14
162	2
163	8
165	5
168	5
172	10
181	6
191	15
192	15
195	4
Market 90
7	11
25	2
41	2
46	13
50	7
52	6
58	3
64	10
67	14
82	7
92	9
113	11
114	7
120	12
124	12
125	7
128	5
129	4
135	2
142	12
149	7
156	2
162	7
167	7
168	5
175	1
176	13
178	13
193	15
Market 51
1	3
7	6
8	14
12	5
15	12
19	5
27	7
34	15
36	8
43	5
55	11
58	5
59	13
64	5
91	3
93	10
106	13
109	12
113	9
123	6
138	1
139	15
150	8
157	13
165	8
183	3
192	8
193	13
195	4
199	14
Market 15
18	5
34	7
40	4
44	2
48	4
52	9
56	14
68	12
80	14
91	5
93	15
98	1
103	11
116	2
129	5
138	2
145	2
147	1
150	15
154	14
161	4
162	4
168	8
191	3
195	7
Market 43
1	14
2	8
5	13
8	15
12	3
15	3
16	11
21	7
34	14
50	8
67	5
70	1
72	4
81	15
86	12
92	9
96	13
97	12
102	10
104	8
107	12
117	14
126	7
133	6
137	1
158	14
169	2
172	15
175	1
184	5
187	8
192	8
Market 49(F)
6	14
10	8
13	7
15	8
21	14
22	2
33	11
44	12
48	9
51	13
59	5
69	15
89	12
91	6
100	13
102	2
107	9
109	3
121	14
134	9
138	6
150	7
155	1
158	2
177	2
181	8
186	12
188	8
191	2
193	13
197	5
Market 177
2	1
50	2
53	2
63	3
70	13
74	7
86	8
89	3
104	8
107	2
111	1
117	3
146	5
149	13
155	6
183	13
193	7
196	5
Market 222
6	12
9	4
12	9
13	7
15	3
51	13
59	9
60	8
67	4
73	4
106	2
109	9
129	8
137	13
139	2
158	1
162	6
165	15
167	7
171	4
176	3
179	11
197	2
Market 23(F)
2	7
3	3
7	6
21	1
29	11
34	8
35	10
40	5
44	12
50	1
51	15
52	9
54	9
61	7
70	2
81	10
87	4
99	3
100	13
104	9
106	6
107	4
111	4
120	4
128	6
130	7
152	12
156	4
160	5
163	4
167	15
169	5
187	15
191	14
196	10
198	9
Market 198
1	3
7	8
8	13
19	14
20	10
30	6
44	5
50	13
59	4
60	7
66	8
73	2
78	7
88	5
89	14
92	4
93	8
96	1
99	10
104	3
116	15
121	11
127	12
128	6
134	13
141	6
143	14
152	15
156	15
160	12
163	6
165	10
168	11
185	8
187	12
195	8
198	1
Market 225(F)
13	15
19	5
20	2
22	8
25	6
39	3
53	7
66	11
68	5
85	15
92	12
93	15
104	6
113	3
116	14
140	10
154	14
158	4
163	6
165	11
168	6
178	6
179	5
183	13
186	13
191	14
193	15
Market 142
3	8
13	12
19	1
25	7
30	2
33	13
50	10
52	5
53	15
55	3
62	9
73	5
86	11
88	11
89	3
100	1
102	12
104	8
111	12
120	1
130	11
155	8
156	9
162	6
165	13
178	15
191	14
196	14
Market 11
2	11
12	10
24	13
30	13
44	4
45	10
51	13
53	10
56	4
60	13
61	14
65	14
70	13
75	8
80	5
94	5
97	14
99	10
100	14
104	6
106	2
108	11
109	11
113	6
120	12
130	6
138	5
141	8
142	9
150	10
158	8
165	4
167	11
168	2
172	3
175	12
176	15
182	13
185	15
186	5
195	9
198	10
200	7
Market 116(F)
7	15
8	12
20	5
36	1
52	7
73	15
86	9
88	15
101	2
103	10
107	4
112	9
116	14
121	13
129	9
142	12
161	10
162	1
164	4
173	15
183	6
195	14
197	11
Market 105
10	5
15	1
18	12
34	14
39	12
42	9
52	3
55	12
86	15
89	3
95	8
97	7
104	13
116	14
120	11
125	5
157	15
168	11
176	15
186	6
193	7
Market 88(F)
1	2
3	11
6	8
7	13
10	6
13	13
21	4
42	6
44	4
62	15
67	12
75	9
80	7
87	9
93	2
97	7
113	13
116	3
120	7
122	6
125	9
126	7
134	2
138	1
145	7
148	1
163	7
165	12
168	11
179	14
182	9
191	9
193	5
Market 54
1	3
3	13
4	12
5	11
7	13
12	8
13	4
20	14
25	4
33	10
34	7
40	12
52	3
54	10
59	15
60	8
63	6
66	11
68	12
89	13
97	15
99	6
104	13
107	3
113	11
122	9
123	10
126	10
134	10
137	4
142	13
151	3
157	13
161	7
167	10
168	10
171	2
174	7
176	8
183	15
186	9
193	7
196	7
Market 200
6	4
12	10
15	1
19	1
27	6
34	2
39	9
41	2
42	2
54	11
55	12
63	12
67	14
82	14
88	15
94	1
101	1
103	2
107	4
121	8
125	7
152	2
158	9
175	13
183	12
199	14
Market 18(F)
8	12
25	5
27	2
34	1
44	15
52	2
63	10
69	5
86	7
90	9
100	10
120	5
123	6
125	2
126	12
128	2
137	13
145	13
158	9
165	8
171	5
174	9
182	14
186	2
Market 70
6	12
9	15
34	10
41	15
44	1
51	15
57	15
65	12
67	10
70	11
73	3
75	12
93	2
96	14
122	9
129	9
138	9
157	15
193	14
Market 96
4	15
12	7
20	13
25	15
34	8
51	8
55	6
57	12
61	15
62	6
66	11
69	13
70	3
73	15
81	8
102	8
111	13
126	15
130	15
138	12
162	6
195	4
Market 167
1	15
2	13
5	14
16	5
32	11
34	3
54	9
61	4
65	4
73	7
74	2
89	13
90	2
94	9
96	5
99	5
101	9
102	12
103	14
113	2
129	7
131	5
150	12
158	8
161	5
164	3
177	10
Market 190
3	12
13	4
15	2
37	4
43	12
44	1
51	7
55	14
61	5
78	4
92	2
99	6
106	5
107	2
114	8
122	6
125	11
126	5
129	9
133	3
140	8
151	3
154	10
156	1
157	9
174	1
178	5
Market 62
2	4
7	1
15	3
22	9
52	12
53	2
60	12
62	3
65	9
97	12
108	2
121	5
127	6
139	4
150	4
152	7
165	6
176	6
187	8
191	11
195	11
Market 207(F)
3	13
12	12
20	1
21	9
27	9
33	9
36	4
43	5
44	7
46	14
50	11
53	7
58	8
59	13
67	12
75	8
78	6
82	6
91	5
92	6
93	4
97	13
107	2
113	5
120	14
123	13
137	11
140	6
148	2
151	9
158	6
163	5
165	7
168	10
177	9
182	12
183	4
190	8
192	8
198	10
Market 89
4	9
5	10
7	10
12	14
24	10
27	5
29	13
33	3
44	7
45	6
50	9
54	11
61	6
65	11
66	3
70	8
73	10
92	6
100	15
107	15
113	6
120	10
122	14
125	5
126	10
129	9
135	10
138	5
140	7
149	13
151	9
156	15
159	6
163	4
187	5
192	15
200	6
Market 9
12	4
27	5
44	10
46	10
50	13
53	12
65	10
73	13
75	14
82	13
87	1
99	13
102	7
117	15
126	4
127	15
128	8
137	14
149	7
156	9
162	6
163	12
168	13
169	3
175	4
178	3
181	9
200	15
Market 101
7	8
15	1
19	9
20	2
25	6
41	9
52	9
61	5
63	4
66	9
70	13
93	12
96	6
106	10
114	4
116	3
127	14
133	7
134	4
142	1
161	7
165	14
166	4
168	11
175	5
179	14
183	8
186	10
188	7
191	8
199	13
Market 111(F)
1	12
2	1
8	5
15	12
16	6
24	12
25	3
30	6
34	7
45	1
62	15
65	11
66	15
67	12
70	14
81	6
86	1
91	15
93	12
101	13
102	15
104	2
106	4
113	12
115	11
122	12
127	5
128	4
141	10
168	1
172	4
175	13
178	12
184	9
197	9
Market 112(F)
3	12
8	12
13	10
19	2
67	15
84	8
87	8
104	9
130	6
136	8
149	14
152	5
160	6
165	1
181	12
184	6
187	13
191	3
192	9
Market 75
9	2
15	11
36	7
41	10
50	8
54	13
73	14
75	3
88	11
90	11
101	12
102	14
115	7
128	5
141	5
146	11
155	6
156	6
172	3
183	3
191	15
Market 8
3	7
13	4
21	1
31	8
52	5
54	13
65	3
73	12
86	11
88	3
92	7
96	6
107	15
111	13
125	1
128	8
165	15
176	14
181	1
Market 134
3	4
8	10
19	6
38	10
41	10
42	15
44	7
50	11
60	6
87	6
98	10
102	10
121	11
123	10
131	4
158	8
166	5
168	4
170	11
177	2
181	15
193	8
Market 235
1	11
4	8
8	14
13	6
27	3
51	6
61	6
63	13
67	14
90	6
99	11
116	10
126	2
131	3
136	3
141	9
150	8
152	7
165	4
188	4
197	7
Market 231
2	13
4	12
5	6
9	1
15	10
18	6
32	6
44	1
57	15
63	2
65	7
67	1
86	15
87	13
90	13
92	6
99	7
115	10
122	15
137	14
147	10
156	15
176	10
181	1
187	1
Market 39
11	6
12	11
13	6
19	2
25	9
42	15
48	2
63	12
67	3
82	5
95	6
100	1
102	14
104	4
106	1
128	11
146	7
155	13
156	10
158	3
162	15
168	15
171	13
175	7
176	8
178	9
193	10
198	12
Market 187
3	1
12	11
16	13
33	6
34	10
37	7
54	13
61	11
62	13
65	13
70	6
73	15
75	4
81	7
82	12
86	10
99	13
100	3
109	13
122	5
127	6
129	15
133	3
134	1
142	5
145	7
157	1
162	3
166	15
171	15
176	1
193	12
195	15
Market 14
6	2
13	2
15	15
21	1
25	5
27	1
32	15
34	1
57	2
59	13
62	9
63	5
65	9
67	6
73	6
75	11
82	15
91	3
94	15
97	10
100	5
101	5
103	3
106	10
108	5
113	4
125	8
136	2
139	4
142	7
144	13
150	11
173	7
183	9
186	15
Market 212
16	13
26	2
27	15
38	3
50	5
60	13
65	11
99	11
115	5
128	14
130	5
133	3
135	10
155	8
158	6
165	10
176	6
182	7
192	11
200	1
Market 233
5	14
7	2
12	1
16	8
25	5
31	4
33	14
34	13
36	4
48	1
51	7
54	15
57	11
65	14
66	11
70	11
73	5
86	2
91	12
93	4
106	9
116	1
117	1
130	4
143	13
152	7
155	7
161	6
162	3
172	14
195	2
Market 67
1	6
2	13
7	14
15	11
24	14
29	13
32	2
41	10
44	9
51	9
52	15
54	14
56	3
57	1
62	15
67	5
74	7
81	6
87	13
89	4
96	6
98	7
106	8
107	8
113	9
122	11
123	5
126	1
127	4
138	9
139	1
145	5
157	10
181	9
188	2
195	7
197	10
Market 202
2	12
5	13
7	6
21	11
25	7
33	9
37	9
45	15
48	4
58	14
61	8
64	4
75	8
91	13
93	8
94	7
112	4
123	10
125	14
126	4
139	8
150	8
154	9
155	1
158	6
164	1
178	6
183	12
193	7
197	10
Market 211
1	13
5	7
8	1
12	15
30	2
36	1
41	2
57	12
67	9
75	7
87	7
93	10
97	3
102	13
107	14
111	1
114	1
117	10
120	14
122	15
124	2
127	5
135	9
141	4
142	14
149	4
156	2
176	12
182	14
187	3
Market 135
1	15
8	6
20	15
21	11
25	8
34	3
50	12
53	3
57	4
61	7
75	7
94	15
99	14
103	4
118	11
123	2
125	9
126	8
134	9
154	8
163	2
166	8
176	13
181	15
183	7
Market 57
5	11
8	5
22	13
24	2
25	15
27	4
33	2
40	5
53	9
55	12
63	2
66	1
69	10
75	5
80	3
81	4
90	7
91	10
96	6
97	14
99	9
103	2
106	12
114	13
121	14
126	14
131	12
134	1
135	11
138	6
149	6
150	1
156	6
162	3
163	6
165	12
167	3
170	13
176	7
177	2
181	10
183	3
188	5
191	2
199	15
200	15
Market 195
8	8
11	12
22	9
33	9
34	5
37	4
41	1
48	12
52	13
54	2
55	3
59	4
60	10
62	5
63	13
67	9
68	10
70	11
75	11
87	7
99	14
104	9
106	7
120	15
124	2
128	9
130	4
133	8
139	8
141	4
146	10
165	3
169	11
175	6
191	9
192	4
198	10
Market 42(F)
1	3
5	13
11	6
27	3
43	2
62	12
63	4
74	9
88	15
97	9
125	11
127	7
133	9
137	4
139	12
152	1
155	10
172	2
191	14
Market 241
2	13
6	3
8	11
18	10
21	10
25	13
33	4
34	6
37	10
59	1
61	6
62	3
63	8
68	4
77	8
88	2
100	2
106	3
113	13
114	12
122	15
125	7
126	15
137	7
140	2
142	14
161	13
163	5
167	12
186	2
190	10
Market 174(F)
1	14
5	14
15	8
41	3
57	7
61	10
81	14
86	5
89	12
90	1
93	10
109	9
122	12
125	8
156	6
157	14
158	4
165	11
176	13
186	7
193	7
Market 170
2	8
3	13
5	2
6	11
7	6
9	1
12	6
13	10
15	14
18	8
20	10
21	13
34	10
42	6
48	6
51	13
63	5
65	7
67	9
73	10
82	11
87	1
90	15
93	7
94	14
102	1
106	2
109	13
116	12
119	2
125	13
133	2
137	5
139	13
145	2
148	9
150	1
168	7
174	6
177	9
183	14
197	11
Market 216
1	13
7	5
12	3
13	5
21	9
51	15
53	10
54	10
57	3
58	12
63	4
64	3
71	10
75	4
91	1
101	1
106	11
111	7
124	15
127	12
134	6
138	4
139	6
147	8
150	3
156	4
158	12
178	9
183	12
Market 38
1	8
3	2
15	15
16	13
31	12
50	10
54	1
61	1
63	5
87	14
89	15
99	1
106	10
120	2
122	6
128	6
138	12
145	14
149	10
151	6
165	15
168	1
176	13
179	11
191	5
Market 76
1	1
5	7
7	3
11	12
12	4
15	13
18	13
22	4
29	11
37	13
41	15
48	5
59	9
63	5
88	14
97	5
99	2
101	4
115	9
124	12
128	4
133	4
135	1
137	3
141	10
155	15
160	7
163	15
165	5
172	5
182	8
192	7
196	8
Market 104
1	3
20	15
34	4
37	13
41	7
44	4
50	1
51	11
57	8
59	9
73	2
74	13
86	15
87	6
91	6
99	15
100	14
107	7
109	4
125	15
142	2
157	5
163	12
168	12
171	6
174	2
177	10
179	8
183	2
191	10
196	3
198	15
Market 206
1	10
2	1
4	6
15	3
16	8
20	1
25	13
27	13
32	13
44	8
56	7
60	1
62	14
67	7
74	2
80	10
81	6
90	13
93	7
100	9
102	12
104	12
109	5
116	7
123	12
133	14
134	7
139	4
145	11
148	13
156	4
163	8
168	4
174	9
182	13
196	15
200	4
Market 168
25	2
27	7
41	4
51	6
70	15
98	10
100	1
112	6
116	12
123	14
134	8
139	4
158	9
166	14
199	3
Market 119
3	2
6	6
10	11
12	5
15	4
18	11
27	9
33	3
37	13
41	15
43	15
48	8
50	5
59	5
62	10
63	8
65	5
73	5
75	7
76	9
87	6
100	2
106	4
107	6
116	5
119	6
125	5
133	15
134	5
138	7
142	7
145	5
148	5
154	3
155	4
161	8
171	15
174	6
183	13
186	10
197	7
199	4
Market 158
15	13
16	6
37	12
42	5
48	5
67	7
73	4
76	1
87	7
110	3
116	2
120	11
128	10
138	11
140	10
145	13
149	11
156	5
171	8
175	14
193	2
196	14
200	13
Market 99
3	14
15	11
16	10
25	15
44	8
64	10
71	9
74	12
90	3
91	12
100	2
116	14
117	6
123	12
126	14
134	15
136	8
142	14
162	4
173	13
191	2
Market 85
2	10
5	7
11	15
15	12
16	11
22	8
27	1
33	5
34	2
36	4
43	4
51	10
58	11
59	4
63	15
68	13
75	2
77	4
83	2
87	4
91	9
93	15
99	15
102	1
103	5
109	14
114	10
116	3
125	11
126	8
137	11
139	3
142	3
150	5
155	10
158	11
161	10
162	11
171	9
174	14
197	8
Market 139
8	1
13	14
22	7
25	9
33	8
43	10
44	11
51	9
59	5
63	13
65	2
67	7
68	8
85	1
86	8
92	13
93	5
95	13
102	9
104	8
106	3
114	2
123	7
125	2
126	13
128	12
154	11
156	4
158	9
161	10
163	11
167	12
174	1
200	14
Market 19
2	14
5	9
7	6
27	6
33	5
37	1
48	10
50	8
51	15
52	2
59	2
61	9
66	2
73	2
76	2
88	8
91	4
93	13
99	10
102	15
109	13
122	3
128	14
133	8
134	13
148	11
151	5
161	11
162	4
163	14
165	6
167	15
175	2
176	13
178	15
182	7
183	9
186	6
192	6
196	7
200	3
Market 150
1	2
8	13
12	11
27	9
33	12
44	5
58	9
60	5
61	7
87	8
108	10
125	6
138	9
144	8
152	13
155	1
158	11
161	13
162	11
186	12
192	12
Market 118
5	13
8	11
19	13
20	3
21	3
22	8
39	8
44	3
50	12
53	8
67	11
73	15
81	3
82	5
96	4
100	14
106	15
132	9
162	4
165	1
166	15
171	9
181	3
183	9
186	10
188	14
Market 93
4	13
18	4
22	15
29	13
37	4
44	11
48	14
63	4
69	11
104	3
122	8
124	2
128	1
130	4
133	6
135	1
139	8
155	10
156	5
158	7
160	10
162	15
169	3
196	12
Market 146
3	3
8	5
15	6
16	14
33	1
36	14
48	4
50	2
54	5
55	2
64	13
68	5
82	6
87	4
88	9
93	3
101	5
106	3
111	5
127	6
136	9
141	1
152	3
158	9
160	10
163	3
168	7
172	11
187	15
191	1
197	7
Market 78(F)
6	9
7	14
21	1
34	3
42	15
47	6
51	11
54	5
55	1
65	6
67	8
87	7
92	10
96	5
106	7
117	4
120	13
127	14
128	6
133	10
155	14
158	10
162	2
163	3
168	14
175	15
178	15
185	10
191	9
192	8
194	12
Market 102
5	6
13	12
15	6
21	4
25	1
27	6
33	9
34	9
36	13
37	15
52	5
77	11
81	3
83	13
107	7
109	13
113	4
119	13
123	13
129	15
133	12
157	15
158	11
171	15
189	11
191	12
193	5
Market 122
1	11
6	3
18	3
19	1
21	15
39	14
43	14
44	6
55	14
60	3
62	12
69	13
75	3
88	10
93	6
95	4
97	8
99	15
104	8
120	6
126	15
129	5
138	9
151	7
154	10
157	14
158	13
171	1
174	13
176	4
179	15
182	7
183	15
196	8
198	8
Market 124
5	10
6	8
8	9
11	13
21	15
22	15
33	11
34	2
51	12
52	15
59	13
62	11
70	2
75	10
91	5
93	7
100	2
104	11
113	4
135	12
140	5
149	4
159	11
162	8
171	3
175	11
176	7
178	1
187	12
193	12
198	5
Market 188(F)
4	7
12	11
15	3
22	15
48	6
65	3
72	12
77	2
80	14
82	10
86	14
88	12
91	6
99	7
100	6
102	3
103	1
106	3
109	7
114	6
120	5
123	7
126	11
128	1
138	9
161	15
167	15
179	5
183	13
Market 55
7	13
16	10
33	7
45	8
53	6
57	13
58	7
63	14
73	13
80	11
87	2
93	4
95	2
99	3
100	11
104	3
107	2
114	10
128	11
129	7
133	4
138	10
142	8
145	12
149	6
154	13
174	3
178	7
179	9
187	3
193	10
Market 84
5	9
7	2
22	9
25	8
32	10
35	15
40	2
41	15
55	10
56	1
57	6
60	12
65	7
66	13
73	10
74	12
90	15
96	12
100	3
107	4
109	9
113	12
114	1
126	5
129	1
139	9
142	6
145	3
147	6
154	7
157	14
161	2
165	6
166	1
168	11
175	7
181	1
183	7
186	5
197	2
Market 186
1	5
5	15
27	12
31	7
39	3
41	2
43	1
52	7
53	6
55	5
61	11
62	13
75	11
80	4
85	12
89	3
107	5
116	9
126	3
127	14
129	6
134	11
138	9
147	13
150	10
155	9
162	13
168	8
175	8
179	1
181	1
183	3
186	14
188	13
195	15
Market 123
1	12
12	7
20	1
22	1
27	1
32	6
35	3
40	3
41	12
52	8
60	4
61	7
65	13
81	15
89	15
90	10
92	9
95	10
113	4
125	7
126	15
128	9
129	15
137	11
140	2
145	3
159	12
176	2
179	10
191	7
200	2
Market 83
1	12
13	11
15	13
18	11
34	10
41	8
42	15
69	5
88	6
103	6
106	8
112	14
125	5
129	7
131	6
139	4
142	9
147	3
154	12
155	9
158	6
162	5
164	3
166	3
173	2
188	3
191	10
Market 31
3	5
6	10
12	12
13	13
15	3
17	5
21	14
25	7
33	14
41	3
42	15
48	8
54	14
59	12
63	13
82	9
93	15
103	11
108	15
112	14
117	2
123	15
131	8
136	14
162	5
173	5
186	7
188	6
Market 26
1	7
5	10
6	3
34	4
37	12
41	8
42	4
44	9
48	3
50	15
53	7
57	1
59	14
65	9
66	12
70	8
82	5
92	9
96	12
102	14
108	7
117	13
120	6
128	5
143	10
152	15
160	5
162	14
172	14
175	7
176	10
181	9
183	9
187	1
194	8
200	6
Market 163
5	7
6	12
7	12
22	5
27	7
51	3
63	1
65	2
68	9
77	1
87	8
96	9
117	7
121	13
123	15
124	13
133	10
134	8
141	1
143	3
147	11
149	1
181	11
184	9
187	11
197	14
Market 213
4	8
7	1
15	6
22	2
25	13
27	4
34	5
43	4
44	2
49	3
54	13
55	12
60	9
63	4
65	15
66	11
70	2
73	5
75	7
81	13
89	7
94	12
96	6
101	4
102	1
104	13
108	7
115	13
116	9
121	1
127	6
128	13
129	12
130	8
137	7
141	13
149	9
155	4
157	10
162	3
169	8
173	3
175	14
178	7
193	9
195	12
197	3
Market 239
3	13
19	14
42	9
51	15
54	14
55	1
62	2
67	10
68	6
79	7
87	2
94	8
102	11
107	1
113	14
120	5
128	10
138	10
161	15
179	12
192	15
193	6
Market 248(F)
2	10
6	3
13	5
15	6
16	10
20	9
25	5
34	4
42	5
48	1
70	6
73	6
81	1
87	5
99	15
101	11
102	5
106	6
120	5
126	14
133	2
136	11
141	12
160	8
165	12
168	14
169	10
175	9
191	10
192	13
197	2
198	1
Market 192
3	9
7	6
11	4
16	8
21	14
36	10
42	2
48	8
50	4
52	5
61	1
63	4
68	14
70	9
75	6
81	5
87	13
90	10
92	8
97	3
100	9
101	2
106	2
107	4
108	1
110	1
114	15
120	1
122	12
125	3
136	6
138	6
140	9
141	15
143	8
158	4
169	6
176	1
178	14
191	6
192	7
196	14
198	6
Market 64
11	11
15	10
19	2
27	5
34	13
38	14
65	1
66	4
68	3
70	8
73	10
74	8
80	12
84	9
86	4
92	4
96	9
101	1
103	6
104	13
108	12
117	12
131	7
139	6
141	13
143	5
150	8
152	8
156	9
158	6
162	14
168	11
169	15
173	2
176	2
178	11
183	14
186	14
195	1
197	10
Market 36
1	2
2	5
6	15
9	13
16	10
21	10
33	6
34	5
41	3
44	13
51	12
54	10
63	5
67	4
73	3
94	10
116	14
145	3
154	2
163	11
176	2
Market 52
4	8
7	6
12	4
13	14
15	8
20	7
25	10
34	2
39	6
41	9
43	15
48	10
51	13
57	9
60	4
61	1
63	7
65	9
68	3
74	2
79	15
86	15
91	14
93	4
106	4
113	15
114	10
122	8
126	6
128	13
137	15
142	12
145	15
154	4
155	11
157	10
161	8
162	11
168	9
176	11
177	13
190	8
196	10
Market 80
25	1
27	6
62	12
67	9
99	2
102	9
108	5
111	12
128	3
158	1
183	12
187	14
199	2
Market 129
2	1
7	14
8	3
14	10
15	3
19	4
21	9
25	9
27	8
34	5
36	7
46	5
48	6
51	12
59	5
65	15
67	10
75	14
78	6
87	9
91	8
96	10
111	5
115	12
133	8
152	1
165	5
172	10
183	4
184	4
197	8
Market 205
5	11
7	9
12	13
13	6
18	4
44	8
51	2
67	9
73	3
75	15
94	15
97	3
100	7
107	13
114	10
120	10
122	10
158	2
161	9
174	9
183	6
191	9
196	11
199	4
Market 17
6	3
7	15
13	4
19	3
21	11
42	1
48	3
51	6
61	10
84	11
91	15
94	1
103	4
129	12
196	8
197	9
Market 132
5	4
18	7
27	5
29	11
37	2
40	14
50	15
59	8
66	3
74	15
77	9
83	6
88	7
94	3
97	5
101	9
116	1
117	10
127	10
139	9
155	13
158	1
169	5
181	4
197	3
Market 145
2	2
8	6
12	2
16	13
20	1
25	11
27	5
36	3
44	4
52	1
54	8
56	2
60	10
75	13
80	12
81	9
90	5
101	7
120	3
127	8
128	10
133	14
137	8
139	9
143	13
152	15
155	1
158	10
162	7
178	4
183	15
192	4
193	4
198	4
Market 143
3	4
16	2
20	15
21	6
25	3
32	6
33	15
34	12
44	3
50	5
62	12
63	2
65	8
67	7
70	11
72	14
73	4
81	8
90	8
99	13
102	2
104	9
107	10
113	12
114	15
117	7
130	13
135	1
139	8
141	7
146	14
149	4
158	3
162	8
163	12
165	13
169	6
175	4
180	14
192	4
200	9
Market 164
7	3
33	2
44	9
48	13
50	4
57	8
60	10
61	14
62	14
74	10
86	7
89	8
93	11
124	2
126	2
136	3
141	7
143	11
152	14
162	15
163	13
175	2
176	5
181	11
191	1
192	8
195	13
198	9
Market 60(F)
2	13
7	5
12	15
21	5
33	4
46	4
50	6
71	6
80	7
91	2
97	2
102	2
126	13
130	6
133	2
137	3
139	9
147	6
152	4
162	4
169	9
175	10
181	5
184	8
191	15
192	6
197	13
Market 72
2	8
5	3
15	9
21	1
24	6
44	13
45	8
58	5
65	1
74	15
75	15
95	6
97	4
102	2
106	10
110	9
120	3
122	14
129	7
142	7
149	4
151	3
154	13
162	5
163	10
174	6
176	9
182	5
187	5
191	13
192	2
198	2
Market 247
1	11
3	11
15	8
25	2
39	6
41	13
44	8
50	4
60	10
63	9
65	11
79	11
80	9
86	14
90	12
91	5
99	5
101	8
106	5
107	12
111	15
115	14
125	2
133	6
137	9
141	8
146	14
155	15
162	6
175	15
178	2
181	3
184	1
187	14
191	2
193	6
Market 6
1	2
5	11
8	9
12	4
20	8
21	9
27	15
33	14
34	9
40	3
57	3
61	1
63	8
70	12
73	1
80	3
87	9
100	9
107	1
128	15
135	9
137	11
138	8
139	14
140	10
146	11
160	3
163	9
169	8
172	8
176	2
183	6
187	6
191	9
198	1
Market 107
2	14
3	7
7	4
14	15
18	2
22	4
25	5
46	4
48	3
52	1
55	5
61	15
64	5
65	4
75	2
87	5
91	14
93	12
98	10
107	8
111	14
114	13
122	9
125	15
136	8
142	9
147	6
152	7
154	1
156	12
163	13
173	3
175	13
187	9
196	4
Market 245(F)
2	6
8	8
16	7
21	10
32	13
34	15
36	6
41	6
51	3
57	13
66	7
73	13
74	8
80	13
81	15
92	3
93	1
97	1
100	13
102	11
111	8
113	4
114	7
120	2
133	10
137	7
139	13
152	4
158	8
169	10
176	9
179	1
192	3
200	15
Market 149
7	11
18	3
21	8
50	8
52	10
63	5
73	11
75	3
83	10
87	1
88	10
94	10
103	1
112	5
116	12
121	14
125	9
126	1
129	15
139	7
141	10
147	3
152	14
165	3
183	5
Market 240
7	1
12	7
16	15
25	6
29	11
32	5
52	1
57	2
62	13
73	2
75	3
86	5
96	12
106	12
107	8
114	5
128	3
138	14
142	10
145	12
148	5
150	7
154	4
157	2
158	13
167	14
176	10
182	12
186	12
190	9
192	6
196	15
200	1
Market 120(F)
3	11
4	2
22	6
24	3
27	10
43	12
52	10
59	6
60	6
68	6
73	12
80	1
84	4
91	14
94	14
96	9
100	10
120	2
123	9
128	15
133	15
139	9
148	10
155	15
162	1
165	15
167	7
183	10
192	6
193	8
198	3
Market 58
3	6
8	12
10	4
12	13
16	9
20	12
37	6
45	2
54	11
62	1
63	14
65	14
67	3
73	10
75	4
92	10
93	1
97	10
99	11
104	3
111	13
114	15
128	14
130	14
133	9
135	2
141	3
142	5
152	8
155	10
156	13
158	5
160	3
162	15
176	9
182	3
192	5
198	8
200	3
Market 98
4	8
14	5
15	4
41	7
43	15
44	5
50	11
52	8
55	13
59	10
60	11
63	11
65	15
66	10
74	12
80	13
84	1
86	15
92	2
94	3
96	12
103	2
104	6
121	14
125	13
127	4
129	1
136	1
152	2
155	12
163	4
168	12
169	10
176	5
181	6
188	11
192	6
Market 46
2	7
7	14
15	12
21	12
22	13
25	1
27	8
41	14
46	11
48	9
52	6
59	12
65	6
70	1
83	2
88	2
91	7
94	13
99	9
102	2
103	7
106	1
107	5
108	6
117	14
127	6
138	11
143	14
147	11
150	15
158	7
161	3
162	10
165	7
183	7
191	5
195	1
Market 209
2	12
3	2
8	14
15	7
16	10
21	4
35	3
41	12
48	10
50	8
53	2
54	9
61	5
73	11
75	7
81	12
86	9
93	1
97	8
100	15
107	5
120	8
122	15
124	11
126	5
135	9
140	3
142	7
157	1
168	8
176	3
183	2
198	9
Market 214
6	2
8	6
13	11
25	15
32	13
33	12
34	2
36	11
37	1
41	1
61	11
62	14
65	11
70	10
88	9
90	2
111	6
117	7
126	6
127	6
155	9
162	10
165	9
169	12
172	2
176	14
183	15
194	7
Market 108(F)
5	2
19	9
22	4
39	3
52	4
61	14
62	13
65	14
85	3
93	9
97	14
99	3
111	11
122	9
128	14
130	9
135	3
137	4
138	6
140	1
149	2
152	14
160	5
162	9
163	14
167	13
172	2
176	9
178	11
187	4
191	6
192	8
Market 27
1	8
3	7
18	2
27	10
33	12
34	15
39	10
41	6
42	7
48	5
50	15
52	10
59	6
63	15
70	4
73	9
80	12
82	3
88	1
92	4
93	15
97	6
101	9
102	11
104	10
128	14
134	5
136	11
147	4
155	4
162	6
168	4
169	14
172	14
175	14
178	7
183	10
187	6
192	5
197	3
Market 151
3	12
5	1
8	13
12	14
15	1
16	2
22	9
25	10
34	15
42	12
43	5
50	6
62	7
67	5
68	3
84	13
93	2
94	12
106	7
112	9
113	14
114	6
116	8
117	12
127	7
129	9
134	7
136	15
144	3
166	6
170	3
178	5
181	10
186	5
193	13
195	9
199	8
Market 189
1	4
8	5
20	10
21	6
24	2
33	5
34	11
52	9
56	15
61	3
62	6
63	6
65	2
87	1
91	8
96	6
104	13
106	12
109	7
113	10
120	8
128	13
134	7
137	3
142	4
150	13
158	13
161	2
183	15
186	1
192	5
198	1
200	12
Market 172
25	1
33	12
34	12
54	2
73	3
86	8
94	3
96	14
116	5
122	12
123	2
126	15
139	3
158	11
161	1
167	12
168	8
174	9
177	5
186	12
190	11
198	9
200	14
Market 234
8	5
11	9
26	13
37	15
39	15
43	7
46	7
54	5
63	8
88	10
101	12
103	8
108	5
113	10
116	3
117	2
121	10
124	11
138	6
147	13
152	10
158	5
176	11
178	7
191	14
Market 224
3	3
7	10
11	11
12	10
15	7
21	12
22	11
25	15
37	13
41	4
51	11
54	2
59	5
64	5
65	13
75	10
83	4
87	9
93	10
96	2
102	14
104	9
106	15
107	14
120	15
122	10
125	12
134	1
138	9
142	14
148	9
154	15
157	2
158	13
168	8
174	15
176	6
178	3
179	6
186	8
190	10
196	8
Market 137(F)
4	12
7	2
12	4
13	13
14	1
18	13
22	7
29	10
34	1
48	11
50	2
54	12
70	6
73	4
89	5
96	2
103	1
120	14
122	6
123	9
138	8
139	1
145	1
148	13
150	9
157	10
161	1
162	10
167	6
168	2
174	9
182	13
186	12
199	6
Market 228(F)
1	1
7	11
12	11
21	8
25	8
27	15
33	10
36	11
51	3
53	11
56	1
58	6
65	9
66	15
67	15
73	13
89	5
91	15
92	2
97	9
104	15
107	7
114	3
120	6
122	7
124	8
125	10
137	14
146	5
149	5
152	6
156	4
158	9
160	5
163	1
168	5
172	5
176	1
178	9
183	8
191	10
192	10
198	15
200	2
Market 159(F)
4	9
5	13
7	13
25	7
37	10
43	5
51	5
52	7
53	12
62	7
66	8
68	15
73	2
78	6
80	6
86	3
89	11
97	4
99	8
102	15
104	4
106	5
107	13
120	15
133	15
135	12
137	5
140	2
149	4
156	14
168	4
171	13
175	3
179	10
192	9
198	8
Market 117(F)
11	13
13	15
33	12
43	7
46	5
52	5
63	5
70	1
73	12
78	14
85	11
96	4
100	3
102	11
103	13
116	2
121	4
127	12
131	11
142	14
147	11
158	8
161	2
164	11
166	13
178	2
183	9
188	11
193	12
199	13
Market 61(F)
1	5
3	6
6	11
15	15
19	7
22	13
37	3
48	15
60	8
61	4
67	12
75	15
85	15
97	14
124	6
128	4
133	7
156	3
165	2
169	3
192	8
198	7
Market 109
9	5
15	8
20	3
21	13
32	4
51	15
53	5
54	1
61	14
99	7
102	1
113	13
127	1
130	4
135	3
139	3
141	9
155	4
175	12
191	14
198	12
Market 114(F)
3	5
15	5
27	6
32	9
33	11
37	11
41	11
44	1
51	8
57	4
59	5
65	12
73	11
82	7
97	4
111	3
136	11
143	6
150	6
155	6
156	6
163	12
176	1
187	9
Market 69
1	11
3	14
7	11
19	15
27	11
53	8
60	10
63	9
65	4
74	5
80	12
86	5
88	8
96	5
100	1
103	13
106	11
107	13
109	8
116	5
123	4
125	15
126	7
128	4
129	14
133	2
134	2
138	5
148	3
158	15
167	2
171	3
174	1
176	7
182	5
193	11
196	9
198	12
199	6
Market 63
13	5
16	3
33	5
34	10
36	7
45	2
67	13
83	3
92	9
94	10
96	6
99	11
103	1
107	5
108	12
121	8
155	1
161	8
163	10
172	14
175	8
187	13
197	7
199	4
Market 16
1	8
15	4
16	4
22	11
41	5
45	1
52	1
57	7
58	7
61	7
63	3
65	5
70	12
80	8
89	13
96	4
98	11
106	4
107	1
113	10
118	8
123	12
134	2
142	10
147	2
155	8
157	1
158	15
161	2
165	4
166	15
168	5
182	15
183	15
197	1
199	9
Market 97
3	6
6	7
10	10
18	11
25	4
36	8
41	9
62	8
65	15
92	7
96	9
97	13
113	10
123	9
131	4
136	8
147	1
150	7
152	9
162	7
165	4
172	10
176	11
178	13
186	1
191	2
Market 7
3	9
5	4
13	5
15	3
16	8
18	1
42	9
46	2
48	5
61	4
75	8
78	6
82	6
97	15
101	10
113	3
115	7
124	12
130	13
134	4
136	4
137	1
138	10
141	2
149	15
162	4
164	9
166	5
170	5
172	5
180	3
182	4
192	11
196	2
198	3
Market 171
20	4
27	12
40	2
50	5
51	12
54	12
65	3
77	6
83	1
87	2
89	8
100	12
107	8
139	9
148	4
158	13
171	15
174	7
186	6
190	1
197	14
199	3
Market 243(F)
5	3
20	12
26	14
32	12
51	10
52	9
53	12
63	2
70	8
91	3
100	12
104	3
113	8
114	11
122	3
124	14
125	6
151	1
162	2
167	15
175	9
176	2
178	6
182	10
187	1
Market 45
7	8
15	4
25	1
32	2
36	9
40	5
54	11
56	13
70	2
73	6
74	6
81	1
92	6
96	12
102	10
106	7
116	12
122	13
128	2
155	5
156	15
161	5
163	11
165	2
168	8
172	6
178	14
191	10
195	10
Market 103
3	12
12	7
15	8
20	7
27	13
30	9
33	3
34	9
41	7
48	6
52	9
53	3
60	14
61	11
66	14
70	14
73	2
80	7
84	8
88	12
91	8
94	4
99	4
106	6
107	3
109	2
113	11
116	1
120	7
123	10
133	6
134	14
138	7
142	12
145	13
148	14
154	12
155	15
168	11
171	14
182	10
186	10
190	7
192	13
198	14
Market 77
1	14
7	1
8	6
12	4
25	6
27	4
41	8
46	7
51	10
64	12
66	8
67	2
70	14
73	5
74	14
99	12
106	10
107	4
113	5
120	11
124	8
126	1
139	14
141	5
143	13
146	10
152	11
156	10
163	1
165	8
175	10
176	14
183	12
184	3
187	4
191	5
192	11
193	3
Market 128
3	7
4	3
6	12
25	2
37	3
41	3
44	2
61	6
70	5
73	2
75	4
81	11
86	13
87	5
89	4
90	7
101	1
104	10
113	14
117	6
120	7
128	10
143	12
149	4
156	6
176	12
181	4
193	8
197	11
Market 226
12	11
20	5
25	1
27	11
32	15
37	7
41	4
42	2
47	7
48	8
53	4
70	13
81	2
82	6
95	8
113	8
122	2
126	14
129	11
137	13
145	9
163	9
176	9
182	6
192	15
198	14
Market 166
19	4
27	9
34	10
42	9
48	9
50	3
54	8
86	10
96	13
112	5
117	7
125	9
127	15
134	13
136	3
138	1
143	2
147	12
156	7
161	13
169	4
186	5
197	10
199	7
Market 227(F)
1	12
3	8
5	5
10	6
33	5
43	8
44	4
59	4
62	14
65	3
67	13
75	15
76	8
86	2
89	5
93	1
95	4
99	9
101	14
104	14
122	4
124	10
128	12
135	7
139	7
141	4
152	11
159	15
162	9
179	7
182	6
183	8
193	9
200	6
Market 48
1	7
8	7
12	4
16	11
41	1
44	15
63	8
82	12
90	5
92	15
94	5
112	11
114	9
123	3
125	15
126	3
129	15
144	11
153	5
155	13
158	4
164	10
186	1
Market 131
3	10
12	9
18	13
20	5
25	5
27	6
33	11
35	1
41	6
42	11
44	3
48	5
63	10
65	8
75	5
94	3
96	2
97	4
100	15
106	12
107	7
108	6
122	5
125	7
134	5
147	8
156	12
161	7
181	4
182	7
187	1
195	7
197	1
Market 12
2	8
3	7
19	5
36	8
46	15
58	9
61	9
73	10
99	7
104	13
117	3
123	4
126	14
127	14
131	8
136	14
138	10
141	4
147	12
150	6
155	4
162	1
168	6
175	8
183	7
188	4
199	9
Market 182
5	8
7	14
8	14
9	7
17	11
20	3
27	3
32	2
37	9
41	2
42	2
51	3
67	2
75	1
81	10
82	8
86	2
87	6
93	2
97	2
101	14
102	5
106	12
116	5
131	9
134	1
136	9
143	2
150	15
162	3
187	1
191	14
192	11
199	12
Market 87
1	12
15	5
20	7
34	3
46	12
51	4
61	2
70	11
81	7
86	3
87	3
104	10
113	15
114	2
120	5
133	2
134	3
137	4
148	8
150	14
161	11
165	11
174	1
Market 160(F)
7	4
13	11
61	10
64	10
72	14
75	13
86	8
97	7
111	4
120	9
137	5
142	15
149	1
155	2
176	13
178	7
182	2
187	3
192	7
196	1
Market 28
8	12
15	7
32	5
41	11
44	10
45	8
51	13
52	10
60	11
61	8
66	9
90	5
99	7
104	5
106	14
108	10
111	2
116	15
123	5
134	7
138	8
147	2
156	12
165	13
Market 121
5	2
27	4
57	8
61	3
64	5
70	12
87	13
90	5
91	12
96	15
107	2
113	12
114	2
122	8
123	3
125	5
126	3
134	11
142	9
158	15
161	10
168	15
171	10
177	12
186	5
196	12
Market 40(F)
1	3
12	2
20	4
32	8
34	13
44	3
53	1
60	5
61	10
65	8
70	2
73	1
75	11
80	4
81	15
89	8
90	1
95	2
97	15
111	8
114	5
130	11
135	1
160	1
163	11
178	11
196	2
Market 126
6	15
15	7
20	10
37	8
44	4
52	15
57	2
59	3
61	2
62	4
100	2
106	8
122	13
124	4
127	7
135	14
137	9
141	7
146	8
149	10
162	1
163	6
172	7
175	15
176	7
178	3
180	14
196	4
198	5
Market 106(F)
13	13
20	7
21	4
32	12
33	5
45	2
54	4
60	12
66	13
67	14
73	11
81	2
107	3
114	8
122	1
123	10
128	2
137	12
154	1
161	10
163	10
167	15
182	12
187	9
192	13
200	14
Market 82(F)
5	1
7	7
8	5
12	11
14	5
15	7
16	5
21	6
27	5
33	3
34	13
36	5
37	12
48	3
50	5
54	12
55	3
59	6
61	14
62	8
63	5
64	15
67	9
68	13
74	1
78	11
82	11
86	12
87	2
91	1
92	14
96	6
103	8
104	14
106	14
107	7
113	7
114	1
125	10
126	8
128	7
131	4
136	4
139	10
150	12
161	7
162	3
164	3
165	8
173	4
176	10
191	4
199	1
Market 221
12	4
16	12
20	14
21	9
22	15
25	15
32	1
33	15
44	1
46	14
57	11
61	13
63	8
64	3
65	10
67	5
82	15
86	12
87	4
90	1
94	15
96	14
103	10
107	3
109	9
113	12
114	1
123	7
125	11
127	5
138	11
139	12
157	9
165	11
168	6
177	14
183	12
186	14
193	9
197	12
Market 3
8	1
11	14
19	7
20	3
24	5
27	5
30	14
34	14
43	14
44	5
52	1
60	7
61	3
62	8
68	14
84	1
86	14
89	2
92	8
102	14
106	15
107	13
116	9
122	5
125	11
126	1
129	6
138	12
140	10
142	13
156	8
158	13
161	10
174	10
176	13
Market 56(F)
12	13
16	13
38	1
51	11
52	3
63	10
65	15
73	11
92	11
95	12
97	14
99	12
107	6
113	1
120	7
122	1
135	3
137	15
138	4
140	11
149	1
155	13
157	3
165	7
167	12
176	3
183	1
198	1
Market 162
2	3
4	4
25	7
34	7
35	2
40	9
41	14
44	14
50	5
52	13
56	5
57	5
61	8
63	14
73	15
75	6
81	11
86	10
87	10
89	11
90	1
102	14
117	13
124	8
126	9
127	4
143	6
146	8
152	2
155	10
160	5
162	10
163	3
165	4
181	13
184	2
187	4
191	9
192	3
196	13
Market 244(F)
3	5
6	12
7	4
8	4
33	12
34	4
42	7
48	3
52	14
61	8
62	4
67	11
73	6
82	8
92	3
93	7
106	1
111	15
113	14
116	13
122	15
133	7
162	4
178	6
179	7
Market 153(F)
1	2
9	2
32	3
33	5
50	11
57	13
65	3
82	2
88	15
90	15
91	10
102	3
113	8
116	11
125	13
134	15
142	5
145	13
154	4
155	8
157	5
162	6
171	6
188	1
Market 115
13	11
23	8
27	4
34	7
40	10
43	6
54	1
59	10
66	9
67	12
78	3
88	8
103	12
104	10
108	11
129	2
136	1
138	1
139	3
141	14
162	5
186	7
Market 201
1	4
12	14
16	8
20	7
21	8
25	14
34	11
57	10
62	12
70	14
75	14
86	10
88	9
89	13
90	6
99	5
105	8
108	12
117	7
127	14
131	13
139	10
144	4
158	11
162	7
168	5
169	12
173	8
177	14
178	8
188	14
192	10
195	11
199	12
Market 197
3	13
6	12
8	4
33	3
34	15
41	12
44	3
50	3
51	1
58	5
61	14
62	1
76	9
87	6
88	7
93	4
97	3
102	13
108	11
111	3
115	12
122	7
126	14
136	12
141	11
158	1
168	10
169	3
172	8
175	2
183	9
191	9
194	9
Depot
