TPP_FSO_CapEuclideo.350.200.7.1
Total Cost:124008
|M*|: 349
Depot
Market 101
6	5
11	12
15	4
18	3
25	11
45	8
50	10
56	1
60	15
70	7
77	1
78	6
84	10
102	14
127	1
129	9
137	12
141	12
145	10
149	2
154	8
155	9
159	4
165	1
171	13
180	3
186	13
192	15
Market 53
1	3
7	3
9	3
11	7
12	4
13	2
16	15
19	1
22	5
30	11
32	9
46	14
47	4
49	12
50	4
60	10
65	1
69	10
89	5
95	11
97	13
104	3
105	2
122	11
127	5
129	5
140	13
152	7
169	3
180	15
181	14
184	15
185	14
186	15
Market 43
1	14
2	2
3	13
12	4
13	14
21	13
29	15
33	3
37	11
38	5
48	8
81	10
90	3
103	1
121	12
123	1
124	13
128	4
130	8
131	2
133	6
136	6
150	6
152	3
153	10
165	5
168	11
173	7
174	2
177	13
179	13
180	13
185	4
186	12
189	15
192	10
195	12
Market 153
11	10
12	1
14	6
15	10
18	12
26	2
35	13
36	6
43	4
44	12
49	5
54	1
55	4
65	1
67	8
68	9
69	7
72	10
75	9
84	5
90	8
96	2
104	6
107	6
124	9
132	6
135	12
138	13
140	2
150	1
155	14
164	2
169	10
173	12
178	5
180	4
182	10
186	8
188	8
190	3
197	5
199	8
Market 70
1	2
4	1
7	9
12	10
14	13
18	14
24	5
25	9
26	14
32	6
36	7
38	4
43	9
47	10
48	13
54	10
56	4
63	12
64	3
75	9
90	8
92	2
101	11
104	6
110	8
111	11
119	11
122	14
123	14
124	12
127	10
129	8
131	14
133	2
139	1
140	6
141	5
149	6
150	14
157	13
167	11
169	6
171	3
172	14
173	4
176	8
178	11
179	6
184	7
186	15
188	9
190	15
192	4
194	15
197	5
Market 157
2	14
6	9
8	3
13	8
16	15
54	13
61	14
65	10
67	1
69	1
74	1
95	3
113	11
118	6
134	12
138	2
145	8
149	6
150	6
163	11
177	8
179	1
188	3
190	1
191	8
192	9
197	12
Market 156
4	3
25	6
26	3
37	14
38	11
44	6
45	14
52	12
59	12
62	8
65	10
75	9
85	11
88	11
95	14
98	13
107	2
123	5
133	4
135	1
139	8
157	13
169	4
173	13
178	6
183	15
185	5
190	7
191	15
194	9
197	11
Market 279
4	10
6	2
8	12
10	14
11	1
15	6
16	12
19	7
22	11
34	2
46	7
49	4
51	8
54	14
55	15
60	1
64	15
65	6
70	10
74	9
90	1
102	2
112	15
116	11
121	11
128	11
130	13
135	4
137	2
140	2
146	1
147	15
149	1
152	1
153	8
174	1
183	14
186	6
188	7
198	7
199	4
Market 245(F)
7	2
13	7
19	5
26	6
38	8
49	2
69	9
83	4
93	6
101	13
113	6
120	6
123	13
132	13
156	1
181	3
183	3
185	10
186	2
189	4
194	6
200	5
Market 338
7	15
14	14
19	9
33	8
47	3
53	6
54	11
75	7
81	14
83	12
84	11
90	12
92	10
100	7
107	11
112	7
113	11
125	7
128	3
131	11
141	15
145	10
163	11
177	14
182	2
184	5
185	11
196	2
199	11
Market 343
1	9
3	9
14	14
25	1
26	11
27	6
32	15
37	5
38	2
41	10
44	12
48	14
49	3
51	4
53	10
57	11
59	6
63	8
64	9
69	12
70	2
90	7
104	5
110	3
111	2
123	14
126	11
128	7
129	11
132	1
142	7
147	9
153	13
161	12
164	4
168	12
170	6
183	3
186	10
194	1
199	4
Market 33(F)
11	6
13	8
14	15
16	14
19	7
21	11
31	7
36	1
37	5
47	2
49	4
51	2
56	4
62	12
77	11
95	4
97	10
103	4
113	6
119	10
123	4
144	5
157	3
170	4
180	4
186	13
188	1
199	8
Market 288
11	8
12	9
19	2
32	4
33	9
36	12
46	2
47	2
48	2
49	2
51	14
59	3
62	2
63	10
64	13
68	12
75	4
78	1
81	6
84	3
87	5
88	12
89	2
96	3
105	8
117	15
119	13
120	4
121	4
125	14
129	5
132	12
135	2
137	15
139	8
141	11
146	4
151	13
154	8
155	8
159	10
160	2
167	10
170	6
173	4
175	8
177	6
182	12
183	11
184	3
186	9
192	3
194	7
195	9
Market 295
1	5
12	12
14	2
22	12
32	7
42	11
49	8
62	3
63	6
65	7
67	2
71	3
75	12
79	2
94	9
101	15
103	1
112	13
121	9
123	5
124	2
130	11
137	8
141	7
142	5
146	5
150	15
152	1
155	12
156	15
172	8
173	8
177	2
178	3
180	9
189	12
196	1
198	9
Market 225
2	13
6	14
11	1
14	4
19	13
24	11
26	7
33	12
37	14
42	5
51	8
62	2
65	5
79	11
125	1
128	12
131	15
132	5
138	10
145	11
153	12
161	9
163	1
168	4
178	10
182	6
188	1
189	7
Market 184
41	13
46	3
53	5
54	7
59	14
74	1
75	7
81	2
82	14
90	6
92	8
94	9
101	8
105	7
111	4
112	5
121	1
129	10
131	4
132	2
133	3
138	1
140	1
145	5
148	10
184	13
188	1
Market 158(F)
4	15
14	14
37	2
38	2
45	11
47	15
49	4
50	13
54	3
56	12
73	1
77	6
81	2
83	9
92	1
101	4
108	2
111	10
112	1
113	10
130	14
133	10
145	7
153	9
157	5
171	15
175	11
177	8
179	6
192	1
194	15
197	8
Market 75
1	7
4	15
5	4
6	3
8	10
10	4
14	6
23	2
24	11
27	12
31	3
44	13
47	4
49	8
51	7
56	4
57	1
74	12
75	14
86	7
90	9
100	12
107	6
113	7
119	4
120	4
121	12
125	14
127	7
129	9
132	10
137	11
141	13
146	10
150	13
163	8
165	13
169	6
174	10
180	13
181	9
182	9
189	10
190	1
194	5
195	2
196	11
200	4
Market 183
6	15
7	3
10	11
11	13
14	3
21	5
28	13
30	6
34	5
49	1
53	14
55	15
62	1
63	15
67	3
88	5
97	2
98	5
100	12
111	8
117	6
119	8
123	3
127	15
131	8
133	14
135	12
145	14
155	1
161	11
181	11
183	11
184	6
189	7
190	9
194	14
200	13
Market 257
1	11
6	9
8	13
10	7
12	7
26	11
27	1
29	11
31	8
32	11
34	8
36	14
38	4
49	3
54	1
57	3
67	8
69	5
81	6
90	11
92	15
100	13
101	10
105	3
112	1
123	3
133	3
135	4
138	15
140	2
145	11
148	3
155	14
170	8
181	13
184	8
194	10
Market 81
1	5
2	7
6	11
14	13
25	5
26	10
27	8
29	11
31	1
32	6
35	5
36	13
47	2
49	8
59	2
62	12
74	10
75	14
81	8
84	10
97	6
101	13
102	5
105	9
111	8
119	3
123	15
129	7
131	3
132	5
133	11
135	5
150	6
161	9
170	10
200	11
Market 20
1	2
36	3
43	6
44	5
48	7
49	7
54	15
55	8
57	11
67	12
82	4
88	7
98	11
107	6
119	10
121	11
125	1
127	9
143	1
152	8
153	14
161	7
164	1
172	7
178	7
186	6
188	2
190	7
197	2
Market 336
14	11
19	14
42	10
43	15
44	1
50	12
53	7
55	1
59	9
69	13
78	13
88	12
91	1
95	2
97	13
105	2
117	5
118	7
124	13
128	1
134	1
145	8
152	12
177	8
181	1
198	15
Market 205
8	5
14	9
16	15
17	12
20	4
22	10
29	3
31	10
43	11
45	9
49	2
50	12
53	9
55	4
56	5
60	5
62	6
64	7
69	11
81	8
85	10
111	7
116	14
118	9
134	12
135	10
147	4
150	1
155	12
164	11
167	11
174	2
180	15
181	9
188	11
189	1
Market 312
10	11
14	7
17	11
19	3
27	5
31	13
36	11
37	7
38	15
60	15
63	10
68	9
73	6
75	15
79	6
84	11
88	1
91	14
92	14
95	9
99	4
101	3
103	5
110	10
111	10
116	14
117	1
123	11
127	14
131	8
133	7
138	11
145	1
155	2
157	7
172	12
173	2
180	2
181	15
183	13
184	3
Market 301
2	15
8	4
13	9
14	6
16	11
19	15
21	10
25	9
32	15
42	4
54	8
59	10
64	13
78	8
81	5
94	12
100	12
104	12
109	15
114	8
119	15
123	1
124	10
128	9
130	12
132	15
150	7
155	4
169	5
175	5
180	4
181	13
188	11
191	1
192	1
198	12
200	10
Market 227
1	5
4	12
5	10
11	6
13	7
16	15
18	14
19	7
22	11
24	10
25	7
28	10
31	11
32	13
36	2
37	4
42	7
47	6
59	11
60	6
62	8
63	8
65	6
75	1
77	12
79	2
81	5
84	15
97	2
98	8
100	13
104	10
111	5
116	8
120	11
124	10
125	5
128	3
129	9
130	11
133	2
139	1
145	15
146	2
147	3
153	7
156	15
162	9
165	6
168	1
170	14
174	11
177	12
189	7
192	4
195	15
196	3
197	10
199	7
200	11
Market 211
1	8
4	9
13	8
18	14
21	15
22	12
24	9
26	13
32	8
46	14
47	3
59	14
101	15
102	10
108	15
120	15
123	3
124	14
137	5
145	11
157	11
172	9
180	2
194	1
199	7
200	1
Market 149
6	5
9	7
11	14
12	7
14	8
16	11
24	10
37	5
38	5
49	11
56	15
57	2
62	15
65	13
81	4
83	12
96	8
97	12
100	14
101	9
105	11
107	2
117	1
125	10
127	14
128	9
132	3
133	9
135	8
146	1
150	5
153	10
157	9
163	15
169	5
172	7
173	8
178	7
184	10
190	3
193	14
200	1
Market 49(F)
4	10
7	7
11	7
31	9
43	12
47	3
51	7
73	6
75	8
81	9
88	7
95	13
96	4
105	6
111	1
117	9
130	6
131	11
133	14
135	8
147	15
150	12
153	12
178	11
182	14
184	8
193	6
197	14
Market 323(F)
1	4
6	4
8	7
12	13
13	6
16	13
19	13
25	12
31	1
32	6
34	9
39	1
48	1
56	2
67	12
74	11
78	2
88	13
101	3
112	1
120	9
130	9
131	4
134	14
139	11
140	12
149	10
163	5
175	4
184	13
186	2
188	15
189	1
190	8
Market 177
7	13
15	5
16	2
18	14
21	6
29	2
33	9
36	9
37	2
43	5
45	10
57	9
60	3
67	15
72	10
77	12
101	14
106	9
108	5
117	14
119	2
120	9
122	6
125	6
128	13
137	2
154	7
168	11
174	7
180	10
188	12
190	7
193	9
195	3
Market 110
7	1
13	12
18	3
22	10
43	3
51	6
55	10
60	9
61	3
64	6
78	10
97	13
100	15
102	13
104	3
122	13
129	3
131	10
145	1
153	14
157	7
178	11
183	13
184	13
190	3
Market 247
12	4
16	8
17	8
19	12
23	1
27	9
31	10
33	2
46	5
48	12
55	13
56	12
57	8
63	10
95	7
96	15
97	13
107	4
108	7
112	7
124	7
127	9
128	8
129	8
130	9
131	7
134	12
141	14
151	2
155	13
156	7
157	4
159	12
162	3
170	8
171	12
180	10
183	15
185	3
192	4
Market 200(F)
14	8
36	8
42	14
47	14
49	11
69	9
75	6
88	15
89	1
90	7
96	12
97	8
105	10
119	3
123	15
127	5
136	13
148	6
155	7
169	9
183	9
189	4
Market 280
36	6
42	6
43	11
48	2
51	11
57	2
61	10
65	2
69	2
81	11
84	10
86	2
88	2
92	9
93	5
98	11
117	3
119	9
121	6
137	7
138	2
157	3
160	5
194	5
199	2
Market 349(F)
1	6
2	1
13	7
14	4
19	11
26	7
35	3
41	1
46	2
48	11
57	1
63	13
70	13
92	12
102	3
109	9
114	13
132	15
140	4
146	9
156	4
159	4
160	7
171	10
174	5
189	2
195	14
198	14
Market 248
1	3
57	5
64	13
65	7
69	5
72	4
79	10
90	3
95	13
97	11
100	6
104	12
119	11
121	15
123	9
132	1
137	3
154	2
174	6
177	14
181	1
195	10
Market 89
7	3
8	15
19	6
33	8
38	6
42	5
49	2
53	8
60	2
62	5
72	2
74	4
75	10
88	13
96	14
105	3
123	15
128	14
130	7
132	2
134	5
140	14
152	10
169	2
170	11
172	8
174	11
178	11
180	8
182	15
189	5
198	6
Market 126
14	3
38	3
42	9
47	15
49	3
59	4
72	13
77	3
87	2
88	5
96	1
98	9
103	3
107	10
112	3
120	2
121	7
127	6
138	7
145	8
148	8
155	6
165	7
179	4
181	13
184	3
200	15
Market 254
1	11
4	1
13	7
14	6
16	6
22	14
24	9
25	1
32	7
33	10
36	8
41	6
46	11
55	9
59	1
65	5
70	12
77	10
97	14
107	15
113	10
116	10
124	8
129	4
131	12
139	3
140	14
168	5
170	5
178	4
183	8
188	3
189	2
Market 112
7	9
27	3
38	10
40	10
42	5
45	8
46	5
51	4
54	14
55	4
63	9
84	2
85	7
88	9
95	13
101	9
102	10
107	2
108	12
111	1
127	6
135	11
147	5
162	8
173	2
183	8
187	3
189	7
190	7
194	9
200	14
Market 199
4	2
8	5
10	5
17	1
32	8
38	11
42	2
51	1
55	12
63	15
88	11
127	1
148	9
150	10
155	3
169	12
178	12
182	12
184	5
191	13
193	1
197	8
199	5
200	15
Market 125(F)
6	3
11	6
12	4
19	8
24	10
37	5
46	6
53	10
54	4
56	9
57	6
59	5
61	5
62	4
63	8
65	11
66	10
67	5
69	2
87	15
90	9
94	6
95	6
96	12
98	11
103	2
104	4
116	13
117	9
119	2
123	3
125	13
132	13
135	8
138	12
139	4
149	15
150	10
153	3
154	1
155	13
161	9
165	5
171	1
175	12
180	7
181	4
182	6
184	15
188	11
193	5
198	4
200	9
Market 29
1	13
6	1
12	7
22	12
24	10
33	3
36	15
37	1
38	10
39	7
46	5
47	7
50	13
51	12
59	3
65	11
69	8
71	2
72	13
94	5
98	10
101	10
109	8
132	12
133	6
140	12
145	3
154	7
157	15
159	2
162	11
169	10
171	5
175	9
177	11
179	8
183	8
189	9
190	13
191	14
194	12
195	9
197	9
Market 244
14	10
19	1
56	1
60	9
69	3
86	10
90	1
101	11
110	15
121	6
123	11
129	11
136	11
140	7
150	14
152	10
175	3
186	8
200	6
Market 131
3	7
11	1
13	4
14	5
16	15
18	15
22	7
23	9
26	7
27	3
37	4
46	9
62	1
69	10
84	8
85	9
87	3
92	3
98	1
116	10
121	2
128	8
129	1
133	3
140	13
145	12
147	10
149	10
163	11
169	12
177	6
186	9
190	7
192	2
195	8
200	4
Market 186
12	3
41	5
42	15
47	5
49	3
54	15
74	12
79	3
92	3
102	1
110	9
111	8
120	15
130	7
140	5
144	4
153	14
155	8
170	9
172	3
175	13
179	14
183	10
185	1
186	3
198	7
199	9
Market 55(F)
1	2
5	8
12	4
14	15
17	3
18	4
19	11
21	5
22	15
25	3
31	7
32	11
34	10
42	14
43	12
47	7
48	2
52	10
54	3
57	5
64	2
70	5
73	15
74	7
75	1
84	10
87	7
88	13
92	12
93	14
97	11
99	12
110	9
112	1
116	7
122	3
127	15
128	2
132	10
141	1
146	13
150	8
155	6
163	8
165	15
168	13
173	8
180	5
184	12
188	8
190	6
195	4
198	5
199	8
Market 136
12	5
14	5
24	3
27	4
37	12
52	11
61	1
73	5
90	3
95	13
101	8
105	5
112	2
126	2
133	13
138	7
147	2
153	4
157	1
161	1
170	3
175	3
197	5
199	12
Market 159
3	12
4	10
6	3
7	15
10	1
26	5
51	5
53	15
54	4
55	1
67	13
69	6
71	9
81	12
87	10
88	1
100	5
110	5
112	8
124	3
131	9
149	15
155	9
167	2
168	7
181	9
184	6
186	7
189	8
194	6
199	1
Market 275(F)
5	12
11	8
16	12
22	3
27	11
28	8
33	6
47	10
51	15
54	7
55	11
57	1
59	15
63	1
64	6
65	10
84	6
97	10
98	10
109	6
111	8
119	12
135	15
138	14
140	15
150	15
157	7
164	3
167	8
178	7
181	2
185	14
186	15
192	12
198	10
Market 187
1	13
9	2
29	7
32	2
33	5
47	9
51	3
52	3
53	14
57	12
60	15
61	11
63	6
82	11
100	6
105	1
112	15
123	7
132	5
136	11
140	6
145	8
150	15
151	7
159	6
167	13
169	5
171	5
175	2
183	5
184	9
185	15
192	14
198	9
Market 107
1	12
2	2
6	10
12	8
16	6
22	6
25	10
29	4
30	3
31	15
37	11
43	1
49	4
51	3
57	1
59	3
63	2
64	5
78	5
84	11
101	10
102	13
119	8
120	3
125	13
128	7
129	1
132	4
134	13
139	12
140	12
141	12
144	2
149	4
152	4
155	9
157	10
161	9
164	15
174	7
175	14
177	12
185	9
190	8
192	5
199	10
Market 216
14	15
37	13
46	8
49	6
52	1
55	8
56	5
60	4
66	3
69	4
79	8
81	12
92	8
111	8
117	5
119	12
133	10
150	9
165	3
170	9
182	9
183	10
186	13
188	8
190	5
Market 316
32	10
49	2
51	12
63	4
64	8
69	8
85	13
95	4
98	5
104	2
111	10
116	11
121	14
127	7
129	10
132	4
133	15
153	8
156	11
157	14
170	3
181	11
183	10
187	4
Market 291
1	8
6	4
7	1
8	13
9	8
14	11
15	15
21	13
23	10
34	5
36	5
37	8
45	4
48	4
60	13
81	3
84	2
90	7
92	13
104	5
113	2
119	6
124	6
126	15
128	15
129	6
131	9
134	10
141	5
149	5
150	9
152	10
157	12
159	4
167	6
169	3
171	6
173	12
180	14
182	4
183	7
184	11
185	11
193	10
194	3
198	2
Market 133
2	3
4	11
14	11
19	14
22	8
27	1
41	15
46	12
49	6
51	9
55	12
71	1
87	9
94	3
97	5
101	13
102	5
107	3
132	11
141	15
146	4
169	9
170	9
188	13
189	12
197	10
198	7
Market 116
47	3
64	3
67	14
84	4
88	6
94	14
102	9
103	1
108	7
110	2
116	7
131	4
140	2
145	5
155	12
156	5
164	15
169	2
170	3
178	11
181	11
186	5
189	5
190	15
192	13
Market 271
5	2
11	4
22	9
23	5
24	13
44	1
51	1
55	12
68	9
69	13
88	9
97	9
98	2
100	7
102	7
112	5
122	5
145	6
147	3
157	12
180	5
197	11
Market 127
13	12
25	4
27	5
32	4
33	14
41	7
45	4
46	1
53	12
61	15
64	9
84	10
97	2
98	13
103	10
104	5
112	8
116	10
119	5
128	11
129	2
130	6
132	9
135	3
145	10
147	4
148	8
152	9
155	4
157	2
159	6
161	8
164	10
180	2
188	13
189	11
190	11
197	5
198	5
Market 238
42	1
48	5
54	1
63	4
65	12
69	14
75	2
90	10
92	3
95	12
98	10
101	9
104	13
111	13
112	6
119	1
135	14
147	13
155	3
157	13
164	15
170	13
175	3
178	8
180	8
182	15
183	7
184	3
Market 269
7	13
12	1
15	15
19	4
26	9
30	3
33	14
34	4
42	10
47	11
53	1
55	4
59	12
60	9
64	14
65	1
79	1
81	6
97	2
104	8
105	12
108	13
112	14
116	4
131	6
133	4
147	4
150	7
155	12
157	12
161	14
173	14
175	14
182	2
183	1
184	4
194	9
197	7
Market 282
37	14
40	8
47	8
50	2
60	10
69	7
72	3
79	12
80	3
93	9
100	10
110	4
112	2
116	15
121	14
123	12
126	14
129	8
131	11
144	7
145	9
170	7
172	3
184	14
189	8
193	11
194	6
199	9
Market 88
8	2
22	13
32	15
44	8
46	13
51	7
55	13
65	2
67	15
78	2
80	2
100	12
104	4
107	8
114	12
119	11
140	9
160	6
169	1
170	7
175	4
180	14
183	15
Market 241
13	5
17	15
22	3
30	6
36	10
38	7
42	9
46	4
49	1
65	3
75	12
78	6
92	12
97	9
98	5
100	8
104	11
107	14
111	14
112	13
116	13
123	12
124	15
127	15
136	10
151	13
178	14
186	8
190	4
193	12
199	13
Market 27
2	11
4	5
5	6
7	10
10	10
13	1
17	4
21	6
25	1
33	3
38	12
46	7
48	9
53	7
54	15
55	6
64	12
67	15
85	14
92	15
95	8
96	15
98	15
100	6
101	4
102	12
103	9
104	4
105	5
109	12
113	14
120	8
121	2
122	8
132	6
139	10
141	10
145	13
151	5
154	3
156	11
167	5
169	6
170	9
173	14
181	9
185	13
188	15
190	12
194	1
198	4
Market 58
37	14
38	8
43	11
44	5
47	7
51	7
56	1
57	2
81	13
88	3
90	5
97	11
98	1
101	3
124	14
125	10
128	7
134	11
150	5
152	10
154	8
159	4
168	9
177	3
181	8
183	12
186	10
189	12
192	11
198	6
199	5
Market 267(F)
1	12
2	12
7	6
14	10
15	7
18	10
20	8
21	15
22	6
30	12
37	8
47	14
51	5
53	9
65	3
78	12
79	2
100	6
104	11
105	14
114	5
116	1
121	5
131	13
136	7
141	6
146	12
150	11
153	1
156	6
159	10
164	12
167	10
169	15
175	10
182	3
184	6
186	12
190	15
193	6
198	5
Market 237
5	12
7	12
8	3
11	7
12	3
16	3
22	14
28	8
33	11
34	12
44	6
57	15
59	12
60	5
65	6
67	2
78	1
79	9
88	4
97	14
98	1
102	5
103	13
107	12
110	14
111	3
112	15
116	6
123	13
125	3
127	15
131	9
138	8
143	15
145	3
146	1
148	8
155	5
160	7
162	13
163	12
169	1
170	11
182	7
185	6
186	11
187	12
193	1
194	14
197	12
200	11
Market 94
12	15
47	9
49	1
53	5
54	2
103	10
110	12
111	5
119	12
129	5
133	11
138	11
147	9
150	2
183	12
186	11
188	13
190	9
Market 283
3	7
4	8
11	4
16	15
18	15
34	8
37	10
43	7
53	6
62	12
75	15
81	3
90	9
92	11
107	6
112	7
124	4
125	15
127	14
129	7
131	13
144	13
152	10
154	13
157	5
164	6
170	8
178	9
195	2
199	7
Market 243(F)
10	4
13	15
14	9
17	2
18	9
21	3
22	12
24	3
31	13
44	8
51	10
54	14
75	6
78	13
79	11
84	14
102	3
107	1
110	14
112	4
125	15
134	15
137	12
148	13
149	1
150	9
157	8
165	5
170	11
171	4
177	4
183	4
184	13
186	7
191	12
194	6
197	3
200	9
Market 342
1	3
4	15
6	15
11	13
12	7
18	12
46	14
47	6
70	14
72	14
74	7
80	9
95	8
98	2
122	3
125	15
140	3
145	9
153	6
161	2
164	11
167	8
168	11
169	3
171	10
175	12
188	10
189	5
192	14
194	3
198	9
199	14
Market 330
19	9
25	10
45	10
59	14
63	9
65	5
75	2
81	10
84	15
90	6
102	1
117	11
132	14
138	14
155	2
165	6
169	4
170	2
178	10
194	10
197	8
Market 6
6	13
7	4
17	6
19	11
20	12
25	8
32	11
34	9
37	5
41	5
47	15
49	2
54	5
55	9
60	5
69	2
79	5
80	10
98	10
100	14
109	7
110	3
115	10
121	3
122	13
130	6
133	1
135	14
139	8
140	3
149	4
156	15
163	15
167	13
170	7
174	7
175	6
180	14
183	1
186	2
189	5
192	1
197	5
199	10
Market 230(F)
7	9
14	15
38	9
43	14
45	10
48	2
53	6
55	1
56	4
67	15
81	10
88	1
92	13
107	5
111	1
112	6
121	2
136	9
150	5
156	7
159	8
171	13
173	2
175	10
179	3
183	9
186	11
190	11
Market 17(F)
4	5
12	15
14	14
17	12
27	9
31	10
32	9
33	2
43	15
54	14
56	9
59	4
63	8
64	14
65	5
72	6
78	11
81	6
84	10
98	2
101	7
111	13
120	2
129	10
132	13
135	15
142	2
146	13
162	10
169	9
172	12
178	12
180	1
181	3
189	11
193	1
Market 190
19	14
44	8
56	13
57	4
63	11
67	11
69	11
75	1
79	5
86	5
89	6
93	8
103	8
107	7
114	6
116	11
124	6
132	13
145	14
149	12
150	6
154	1
171	9
174	3
181	13
192	6
198	6
Market 294
14	4
19	11
45	14
46	10
49	5
81	13
83	8
97	7
98	11
102	3
105	1
112	11
113	9
119	12
121	5
125	1
132	14
133	2
141	10
146	10
157	4
174	11
181	4
182	15
183	15
195	1
198	1
Market 15
1	3
3	10
4	2
6	6
14	14
21	8
24	10
27	5
33	9
34	3
36	12
42	6
48	5
69	2
73	15
96	7
98	5
111	3
112	8
117	11
125	1
128	1
134	1
137	4
138	7
147	5
154	10
161	10
170	1
174	3
175	15
184	11
188	9
197	10
198	2
200	4
Market 56
22	13
37	1
44	6
47	13
59	6
62	9
65	15
74	2
75	11
81	1
98	12
101	10
102	14
105	9
108	6
113	1
118	3
120	11
123	14
124	13
129	7
138	11
141	5
145	3
149	9
151	11
159	2
161	2
167	9
169	4
173	9
184	10
185	5
186	11
194	7
Market 79
1	2
4	7
5	11
7	2
8	1
14	2
24	4
28	11
29	3
32	12
34	7
42	1
44	10
54	7
57	14
60	13
65	14
79	14
82	3
84	1
90	1
91	7
101	13
129	7
133	12
137	11
138	9
145	3
155	11
158	4
165	1
170	11
183	12
186	12
191	5
Market 60
13	3
38	12
44	5
48	5
51	13
55	12
57	7
64	3
84	5
90	4
93	3
96	11
102	2
103	13
105	2
120	13
121	4
130	5
132	10
137	3
139	5
150	13
160	7
171	6
174	8
186	4
Market 86
1	7
12	13
14	8
24	9
25	6
41	14
42	4
47	13
49	10
63	4
70	8
78	13
93	3
97	1
109	14
112	10
116	3
117	1
119	9
123	4
124	7
127	15
137	11
141	4
151	3
153	1
171	2
175	7
188	6
Market 164
12	10
37	1
38	9
44	8
48	2
54	13
56	12
60	1
62	2
67	6
74	13
75	11
81	11
82	10
105	11
111	1
116	15
123	15
137	5
143	15
152	9
180	8
189	3
Market 92
7	6
19	14
22	1
25	4
27	15
33	10
42	9
49	5
51	14
55	9
56	14
57	6
60	13
63	6
67	2
69	3
79	3
88	12
98	12
104	14
108	15
112	11
113	12
120	6
123	4
126	3
131	7
146	5
157	12
169	5
170	1
172	12
178	14
182	6
186	5
199	2
Market 87
5	12
8	10
10	15
14	7
21	6
27	10
29	14
32	13
36	10
37	10
48	6
53	12
55	10
62	7
67	9
88	10
101	8
129	12
131	14
133	11
135	5
152	3
155	1
161	14
169	14
170	1
171	14
175	9
181	7
185	14
188	6
189	10
190	2
197	4
Market 196(F)
14	8
32	1
42	6
54	6
55	2
58	12
63	14
65	11
69	12
75	6
79	3
95	5
96	1
97	13
98	14
101	6
104	3
107	9
108	1
110	9
121	1
127	12
145	10
147	12
150	15
153	14
155	8
157	11
168	15
170	1
183	3
Market 309
1	13
5	13
10	15
12	13
16	4
19	11
31	11
49	7
62	3
63	6
65	13
78	12
84	14
92	1
98	15
111	15
121	12
124	1
130	2
155	5
163	14
170	14
174	15
184	2
186	15
189	14
193	8
196	8
Market 109
4	10
7	11
12	5
13	2
17	14
25	6
29	8
34	7
36	14
37	12
42	1
47	14
54	4
56	13
63	13
67	8
81	11
88	9
95	14
96	4
97	10
106	2
108	2
112	13
120	15
123	9
129	12
131	11
132	13
133	15
135	3
139	15
140	4
153	7
168	10
170	10
189	11
194	15
Market 261
10	9
12	4
19	9
27	4
28	14
37	8
54	1
60	12
71	5
87	1
95	14
98	15
123	13
128	12
145	10
154	4
156	12
159	2
169	8
170	10
175	15
183	4
192	12
194	13
Market 321
1	3
6	9
12	11
13	15
14	10
21	5
22	7
27	2
33	10
42	6
47	3
52	15
53	1
54	3
56	4
63	1
67	5
81	13
83	10
88	6
96	8
101	10
107	4
112	8
123	8
125	3
130	4
132	5
133	13
134	15
150	2
154	6
156	7
163	8
170	1
181	15
189	4
197	13
198	3
Market 72
14	6
38	5
47	12
49	6
52	5
60	9
61	6
63	4
88	7
97	4
100	15
112	6
116	15
117	12
130	2
150	6
152	9
159	13
167	1
175	7
194	4
198	10
Market 175(F)
3	6
7	2
13	6
14	12
16	11
17	14
27	10
38	3
43	13
45	3
46	7
49	6
57	11
59	11
78	9
83	8
92	12
96	9
98	3
112	12
115	10
120	9
125	1
137	1
139	13
141	13
149	4
153	12
154	2
155	6
159	10
168	1
171	4
180	12
182	3
186	14
188	13
197	9
Market 85
1	7
6	14
7	7
8	7
13	8
17	4
20	9
26	6
33	5
34	9
37	9
42	3
43	3
47	2
52	13
56	2
61	5
67	9
69	2
75	3
81	4
90	15
95	1
104	14
111	8
113	9
116	15
122	1
123	2
128	6
137	15
139	15
149	7
151	15
156	6
159	6
162	11
171	12
184	13
186	5
192	5
194	2
198	1
Market 26
10	13
48	2
49	3
51	5
60	8
65	5
75	15
84	6
92	8
95	2
100	12
123	6
124	8
127	6
130	4
132	6
140	3
145	6
150	12
161	5
172	6
178	2
185	3
189	5
190	15
194	11
Market 7
7	15
10	2
11	7
13	4
15	3
19	12
22	2
25	3
27	7
28	1
31	3
33	4
34	6
36	13
42	14
43	6
45	11
47	6
88	8
100	6
102	5
111	5
112	15
113	14
119	8
135	7
138	5
140	5
150	4
151	9
155	7
156	4
167	5
177	7
179	1
181	5
183	12
184	5
185	2
188	12
190	5
194	14
200	6
Market 314
14	10
22	7
37	15
64	1
79	4
88	10
92	8
93	10
98	13
101	8
104	6
105	6
110	2
116	14
117	15
122	8
128	11
133	13
138	1
139	3
149	1
175	7
181	6
186	11
188	10
194	5
Market 298
1	3
4	8
9	11
14	9
16	5
19	3
26	13
30	5
51	8
53	1
54	13
55	11
63	13
87	4
88	8
90	8
95	9
96	13
98	1
103	12
104	13
110	5
112	7
124	8
130	4
135	9
153	7
170	3
175	8
183	5
188	13
194	13
Market 268
32	2
43	11
60	2
62	10
68	1
69	15
81	9
84	12
97	9
105	15
117	1
123	2
130	15
132	11
138	1
144	2
147	12
150	9
152	15
155	15
180	8
186	11
188	13
190	8
193	11
197	2
198	11
Market 119
13	2
14	5
16	6
19	9
22	8
23	8
24	2
29	12
31	2
41	12
49	1
54	4
55	4
69	11
70	5
75	3
97	1
117	11
138	2
141	11
143	2
170	5
171	7
178	12
180	7
183	2
186	15
188	10
190	12
Market 62
10	15
22	9
33	4
34	13
48	6
54	12
62	3
63	14
65	8
69	8
74	14
84	14
92	1
100	4
105	8
112	15
119	2
128	1
138	15
161	4
164	9
178	5
188	3
194	4
197	2
Market 44
27	12
33	4
34	5
38	10
40	15
43	1
49	5
50	11
51	5
53	3
57	12
59	3
60	5
63	15
64	10
69	11
72	4
80	13
83	5
85	14
90	3
92	11
95	4
99	11
100	5
101	10
111	13
116	10
133	4
134	5
137	9
138	1
140	7
141	4
150	13
169	13
174	14
175	12
177	4
178	10
180	8
182	5
195	12
197	1
198	11
Market 202
1	5
24	7
25	12
38	2
47	12
53	13
56	11
61	4
63	9
72	7
73	2
79	1
83	6
106	4
111	5
117	5
119	12
127	15
128	3
139	15
140	3
141	11
145	7
151	8
153	11
155	10
156	12
171	2
175	5
181	4
192	1
Market 154(F)
6	8
10	4
12	1
17	4
19	14
22	6
31	13
33	4
34	2
37	8
40	10
45	12
67	13
75	9
129	12
133	7
138	14
150	1
155	15
186	14
188	3
Market 296
13	5
16	2
22	6
25	2
36	15
38	12
53	8
54	2
55	11
57	11
60	3
63	14
64	5
65	9
83	13
84	6
101	1
102	12
107	9
111	15
120	3
123	10
131	4
132	7
138	12
143	10
150	13
164	5
170	10
173	7
178	14
180	4
181	2
183	8
188	3
189	9
194	11
197	10
Market 51
8	1
10	12
12	2
14	4
17	15
26	2
27	14
33	1
42	11
65	8
74	6
84	14
89	13
96	14
100	10
118	7
122	4
140	3
155	15
161	3
169	12
170	15
181	3
184	4
190	1
194	11
Market 84(F)
7	3
12	2
22	2
34	8
36	6
38	9
42	11
45	6
54	2
55	7
59	6
63	2
67	2
83	6
92	10
96	7
97	1
98	2
101	14
102	12
103	9
107	13
108	13
110	13
124	11
129	9
136	9
138	4
145	3
147	11
157	1
175	4
179	12
181	15
184	14
185	6
197	3
198	8
200	14
Market 310(F)
12	4
42	5
43	8
45	7
49	4
51	9
55	4
56	4
62	15
65	15
73	14
84	2
88	4
92	2
96	4
102	2
105	1
111	11
116	7
123	11
128	8
130	9
131	12
132	6
135	7
150	10
152	6
157	6
162	7
163	9
169	5
172	11
181	2
185	9
188	1
196	14
Market 193
5	8
7	2
11	2
16	1
22	6
25	2
28	3
30	9
33	10
34	5
46	1
54	6
56	14
67	4
72	11
87	9
88	4
104	6
131	15
134	14
139	9
141	11
152	2
160	12
170	8
189	7
190	15
Market 104
36	7
46	15
49	1
70	13
72	3
79	9
96	6
98	4
100	11
110	9
111	7
116	9
125	1
155	9
171	6
177	9
183	9
186	15
190	2
199	6
Market 255
2	10
4	13
8	14
11	12
13	11
15	7
16	14
19	13
22	7
24	15
25	7
29	3
34	10
37	4
39	7
59	2
63	12
72	9
75	9
78	3
90	13
95	4
96	5
100	4
101	11
102	6
119	8
122	14
123	2
124	6
138	9
140	4
145	6
168	7
186	12
189	11
197	8
Market 292
38	11
49	7
78	5
116	3
133	14
139	10
145	7
154	4
167	8
181	12
185	7
189	2
195	12
Market 226
22	3
38	15
42	9
55	7
57	10
67	8
68	14
69	13
92	14
100	10
111	8
124	13
127	6
131	13
140	4
173	2
181	7
188	7
189	11
Market 46
1	5
10	8
12	6
13	1
29	1
43	15
46	2
47	15
50	1
62	5
63	6
64	14
81	14
92	10
94	12
96	13
102	12
103	13
109	12
113	7
119	9
132	11
134	14
139	11
140	10
150	3
155	15
157	11
163	6
169	1
170	13
177	9
180	8
182	15
183	9
189	8
190	8
Market 206
7	14
8	10
10	5
16	5
19	8
25	15
26	3
27	15
33	10
39	1
42	14
54	4
56	15
62	6
65	13
90	1
101	7
108	6
111	8
121	8
124	3
125	7
131	4
133	7
135	15
150	1
158	14
170	1
173	2
178	11
183	7
190	5
191	14
194	4
195	1
Market 50
41	15
45	13
69	6
77	8
79	13
84	4
92	8
93	6
97	14
98	2
103	6
110	4
113	4
121	5
123	11
127	2
131	2
140	3
168	2
170	10
172	5
175	5
181	14
184	10
186	11
188	3
189	8
197	15
199	13
Market 160(F)
22	6
27	2
38	14
45	3
53	5
54	14
64	11
67	14
69	4
82	10
85	14
90	12
103	1
106	14
108	15
112	3
113	12
119	11
140	14
145	1
152	2
155	2
167	8
171	12
184	8
192	13
Market 24(F)
1	2
14	13
44	1
46	5
48	12
53	14
55	10
69	7
77	10
81	14
82	6
84	10
90	12
94	3
96	2
102	5
103	5
112	5
116	4
127	5
128	14
129	13
130	14
131	8
132	14
136	7
140	4
148	5
153	11
157	3
162	2
165	3
167	8
169	10
171	15
178	13
180	11
182	12
185	13
186	2
188	4
190	4
191	4
192	7
198	14
Market 82
14	3
19	2
49	5
55	5
56	8
69	9
75	8
81	13
87	4
103	10
104	5
107	2
108	12
110	6
111	12
116	3
120	14
131	13
140	3
162	13
179	13
181	14
185	11
187	2
200	11
Market 152
1	4
7	1
12	1
19	12
24	15
25	12
27	15
32	8
33	15
36	10
37	6
41	10
48	14
49	14
55	1
60	13
63	4
67	12
84	12
86	12
98	10
103	14
108	13
110	5
119	4
121	7
129	1
147	2
157	9
161	12
164	12
168	4
170	1
172	1
175	2
178	12
180	9
183	14
184	14
199	3
Market 317
3	12
7	12
10	2
11	15
12	9
15	10
21	1
30	15
34	11
42	6
48	15
49	1
62	6
65	3
67	14
75	6
79	8
103	10
112	13
119	3
127	2
129	2
132	8
133	12
136	4
140	4
145	5
150	5
153	9
159	3
162	11
165	2
180	10
181	10
185	3
190	14
191	3
200	10
Market 129
6	13
7	1
13	15
14	9
26	6
27	12
30	2
31	6
33	3
36	15
47	8
50	13
65	10
67	14
70	12
96	6
98	8
100	7
110	6
112	12
119	10
128	14
136	8
137	3
151	3
153	12
156	1
165	10
167	5
173	15
176	2
186	8
189	14
Market 108
19	11
32	4
63	14
69	4
79	8
98	12
100	8
103	10
129	10
132	9
145	10
155	6
164	4
173	14
181	1
184	11
188	3
189	4
199	8
Market 315
5	11
7	1
11	14
12	6
16	11
20	3
25	3
26	14
31	10
36	10
37	13
38	13
42	15
47	15
48	8
49	2
53	6
55	8
56	10
57	9
58	6
62	9
67	6
69	11
75	12
92	8
101	4
102	11
112	6
123	2
137	11
152	9
159	2
162	2
163	4
169	13
170	6
175	11
178	5
181	2
183	13
197	12
200	2
Market 302
3	4
5	5
11	5
15	8
16	9
26	10
33	9
37	7
38	13
43	13
46	14
48	11
49	10
50	11
57	1
59	3
62	10
67	6
68	5
69	12
74	1
85	8
89	4
91	4
96	2
98	6
100	8
105	1
113	9
115	6
123	5
127	4
129	13
130	12
131	4
132	4
133	8
136	7
137	13
138	14
149	4
151	13
153	11
155	12
167	2
173	11
179	11
180	15
186	4
191	5
194	9
197	2
198	9
Market 239
2	11
9	7
10	6
25	2
32	6
49	2
53	5
60	14
67	14
75	9
79	6
86	15
103	8
105	3
113	10
119	4
129	13
150	2
153	6
168	8
172	14
180	1
182	11
186	5
194	1
197	10
199	3
Market 253
2	3
8	7
10	6
17	14
19	5
20	2
22	2
33	8
37	15
43	3
61	10
65	11
69	6
75	15
81	10
90	3
92	4
100	14
119	3
126	9
133	2
140	2
153	14
156	4
157	11
161	2
164	14
168	13
169	12
175	2
184	13
186	14
189	5
190	10
194	11
198	10
199	3
Market 121
3	3
4	1
13	11
15	5
19	7
25	12
26	8
30	11
32	1
37	10
38	13
45	12
48	4
54	8
60	9
63	5
75	9
81	13
84	1
95	11
100	4
101	1
102	13
105	8
111	3
122	14
129	8
138	2
140	4
147	7
152	1
155	11
164	10
169	2
170	1
175	15
181	10
186	2
194	12
197	6
Market 23(F)
2	15
6	2
13	8
14	2
19	5
20	3
27	3
32	6
34	15
37	4
41	8
42	12
46	1
49	7
51	10
52	10
55	9
63	14
69	6
73	15
88	7
95	8
98	2
121	9
128	8
132	5
137	7
148	11
150	8
155	5
159	12
165	14
169	4
175	8
178	8
180	4
184	6
190	12
194	4
Market 307
1	13
4	10
7	4
12	6
25	5
38	3
49	13
51	13
53	3
54	11
58	11
69	5
76	5
79	12
92	13
103	14
130	5
145	10
150	11
159	14
170	7
171	5
173	8
175	11
180	3
182	4
183	13
185	7
190	6
193	10
Market 300
7	10
18	15
24	11
25	14
30	8
44	14
47	9
54	5
55	7
57	14
67	7
75	3
84	12
90	8
95	3
97	1
100	9
105	2
119	12
124	3
132	5
135	2
140	12
145	6
147	14
150	2
161	3
165	5
190	2
Market 57
14	8
16	2
17	14
24	11
27	2
32	6
33	13
34	9
51	12
52	13
57	4
60	4
69	11
87	4
111	12
112	14
119	13
132	6
139	15
149	7
156	1
159	7
171	14
177	14
180	3
Market 30
32	15
38	1
51	3
55	13
57	6
62	6
63	2
88	15
119	7
137	4
149	15
150	3
152	8
160	13
163	3
168	4
186	2
189	12
Market 123
7	9
8	7
11	3
13	5
14	6
23	10
24	13
27	2
32	1
36	13
37	14
42	1
47	9
51	14
52	5
55	15
56	9
67	5
81	12
100	13
105	4
119	3
120	14
123	13
132	15
135	6
138	1
140	8
153	6
161	1
172	4
175	14
178	11
189	1
190	3
193	2
199	15
Market 83
1	6
12	11
15	7
18	7
22	7
24	12
30	10
33	15
37	10
49	11
52	14
55	4
56	5
69	4
72	8
95	2
96	7
100	7
101	15
104	7
112	5
117	10
119	3
123	12
127	2
131	4
135	7
138	3
153	11
168	13
170	8
179	13
183	1
186	3
188	2
189	12
194	6
200	7
Market 329
12	8
13	15
14	6
27	1
29	15
32	7
34	15
40	9
46	2
50	11
54	12
56	14
85	12
87	5
92	6
95	5
99	7
100	3
105	14
109	6
110	10
111	12
116	1
124	11
130	4
132	2
138	3
139	14
145	5
147	14
150	9
155	7
161	14
162	2
169	6
171	8
174	8
177	9
185	3
189	10
192	4
195	10
198	3
Market 324
7	11
25	6
40	13
41	5
46	3
59	3
67	9
76	15
101	10
107	15
110	4
112	11
119	15
131	7
132	2
135	4
145	4
146	1
152	4
170	11
171	7
174	4
178	1
180	10
181	15
183	4
189	3
192	12
196	9
Market 151(F)
4	4
14	8
15	10
18	9
22	1
24	4
27	14
30	1
51	8
54	4
56	12
57	9
60	14
65	13
84	11
95	2
96	12
104	9
106	7
112	13
117	9
123	2
127	1
133	6
135	4
138	3
147	9
152	3
153	1
157	7
168	6
173	6
175	1
186	8
191	14
Market 161(F)
1	15
4	11
7	12
10	2
19	2
33	6
46	15
49	1
52	6
56	2
57	3
60	1
86	12
90	8
93	6
98	10
100	12
119	13
123	10
132	9
149	15
152	14
159	6
167	4
169	3
174	9
185	4
186	4
194	7
Market 8
36	11
41	7
46	11
47	9
52	1
54	4
55	12
57	12
60	4
61	2
65	12
84	13
97	10
98	6
100	2
103	10
111	7
121	10
123	3
124	4
138	1
147	4
157	4
169	6
175	2
183	9
189	6
194	6
200	8
Market 11
1	15
4	13
10	10
11	15
15	13
22	4
24	9
26	3
32	12
34	2
49	1
56	9
67	9
105	14
111	12
112	3
133	5
136	11
139	5
159	5
173	3
175	14
185	1
189	3
Market 21
1	1
5	1
15	5
17	15
18	6
30	10
42	14
49	14
55	4
56	4
69	2
72	1
87	9
88	9
92	7
95	14
99	3
100	2
101	2
103	9
117	8
123	11
127	10
145	9
150	6
153	9
155	10
168	3
184	6
189	1
190	1
Market 240(F)
1	12
37	12
42	8
51	13
53	1
60	12
69	7
72	1
74	4
80	15
81	2
84	7
88	1
111	13
113	8
117	13
127	14
128	6
150	6
155	8
161	11
171	11
175	4
178	1
181	2
186	7
189	1
194	10
197	10
Market 344
40	2
42	9
51	4
53	11
55	12
60	12
65	12
79	11
85	9
98	3
109	9
116	11
117	8
118	13
119	14
123	12
129	2
161	11
178	2
181	13
184	1
197	11
Market 333
1	10
12	1
16	9
22	13
23	4
37	15
64	9
69	4
79	10
84	8
93	13
122	4
131	7
145	3
149	13
157	15
167	10
173	9
174	3
184	10
185	1
189	2
190	11
Market 179
5	7
7	9
12	9
15	5
18	2
21	11
25	10
28	13
32	14
36	4
47	12
54	7
57	10
75	1
82	6
96	14
102	2
105	2
107	9
112	9
119	9
126	11
128	1
129	10
135	1
137	6
139	10
140	1
141	1
145	11
149	10
150	1
151	7
154	14
160	1
168	5
171	15
172	7
177	5
180	14
182	14
184	13
Market 120(F)
7	9
14	2
36	1
44	14
48	6
49	9
50	2
53	9
57	2
59	6
64	10
81	2
93	10
96	11
97	3
98	7
103	1
105	11
112	10
113	6
119	8
121	14
131	8
140	7
145	7
150	15
157	7
168	4
169	4
172	10
173	1
178	5
180	8
181	12
188	9
199	15
Market 144
32	8
51	1
54	6
67	4
88	4
101	8
104	2
111	7
122	13
123	13
124	11
129	8
135	7
151	4
153	7
157	5
173	1
190	7
194	3
198	15
200	1
Market 222
14	12
26	7
55	10
57	2
58	12
97	14
112	5
113	2
116	14
125	12
131	6
152	14
155	13
163	14
170	15
178	11
180	4
182	2
183	3
193	2
196	2
Market 191(F)
3	6
4	14
11	12
22	1
26	11
38	1
49	1
59	11
60	2
87	15
88	9
94	14
101	13
116	8
129	2
131	13
134	5
140	1
145	9
149	3
152	6
154	11
156	11
160	14
171	9
175	12
182	15
186	11
190	14
193	14
197	11
Market 259
1	8
5	2
9	5
13	14
14	3
15	3
22	6
27	11
34	6
37	3
47	5
72	8
74	4
88	10
94	15
104	5
105	14
117	3
121	3
123	12
124	15
130	15
132	12
136	12
139	1
145	15
148	2
159	14
162	6
169	4
183	8
184	4
188	1
Market 290
19	6
41	8
49	13
56	4
58	7
63	9
107	6
110	6
116	2
121	12
123	8
139	15
154	1
162	15
171	4
173	4
183	5
186	4
190	2
Market 233
6	13
7	4
8	5
10	5
12	14
14	1
16	10
17	4
19	6
29	12
33	3
36	9
37	11
38	11
46	1
50	8
54	1
64	14
67	11
69	9
85	7
102	14
111	4
119	4
157	9
159	10
163	14
167	3
169	1
180	2
188	7
192	13
Market 197
1	2
7	14
11	13
16	7
18	11
22	11
25	15
26	1
36	15
46	5
50	4
51	8
53	3
55	1
78	2
90	9
93	2
95	10
96	12
104	2
110	1
112	8
121	14
122	2
127	4
135	8
136	14
148	14
157	13
158	3
161	6
162	13
164	7
165	13
168	13
169	2
179	1
180	2
181	1
183	2
186	3
188	5
191	2
200	13
Market 65
1	5
4	10
14	8
16	14
17	12
23	7
34	6
36	3
41	9
51	6
63	2
65	14
78	10
84	13
87	5
93	11
94	8
102	14
120	4
127	5
131	15
132	10
133	14
150	13
153	12
161	9
170	4
186	2
189	6
190	3
197	8
Market 71(F)
10	15
20	1
24	1
26	4
29	11
38	9
68	8
69	13
75	7
78	12
91	4
101	7
107	13
109	4
120	6
125	2
131	8
132	5
137	10
155	7
157	8
162	14
163	4
167	7
168	3
175	14
177	11
180	8
182	10
194	12
196	3
Market 147
4	8
7	2
8	15
17	14
23	5
31	5
34	1
42	15
44	8
51	1
53	14
54	11
56	11
57	13
60	2
65	14
79	4
87	3
94	3
101	15
103	6
107	2
112	8
116	5
121	15
124	4
130	14
131	4
132	8
137	10
138	10
146	4
147	4
150	14
152	10
161	11
162	4
168	8
173	5
175	13
178	9
183	8
194	9
200	9
Market 348
11	2
42	8
43	3
48	12
49	1
52	14
60	12
61	11
63	1
67	4
70	5
79	1
81	5
82	8
86	4
88	14
103	9
105	4
107	4
110	3
117	13
119	14
121	6
131	3
133	10
140	5
141	2
149	12
153	9
155	8
159	12
162	8
167	2
170	7
179	11
181	4
183	2
198	10
Market 80
1	1
3	5
11	12
12	10
25	4
39	15
46	10
50	14
54	5
55	12
59	4
64	1
69	11
79	4
87	9
94	1
102	5
109	8
110	11
111	8
114	8
116	6
119	12
121	9
132	9
135	6
145	14
147	11
153	1
155	9
157	3
164	13
170	6
178	9
184	9
186	8
190	4
Market 32(F)
7	2
37	15
38	14
43	1
63	13
69	2
78	6
88	7
90	11
95	6
96	15
100	8
101	5
102	2
104	12
105	3
117	10
119	8
123	7
125	10
130	5
131	11
137	6
139	6
143	4
145	7
146	4
150	3
170	15
172	10
186	6
190	13
193	13
199	1
Market 178
22	11
32	13
41	1
47	3
56	4
65	5
69	15
79	2
81	7
86	14
88	4
92	15
93	6
98	2
101	8
104	7
110	9
121	13
127	13
133	3
135	13
145	6
146	5
152	3
155	2
157	10
160	6
170	5
173	1
175	7
180	6
181	14
186	2
188	3
190	15
193	8
194	8
197	9
Market 100
3	3
5	7
10	14
13	4
22	9
36	12
38	3
46	4
48	6
49	13
53	9
54	11
65	6
66	4
70	5
81	7
82	6
95	15
97	4
103	3
110	4
116	12
117	11
124	15
145	3
155	15
157	3
168	8
170	5
175	11
181	7
184	9
192	6
198	9
Market 162
11	10
18	15
19	4
22	1
28	8
32	4
34	13
36	14
45	6
63	13
69	9
72	1
75	3
88	1
100	7
101	3
102	7
111	1
119	10
123	5
128	3
130	3
131	15
135	4
140	6
149	10
152	8
163	1
168	13
169	8
188	9
189	13
198	10
Market 195(F)
7	10
16	10
20	14
22	9
24	10
34	8
36	7
37	8
41	1
52	3
61	4
65	6
72	13
81	1
88	1
93	15
100	8
101	7
110	1
112	7
131	13
140	15
144	3
145	10
168	11
170	3
175	8
178	14
180	8
184	8
186	5
188	1
189	4
Market 274
14	3
22	6
33	9
36	15
43	11
47	6
51	7
53	9
64	5
72	4
90	12
105	10
112	7
123	2
127	12
140	10
151	10
156	9
165	1
171	1
175	7
181	10
189	4
194	13
198	3
200	6
Market 169
1	2
3	11
10	13
12	4
26	2
30	9
41	2
43	8
51	1
60	7
67	5
69	1
79	13
93	2
110	9
123	12
127	3
132	9
138	10
147	15
150	14
162	12
168	3
169	2
172	3
178	4
183	10
184	7
194	10
Market 111
7	14
10	10
11	13
14	6
15	12
18	6
19	1
30	1
49	13
60	10
63	5
127	6
137	2
149	4
152	15
154	6
155	14
157	13
163	1
169	9
171	12
174	7
200	11
Market 337
7	1
12	14
13	11
14	1
15	5
16	10
25	13
38	4
42	2
44	4
49	10
51	12
55	9
59	12
63	10
75	10
80	6
87	12
91	11
113	6
119	12
120	3
132	6
133	6
139	7
140	12
145	1
146	4
148	11
150	10
153	3
155	2
160	7
165	6
195	6
Market 41
1	4
8	8
22	2
38	11
42	2
43	15
48	1
53	7
54	8
56	6
62	4
65	1
74	15
81	4
82	1
97	1
108	15
111	9
118	10
121	6
130	8
133	4
149	14
151	5
152	4
170	7
171	9
178	7
184	9
185	13
190	12
194	4
195	15
Market 59
1	4
6	11
9	15
21	4
22	3
26	9
30	8
32	5
33	5
36	3
37	13
38	7
42	8
54	4
60	11
61	8
63	13
67	10
72	6
75	13
98	8
103	8
111	14
116	7
119	14
123	5
128	3
134	8
145	10
148	12
149	10
150	2
154	10
155	6
156	7
160	12
162	5
168	5
170	14
175	13
181	5
186	10
189	14
197	12
198	4
Market 99(F)
1	8
6	2
7	6
10	12
14	8
19	6
25	9
36	15
38	4
45	12
57	2
64	6
65	14
67	1
69	5
79	4
102	8
120	4
128	9
132	8
139	15
145	4
151	1
156	12
176	8
183	6
185	12
188	6
198	11
Market 132
49	13
54	9
56	13
57	12
58	13
63	13
67	14
69	15
77	14
83	4
90	8
95	3
97	2
100	5
101	8
117	13
119	9
121	15
123	1
124	10
130	5
134	7
145	10
149	9
150	15
152	15
156	11
159	10
160	10
163	14
171	5
174	11
190	3
192	15
198	13
Market 208
32	9
43	4
53	7
56	11
60	15
62	12
64	13
65	11
67	11
71	14
79	5
87	5
94	9
95	12
99	4
100	10
111	12
123	4
135	11
138	3
140	4
143	15
146	7
157	11
178	12
188	14
190	7
Market 252
7	1
32	6
33	14
38	7
43	1
49	10
51	11
55	6
59	10
65	13
69	6
79	3
87	4
92	10
98	7
110	13
120	13
121	9
125	10
132	2
135	12
137	10
138	1
145	11
146	2
160	15
163	6
164	15
168	2
170	7
184	10
188	12
197	11
Market 303(F)
1	7
3	6
13	5
23	9
27	10
34	10
42	4
69	8
71	13
79	15
87	3
92	5
108	15
113	5
116	15
120	2
128	8
133	9
139	9
140	14
141	12
145	14
152	6
155	3
156	15
159	14
160	9
163	11
169	8
173	10
174	1
181	2
187	8
189	9
192	11
194	4
195	13
Market 96
3	15
11	6
12	7
21	15
38	8
47	4
53	9
54	9
57	5
61	11
62	8
63	4
74	15
88	12
89	10
96	15
98	13
102	13
111	4
112	9
120	8
132	9
133	9
135	7
138	13
157	2
170	13
175	6
181	6
197	12
Market 67
10	10
12	3
15	9
17	7
18	15
21	13
22	12
24	3
25	11
30	9
31	13
32	5
36	3
38	8
42	1
45	14
52	13
55	10
56	13
59	9
60	11
64	10
67	6
73	15
79	3
84	15
88	13
95	8
98	7
103	11
104	3
107	1
113	14
116	10
117	6
119	15
123	14
124	3
131	12
135	8
138	10
140	11
144	2
155	3
157	11
164	2
168	1
184	2
190	10
197	8
Market 14
38	14
45	9
54	1
55	13
70	15
79	5
81	12
100	6
102	5
105	7
130	4
134	14
141	14
159	10
167	8
174	7
177	3
184	1
188	13
189	7
195	4
198	10
Market 174
22	6
32	12
65	5
69	14
72	14
74	13
79	14
87	1
90	5
92	3
103	5
112	5
116	6
123	1
124	11
139	5
162	13
167	11
169	2
185	14
194	14
Market 141
14	6
17	2
18	7
27	4
28	15
31	8
33	3
34	11
36	6
38	15
45	6
47	3
54	2
57	13
63	7
67	13
83	1
88	6
90	8
102	3
107	13
119	10
123	5
124	5
129	12
132	13
137	4
146	15
148	9
168	11
169	1
174	11
180	8
185	11
192	5
198	4
Market 334
4	14
19	12
38	14
42	3
44	5
48	3
50	13
53	10
59	1
62	2
64	1
67	5
81	7
85	8
97	7
105	1
107	9
109	8
115	9
132	11
139	9
141	14
145	12
167	14
173	12
183	9
186	4
188	5
189	12
198	10
Market 145
4	12
13	1
19	2
22	6
24	9
25	15
26	8
34	6
43	1
45	9
47	13
51	15
52	12
53	7
54	12
56	1
69	13
73	13
81	3
92	9
97	11
104	9
105	10
111	5
119	3
127	1
132	12
135	3
140	11
145	7
149	3
154	2
159	6
167	12
177	11
189	7
198	5
200	3
Market 335
2	7
11	7
12	15
19	12
27	15
36	3
50	8
72	6
103	3
104	10
111	4
130	3
145	3
154	9
156	13
168	12
180	13
192	12
194	3
198	14
Market 16
12	12
13	13
14	13
24	3
25	6
42	4
53	7
55	9
88	12
101	8
103	11
110	7
112	4
116	15
122	3
132	8
134	9
155	13
160	14
163	9
184	5
188	10
190	14
Market 140
1	12
7	5
10	7
11	8
15	1
17	15
24	4
33	4
34	7
45	2
46	14
49	8
53	11
54	15
57	10
59	7
62	9
63	2
69	15
72	12
75	11
95	11
99	11
103	2
105	6
111	1
127	3
131	12
132	7
135	4
138	7
162	11
173	14
178	8
183	2
184	7
186	3
189	5
200	10
Market 198
37	14
43	5
51	12
56	12
67	14
72	8
75	15
79	9
81	1
101	11
121	8
138	3
140	12
157	15
161	1
173	4
178	11
189	8
Market 350
1	3
7	5
14	4
25	2
36	2
38	10
47	12
51	13
55	4
60	14
64	4
65	1
67	9
84	2
98	15
102	8
104	3
110	3
117	1
119	8
122	5
127	5
130	3
131	10
132	11
137	2
139	8
140	15
141	10
145	4
149	9
150	12
152	11
153	4
159	10
163	15
169	15
174	3
175	14
177	11
180	10
192	3
194	2
Market 319
13	2
22	3
23	3
25	14
26	1
27	13
29	6
31	1
33	8
46	13
49	3
53	3
78	15
88	14
91	3
96	13
98	9
100	3
105	8
124	4
125	9
127	10
128	13
130	15
137	7
139	7
149	12
153	2
170	7
189	15
190	15
192	14
Market 93
3	1
12	11
13	9
15	11
36	4
41	8
42	10
47	3
52	14
55	3
56	2
61	4
81	1
93	1
103	13
117	13
121	12
127	2
131	11
133	5
137	4
141	2
145	4
151	9
152	2
156	11
161	10
164	1
169	2
170	13
172	5
177	7
181	6
183	12
184	3
189	15
190	14
192	7
193	14
194	4
Market 103
11	4
25	15
27	4
40	6
46	8
49	14
50	6
57	1
59	7
64	12
65	14
78	3
88	6
90	4
98	15
102	8
121	13
127	15
135	1
138	3
140	10
141	7
144	7
152	12
171	3
178	15
183	3
190	15
Market 137(F)
7	9
12	15
23	13
27	10
29	6
31	5
38	5
50	12
54	9
64	15
75	1
77	1
92	8
102	6
110	9
113	14
129	1
131	4
133	7
135	8
138	15
153	8
169	1
172	6
178	11
182	15
189	2
199	6
200	8
Market 138(F)
6	9
7	8
24	2
26	5
32	15
42	13
48	1
54	6
57	2
60	11
65	1
68	6
74	8
81	2
88	7
89	9
92	9
96	7
97	8
101	7
104	4
105	7
107	11
111	5
116	8
121	10
127	3
132	15
133	3
135	4
137	8
139	10
150	15
157	4
164	6
168	6
172	1
190	2
197	8
Market 203
1	5
2	3
3	15
4	13
5	13
6	12
7	3
10	2
13	13
25	3
27	6
28	1
30	8
33	3
46	10
49	9
54	12
60	6
63	11
64	3
70	8
84	2
86	15
87	1
94	6
103	4
107	8
123	15
130	15
133	8
145	14
150	6
153	13
155	1
157	10
159	2
164	13
167	6
168	11
173	3
175	15
186	15
Market 113(F)
5	8
8	5
10	11
16	6
27	10
43	13
48	1
55	3
67	14
98	7
100	6
116	9
118	12
119	10
124	14
131	15
133	4
135	12
137	11
150	1
156	15
165	1
167	12
178	5
179	10
182	2
183	15
185	3
188	11
189	2
199	6
Market 258
3	9
4	12
6	9
11	3
12	6
16	14
24	13
25	9
36	15
38	2
44	12
50	3
55	4
64	14
65	9
69	1
75	5
87	5
92	13
94	1
97	1
98	13
99	13
102	7
103	5
107	14
110	2
129	5
132	2
138	7
139	15
140	9
148	13
149	1
155	4
156	15
165	11
169	2
170	5
175	3
176	2
180	8
188	1
190	9
200	3
Market 224
19	1
25	11
42	10
50	5
59	9
63	6
67	9
69	1
70	9
75	10
78	2
84	7
110	1
112	1
121	6
135	1
144	14
145	5
147	7
150	9
175	13
189	8
199	10
Market 289
4	4
6	14
15	1
19	3
22	8
28	13
31	3
32	10
36	12
52	1
53	4
55	14
56	15
60	1
63	3
67	15
69	3
90	7
96	4
122	9
123	10
129	11
136	9
179	10
181	5
192	3
Market 77
7	1
19	2
27	2
37	13
49	5
52	14
69	7
73	9
81	11
90	2
92	6
100	8
102	1
111	7
138	3
140	12
152	7
154	10
161	6
164	5
170	6
183	6
186	8
188	6
189	11
192	7
Market 64
10	11
14	6
37	15
56	14
57	3
67	4
75	3
127	2
131	4
132	3
133	7
144	15
145	13
189	5
Market 143(F)
22	2
24	4
25	14
32	10
38	8
42	1
47	6
64	2
75	14
77	13
84	3
106	1
113	13
120	15
132	3
133	3
135	9
139	6
141	15
149	4
151	7
181	11
183	5
185	11
Market 332
42	3
45	14
53	15
55	5
57	13
58	4
63	15
67	10
81	15
92	6
98	15
100	1
101	15
104	13
111	11
112	7
113	12
119	2
121	2
123	3
124	7
127	9
130	4
133	14
136	13
148	12
155	10
158	7
170	2
179	6
181	15
183	8
184	3
190	5
191	10
Market 306
10	8
13	8
17	11
25	3
34	9
43	4
45	14
58	7
60	15
72	9
73	7
75	11
84	12
90	4
102	2
103	12
104	11
105	12
124	15
125	7
128	6
134	4
139	12
141	8
152	4
154	12
156	13
159	4
177	2
190	9
194	12
198	6
Market 91(F)
6	7
9	13
10	13
11	10
17	3
19	5
20	15
21	2
29	9
38	5
41	1
45	2
47	1
59	5
60	11
62	8
65	6
81	1
92	3
105	7
117	15
130	15
134	11
135	12
138	2
145	11
150	4
154	6
156	6
168	1
169	11
170	8
175	13
181	10
188	12
190	7
198	2
Market 263
5	15
7	3
8	13
21	10
22	5
25	15
33	15
34	13
37	13
49	8
69	3
70	6
93	6
95	14
100	11
101	15
104	7
111	14
112	11
121	13
122	13
128	1
130	7
140	8
146	3
150	4
156	15
167	4
168	15
175	9
180	11
183	1
188	6
190	7
197	1
Market 260(F)
1	10
6	9
12	10
13	8
14	10
18	6
19	10
30	3
36	2
38	10
44	12
47	6
57	14
63	13
64	11
78	12
84	12
90	12
100	7
102	14
109	5
112	8
120	4
125	15
127	14
128	4
130	15
134	1
136	14
139	15
145	12
149	8
152	12
157	11
159	2
163	7
168	2
171	15
173	6
174	5
184	9
188	15
193	1
198	3
Market 214
5	4
17	6
27	4
28	13
36	5
42	3
51	6
55	3
84	11
93	7
119	8
133	9
136	4
145	12
157	11
162	12
171	15
183	5
185	2
194	9
197	2
Market 135
1	8
3	8
10	5
18	4
21	5
24	7
26	1
30	13
32	13
34	4
38	10
41	15
42	12
49	8
54	9
56	7
59	2
64	4
77	4
79	13
92	8
96	11
97	6
101	9
103	5
105	11
124	11
126	12
132	4
134	12
137	2
145	15
163	12
167	7
168	10
170	11
177	15
193	13
199	5
Market 345(F)
2	11
7	6
9	3
14	6
15	1
36	15
44	4
55	3
64	8
67	3
68	6
75	9
78	14
83	13
88	12
100	8
102	8
107	13
119	8
125	3
128	4
130	1
133	2
150	4
155	10
163	12
165	7
173	4
177	5
Market 221
11	9
15	4
25	5
30	2
32	15
42	11
46	4
49	11
50	15
51	6
61	12
63	12
65	5
72	15
92	5
95	12
97	14
112	4
116	14
119	13
122	7
123	14
129	15
131	6
134	15
157	14
168	6
169	6
196	9
200	14
Market 36(F)
1	12
12	11
14	9
25	6
26	13
42	6
45	6
57	11
60	9
69	5
89	12
95	7
101	10
116	5
123	3
138	3
153	11
168	5
178	5
183	2
184	14
188	9
Market 168
22	1
37	4
43	8
47	13
53	11
64	7
73	5
75	2
78	8
82	10
84	1
88	14
100	12
101	7
106	15
107	2
112	7
123	7
124	4
138	4
140	14
145	6
147	15
173	9
186	8
189	8
190	14
200	12
Market 212
48	5
49	7
55	4
67	2
69	6
74	8
79	9
84	7
92	15
98	6
103	11
104	12
110	7
113	2
119	3
123	7
138	3
140	5
150	11
153	11
157	14
181	12
183	9
184	3
189	12
197	2
Market 18
7	10
10	6
17	8
18	3
19	9
25	8
28	3
38	2
42	4
43	10
44	9
46	3
50	14
51	10
53	1
54	9
59	15
60	7
64	4
65	13
69	10
78	7
90	10
96	15
98	2
101	8
102	12
103	12
107	8
109	11
121	8
123	7
131	4
135	4
147	2
152	4
157	1
160	3
170	9
189	8
193	6
Market 223
4	6
7	15
11	3
14	12
16	5
17	5
26	12
31	8
33	1
46	6
49	10
51	8
53	8
62	1
67	7
80	14
81	11
90	7
92	11
101	6
103	15
112	5
117	6
122	3
132	2
146	8
155	4
162	10
181	2
184	1
197	5
Market 12
6	12
38	12
39	3
42	8
60	15
63	1
65	10
69	8
78	2
84	10
101	6
108	2
113	11
119	8
121	7
123	1
132	2
154	7
171	11
180	7
181	15
190	12
194	4
Market 194
1	14
11	5
12	4
36	5
42	6
47	1
51	10
54	4
59	9
75	3
84	13
88	7
95	10
96	7
100	15
101	3
105	9
108	4
111	11
132	11
140	14
147	7
150	4
155	15
168	10
172	4
175	3
181	10
184	9
188	9
199	13
Market 219
3	11
10	10
12	2
13	15
17	5
20	15
21	15
22	9
24	13
25	9
26	2
30	3
43	9
49	1
51	9
59	1
70	4
78	8
84	14
86	15
88	12
92	8
97	6
104	6
119	7
131	10
135	8
138	6
145	15
150	7
153	10
157	14
174	8
177	13
178	13
183	9
189	5
192	15
194	14
195	12
Market 293
7	12
11	3
13	14
19	4
26	7
37	13
43	9
49	10
54	8
72	15
79	1
81	6
87	3
94	12
103	5
105	13
117	3
141	12
149	9
169	4
174	3
181	14
182	8
Market 299
1	11
12	13
14	5
17	11
25	6
27	9
32	8
33	4
36	8
37	1
38	13
46	13
47	9
48	13
54	4
55	12
60	1
62	9
64	3
74	11
85	2
95	5
101	14
104	15
105	4
111	14
116	7
119	3
131	14
132	5
135	13
141	7
157	5
159	11
161	13
168	11
169	3
171	5
174	4
175	2
177	13
180	13
188	14
189	4
197	5
198	4
Market 346
7	7
12	3
25	7
37	6
42	1
49	6
51	15
55	2
63	14
69	8
74	10
81	6
87	2
88	7
92	6
94	14
110	1
112	2
117	14
132	11
136	2
138	14
153	5
165	3
173	9
175	7
179	11
187	8
Market 146(F)
4	4
7	13
12	5
16	8
32	15
33	10
37	6
40	15
46	3
54	7
55	12
60	13
62	5
63	15
64	3
67	3
69	9
72	9
75	8
78	2
93	4
100	10
101	3
102	14
104	1
105	12
108	1
110	12
113	7
117	14
121	1
122	7
123	2
139	15
141	6
145	5
149	10
152	1
153	8
163	1
167	11
171	13
180	2
183	7
186	12
188	2
192	1
195	13
Market 278
7	12
46	15
60	12
95	12
98	3
103	3
110	1
111	12
112	10
123	13
135	8
149	8
184	15
198	7
Market 167
3	1
5	6
8	7
10	3
13	9
14	3
15	15
16	12
17	3
18	7
25	5
26	14
27	6
28	13
30	1
31	3
32	9
45	9
46	8
51	11
54	8
55	13
60	11
64	4
71	3
81	12
84	7
95	11
98	6
103	4
104	15
108	3
111	8
113	3
127	13
129	1
131	14
132	14
135	14
138	1
153	10
161	13
165	11
172	3
173	12
181	5
188	11
189	10
194	3
197	12
200	13
Market 95
1	1
4	8
13	3
17	6
19	10
22	15
24	10
42	3
46	5
65	8
100	7
110	3
111	9
119	11
123	3
135	11
137	7
141	3
161	6
163	8
170	1
173	1
181	9
194	5
197	7
Market 124
32	5
36	7
49	2
51	4
54	7
60	1
84	4
93	12
103	2
110	9
116	6
119	6
120	2
125	4
127	2
137	8
138	7
139	3
146	8
152	14
153	3
161	12
163	13
173	12
174	8
181	8
183	14
189	14
197	6
Market 286(F)
12	1
14	5
19	7
38	13
55	3
63	5
64	8
65	2
67	1
75	15
79	12
84	9
101	3
110	15
119	8
133	15
135	10
170	12
173	9
175	15
180	15
181	14
190	3
Market 246
7	10
14	6
19	5
25	4
41	9
54	11
56	14
63	8
72	8
93	10
98	6
103	1
122	3
128	14
152	1
156	12
157	13
159	9
179	9
180	3
184	3
185	15
192	11
Market 37
1	14
4	15
7	4
10	1
12	3
27	3
29	15
38	5
42	7
45	12
47	10
50	3
51	14
54	3
55	6
59	2
63	6
69	8
75	8
78	2
81	13
92	14
95	7
97	3
102	7
107	10
109	13
111	7
112	9
116	14
120	8
121	1
130	3
131	11
139	10
144	13
150	2
155	13
157	8
161	11
164	3
165	3
169	15
170	12
175	4
182	9
183	1
186	14
190	9
193	11
199	2
Market 38
2	1
13	6
19	5
25	8
26	10
27	8
29	7
32	14
33	11
36	4
54	6
57	13
65	11
67	6
79	10
88	15
92	10
95	7
96	7
98	5
99	14
121	12
125	15
131	5
133	1
137	14
141	4
157	9
168	13
171	1
179	5
181	5
182	6
186	13
188	10
190	12
191	15
194	7
Market 304
7	6
11	7
13	1
24	5
25	13
36	4
42	8
47	3
57	6
73	6
75	4
90	11
95	10
100	10
124	10
127	5
145	6
151	5
153	11
157	12
171	14
183	12
184	3
186	4
Market 148
14	8
39	5
42	5
46	5
49	7
51	5
57	3
65	10
69	15
72	2
78	9
84	8
92	4
94	14
101	5
103	11
112	4
114	7
116	2
123	5
128	10
130	4
150	15
168	9
178	5
180	11
183	12
186	3
Market 213
1	3
4	6
19	11
32	2
46	4
49	3
53	12
54	11
57	5
67	4
92	6
102	14
105	11
112	4
113	10
123	12
127	6
128	15
137	7
138	12
139	10
148	10
157	8
165	7
170	12
178	14
183	8
189	10
192	1
Market 320
7	3
12	9
14	1
24	11
26	14
36	2
37	9
49	5
67	6
73	6
81	2
87	2
88	3
112	10
117	11
119	1
121	9
124	1
130	1
134	3
137	11
139	3
140	2
154	15
155	5
159	5
160	13
165	8
167	12
169	14
170	1
180	9
182	7
190	11
198	12
Market 189
16	9
17	11
33	15
34	8
53	2
55	4
56	14
62	3
65	6
81	10
100	5
104	15
125	6
129	11
133	2
149	1
159	12
167	6
170	15
172	12
181	13
182	15
Market 192(F)
1	14
11	13
12	8
16	14
18	14
21	13
24	13
29	4
31	4
35	3
39	7
42	2
44	7
51	11
54	15
55	10
60	6
64	13
67	7
83	10
90	4
101	13
107	6
109	6
111	10
112	3
131	13
132	11
137	8
141	8
146	1
148	1
152	15
155	8
160	10
162	8
163	15
169	7
171	4
174	13
182	8
183	14
187	11
188	10
194	5
196	13
197	9
Market 47
4	6
12	6
47	7
51	10
56	7
75	8
79	11
88	5
103	9
110	13
111	2
123	5
124	7
135	9
139	7
143	11
160	12
172	10
175	13
178	5
185	13
188	13
193	8
199	13
Market 277
1	6
7	5
13	4
14	15
17	11
19	12
24	13
29	5
34	10
38	2
45	10
50	4
51	1
54	7
56	13
65	15
69	9
72	15
84	2
88	10
91	7
95	3
98	9
101	6
102	3
113	6
119	5
120	1
121	5
124	3
128	8
132	6
134	14
139	4
140	8
141	11
142	4
150	15
156	10
167	15
180	9
189	12
196	9
197	11
Market 284(F)
1	5
3	1
10	9
12	5
18	14
19	2
22	15
40	12
42	1
43	10
48	4
50	3
53	2
55	14
56	8
69	1
74	6
78	11
81	15
92	7
98	15
100	6
104	11
105	1
109	9
112	6
121	12
147	7
153	8
155	7
161	2
172	5
180	2
181	15
182	12
184	9
185	2
189	3
197	4
Market 122
7	15
32	3
37	8
46	4
69	5
75	12
81	15
88	13
97	12
102	9
108	13
111	12
132	1
138	12
140	10
144	4
153	9
178	3
180	7
182	12
197	2
199	14
Market 78(F)
19	3
40	1
42	8
49	4
69	4
72	3
80	12
88	9
92	4
95	8
101	13
110	5
123	12
127	11
135	11
140	12
161	4
164	4
170	14
178	12
182	12
189	9
193	5
194	14
197	7
Market 204(F)
1	6
16	1
19	4
22	2
32	11
37	1
38	7
42	4
46	1
47	15
54	13
70	7
86	6
88	5
101	1
103	14
110	2
111	14
119	2
121	8
123	9
126	6
129	6
130	9
143	8
152	9
155	1
159	11
164	14
171	14
175	9
181	9
182	15
197	13
Market 63
4	9
7	14
8	7
15	10
21	15
22	14
27	7
44	5
51	13
55	12
59	5
69	6
75	13
78	1
92	4
98	9
103	3
109	13
111	5
123	11
131	4
139	13
145	1
151	9
152	6
156	6
157	13
166	11
170	2
171	1
176	12
183	6
188	9
197	5
Market 52
6	4
12	1
38	15
44	11
46	10
50	3
54	9
56	13
57	2
59	3
67	8
127	10
129	3
133	9
135	7
148	9
157	9
165	4
168	7
169	1
170	3
173	10
175	13
178	3
180	11
200	3
Market 130
19	3
33	15
44	7
48	5
49	2
54	9
69	2
97	13
101	5
107	5
119	13
132	2
133	15
137	8
141	5
159	11
162	13
169	9
183	5
186	7
189	9
190	4
Market 166
1	12
10	13
26	15
32	13
33	14
36	10
37	5
43	15
45	11
57	6
67	8
74	10
83	8
84	2
90	7
92	11
97	15
117	13
138	6
139	7
144	4
147	15
165	5
170	3
179	15
183	4
185	2
186	14
187	4
189	4
190	12
194	5
Market 297
4	8
6	5
9	6
12	1
18	10
21	11
24	7
32	14
33	15
41	11
43	11
46	1
49	15
52	10
56	2
57	8
58	9
63	6
65	4
69	11
79	6
81	10
82	10
84	14
86	15
92	8
102	3
103	1
104	11
105	9
108	9
110	11
111	12
122	8
128	9
131	2
143	9
146	3
147	1
150	4
155	10
160	4
163	13
175	1
180	12
184	6
190	12
196	14
197	12
Market 61(F)
1	7
8	1
10	8
12	4
13	7
20	1
22	4
33	4
36	4
38	8
40	4
54	12
60	6
65	3
67	13
80	15
95	7
113	7
119	1
128	8
130	1
132	14
135	2
145	5
150	5
159	12
160	14
175	7
181	12
186	10
193	6
194	1
196	4
Market 25
1	8
3	2
7	4
12	2
15	15
16	4
18	7
21	8
27	15
32	6
36	5
43	15
48	7
49	10
53	10
61	8
62	1
64	6
65	2
75	7
82	1
90	14
92	8
93	5
95	7
105	7
110	2
111	11
113	3
124	14
125	5
128	7
130	14
137	13
141	1
147	6
155	3
157	11
159	2
160	1
161	2
162	10
168	10
171	14
177	15
179	5
181	10
182	12
186	1
189	1
190	6
194	12
197	3
Market 228
10	3
22	9
37	6
38	10
51	12
54	2
55	1
60	1
65	7
84	13
88	7
90	6
101	7
102	12
112	9
116	7
123	9
132	7
153	1
170	9
181	6
183	3
188	9
Market 231(F)
2	10
3	4
9	5
11	14
15	8
19	4
22	4
24	14
33	3
34	14
40	3
43	13
46	12
49	4
50	3
53	14
59	15
61	1
63	13
64	6
78	8
81	7
85	1
97	13
98	8
111	9
116	4
117	2
121	10
128	10
129	4
133	13
139	7
140	15
141	3
148	12
149	14
150	2
151	7
164	7
165	8
173	14
175	6
181	1
184	2
Market 232
1	11
19	12
22	13
24	3
25	7
26	12
31	1
32	10
41	9
49	14
53	11
54	7
57	13
74	5
75	3
90	6
96	11
130	13
132	6
137	1
140	15
141	9
154	8
156	15
159	6
162	1
169	6
173	9
188	7
192	9
198	7
Market 176
4	15
38	11
41	8
42	4
47	9
49	2
51	3
60	13
61	10
71	9
84	3
94	2
110	11
116	4
117	4
119	6
125	5
130	8
137	3
145	11
152	10
157	13
160	5
163	9
168	6
183	10
192	10
194	9
Market 13
4	5
16	4
23	3
43	14
49	14
54	5
56	11
61	13
63	8
67	10
88	10
100	7
112	15
119	13
127	14
128	4
131	9
132	2
133	7
134	8
137	9
140	6
148	7
149	2
152	12
153	7
154	10
155	10
159	8
165	5
173	13
177	5
179	15
184	13
192	6
194	9
200	12
Market 220
16	12
25	5
37	3
45	8
57	13
59	4
65	6
67	3
69	11
79	12
84	12
89	4
108	13
113	10
127	10
130	5
137	9
150	4
152	6
165	11
168	5
170	11
171	14
175	2
179	10
186	7
195	15
Market 209
6	2
7	10
12	3
23	13
25	12
29	4
36	9
38	15
42	14
45	2
47	12
60	10
65	6
83	2
90	6
97	15
98	14
107	12
108	3
116	1
119	6
132	12
150	8
152	5
157	9
162	12
169	12
172	3
178	5
184	4
190	11
194	15
Market 31
1	5
14	15
19	1
36	12
42	2
47	12
48	5
49	2
51	13
59	14
60	8
62	2
64	8
67	12
69	14
79	14
81	10
84	14
97	7
102	5
103	15
110	13
129	13
130	10
134	14
145	15
152	1
157	8
171	12
178	4
189	2
194	2
Market 185
5	1
19	4
23	15
25	5
52	4
61	1
67	6
82	10
90	4
96	1
98	14
111	4
117	15
129	10
145	5
169	14
175	15
183	3
189	15
190	3
Market 236
12	4
32	4
42	9
43	1
52	7
56	8
79	14
80	15
84	4
98	8
103	11
121	2
125	6
128	15
135	4
141	5
160	11
169	13
170	5
174	5
178	6
180	13
182	8
184	8
186	2
Market 287(F)
1	3
7	7
9	4
11	6
16	9
18	10
24	6
34	11
53	4
65	1
69	12
72	2
73	3
79	4
88	2
96	7
116	13
119	2
121	6
124	15
125	12
139	13
140	4
152	3
155	10
170	12
178	6
183	7
184	11
187	15
189	8
190	14
193	7
200	6
Market 48
14	14
44	5
45	3
46	2
47	5
49	2
54	3
64	14
69	2
70	13
77	4
87	8
92	12
94	12
112	3
116	9
119	1
121	11
123	2
129	10
138	3
139	8
155	9
164	14
182	9
190	12
193	3
Market 305
6	5
10	14
12	14
16	1
20	1
22	5
29	13
31	15
33	6
42	3
46	11
49	7
52	3
59	8
62	10
64	8
69	14
84	12
93	3
97	10
117	7
130	5
131	9
138	3
139	4
141	8
147	6
154	11
155	13
156	5
161	10
162	9
164	14
169	10
171	4
177	13
178	7
182	5
188	7
192	13
197	9
199	8
Market 276
22	12
33	14
42	12
56	6
60	11
72	10
94	1
97	9
124	14
137	13
145	9
149	15
156	11
169	6
175	12
180	7
185	3
Market 40(F)
7	13
13	10
22	10
23	8
25	1
28	13
31	13
34	14
43	13
48	5
61	12
87	3
94	7
112	15
116	9
119	3
121	9
124	4
130	14
139	12
162	5
170	8
175	12
189	8
192	12
Market 218
1	1
6	10
16	14
25	2
26	7
32	9
43	12
50	13
53	11
54	9
55	15
56	13
59	15
63	14
67	8
71	11
84	4
92	4
96	3
99	9
101	10
128	4
130	7
133	10
141	9
145	12
150	1
154	11
157	14
162	8
169	11
173	14
177	12
181	4
188	11
198	5
Market 114
3	1
9	11
16	6
22	7
24	6
25	9
30	7
32	1
34	12
36	12
37	7
39	10
42	6
46	6
47	2
55	9
59	12
64	11
65	10
67	3
69	12
72	15
93	11
95	3
101	6
102	13
115	14
116	4
120	10
123	1
128	7
130	6
145	6
151	13
168	9
169	3
173	4
176	6
184	15
186	4
188	3
189	2
192	9
198	12
Market 318
22	2
25	12
37	13
38	5
40	4
41	10
51	2
57	11
59	4
63	1
64	14
65	9
67	13
69	2
75	12
78	5
85	13
92	14
96	15
98	15
100	6
102	11
109	14
111	11
114	4
116	10
128	7
137	4
140	7
150	14
157	11
159	10
162	14
165	9
169	7
173	1
188	3
198	15
200	11
Market 74
27	13
38	15
42	9
47	9
52	11
57	10
59	6
61	10
66	15
67	9
90	6
103	10
109	15
117	6
119	11
134	15
137	4
139	8
146	15
149	9
156	8
160	12
168	9
170	6
171	7
174	4
183	6
184	15
192	10
Market 327
4	14
12	2
22	7
26	10
33	14
34	6
36	14
38	14
42	13
47	7
53	4
56	14
62	3
65	4
68	11
69	4
84	9
107	10
129	1
131	3
133	11
170	10
173	4
175	15
183	13
189	6
193	3
199	1
Market 281
8	5
23	15
25	9
27	3
37	10
57	1
90	1
98	15
123	1
125	15
132	9
139	7
140	4
146	8
156	9
163	6
172	4
173	9
176	1
179	12
193	14
Market 207
7	10
12	3
13	9
19	11
25	9
26	13
38	11
39	5
44	3
57	8
69	3
84	10
107	3
109	8
113	12
114	14
119	4
123	4
124	13
137	1
139	5
146	2
149	5
163	11
180	12
183	15
186	14
189	5
198	6
Market 2(F)
1	3
4	3
6	8
7	15
14	14
15	2
16	6
26	3
27	13
32	13
38	8
45	12
46	10
47	11
54	3
64	3
72	4
74	10
88	7
89	9
92	4
98	14
101	4
111	1
113	15
118	15
119	12
122	1
123	10
128	5
129	1
131	9
135	14
137	12
139	15
141	11
157	1
160	4
161	10
172	6
182	5
189	11
197	2
Market 313
30	13
38	7
42	6
49	7
54	3
63	9
64	12
79	3
86	2
90	3
93	12
97	9
100	5
103	10
130	4
140	15
146	9
152	12
155	12
157	7
171	13
177	1
180	1
194	12
Market 128(F)
32	4
33	4
37	5
38	3
57	10
67	2
75	4
81	5
90	1
97	12
101	6
105	13
107	13
112	12
119	3
124	6
130	15
131	12
139	5
145	10
149	7
150	13
152	7
155	1
156	3
165	4
169	14
171	8
173	12
175	6
182	8
185	9
188	8
189	2
190	3
199	13
200	2
Market 173(F)
9	1
14	4
15	10
19	1
22	2
33	3
38	4
39	6
50	11
52	12
54	1
64	1
69	7
95	2
107	1
117	4
124	4
141	5
151	10
157	10
159	5
169	15
173	8
180	14
185	14
192	6
194	15
197	2
Market 117
5	5
12	4
14	3
15	6
24	5
28	9
31	9
32	7
36	15
43	12
45	9
47	1
49	7
55	15
61	8
69	1
81	3
90	2
95	13
102	4
108	8
113	6
117	5
125	4
126	9
133	4
135	15
153	7
155	7
168	12
170	9
171	5
172	9
181	8
194	11
195	12
199	8
200	1
Market 188
1	12
10	13
14	5
32	13
33	12
53	6
55	14
60	8
62	15
67	13
69	15
75	11
94	13
98	3
107	1
121	1
133	9
149	7
150	15
156	10
167	5
169	1
171	9
173	1
180	10
185	13
189	7
192	1
194	12
197	2
Market 142
7	11
12	6
19	14
25	8
43	5
52	15
53	13
66	14
67	6
69	6
100	14
104	12
107	13
117	12
119	10
121	11
133	12
136	2
139	14
140	9
153	14
156	5
165	15
173	1
175	15
181	7
183	2
185	14
190	12
194	2
Market 325
1	11
6	4
10	12
13	11
19	14
22	13
31	5
33	1
35	13
37	14
48	5
53	11
65	7
67	14
73	13
90	1
95	14
101	10
105	3
111	10
117	8
123	9
131	11
133	2
150	3
153	5
157	13
168	14
170	1
172	1
178	4
180	10
189	2
Market 66
1	14
25	8
43	3
53	5
54	13
57	13
61	13
62	10
98	9
101	1
105	12
123	7
127	4
140	13
145	4
155	14
169	8
173	2
181	4
183	6
199	2
200	15
Market 34
14	3
19	6
37	6
42	14
46	10
52	12
53	3
59	9
65	6
67	5
69	3
92	15
96	3
97	15
98	6
99	2
111	5
113	5
138	8
140	6
147	13
150	9
155	8
172	15
173	15
181	8
182	12
186	12
197	15
Market 347
4	13
7	5
8	5
10	15
13	10
14	2
16	12
23	5
25	14
31	2
33	1
59	4
67	6
77	6
96	9
97	8
101	13
103	4
112	3
113	9
116	2
121	13
131	11
132	7
133	5
148	6
150	9
153	14
155	5
162	15
169	13
171	4
173	6
183	5
185	1
198	11
Market 270(F)
1	1
7	15
12	6
30	12
38	5
45	2
47	11
50	9
55	12
57	7
63	12
73	12
75	11
83	10
88	15
103	12
106	3
108	4
111	12
113	13
119	13
121	5
129	6
133	1
135	12
153	10
157	7
170	4
180	8
184	7
186	8
190	11
197	1
Market 115
2	12
8	15
11	14
12	9
15	3
16	15
17	9
23	13
28	2
30	6
46	13
49	4
57	14
59	10
81	9
83	1
85	15
90	13
95	7
96	3
105	4
117	15
123	3
125	8
127	14
128	14
133	7
136	8
137	11
140	10
141	14
151	11
153	9
154	4
155	6
156	3
157	11
159	14
170	12
175	11
181	1
183	8
185	3
188	3
191	1
Market 210(F)
1	5
8	4
10	2
14	4
17	3
22	11
25	11
31	8
32	8
34	10
43	7
48	10
54	5
56	1
57	14
65	2
67	9
69	2
73	8
75	11
81	11
86	1
87	1
88	7
89	7
95	5
96	1
100	15
101	14
110	12
111	13
112	12
119	7
123	6
129	5
132	4
138	4
145	8
155	14
157	2
161	10
169	13
170	4
173	10
194	5
197	6
Market 331(F)
2	2
10	1
13	11
16	6
18	6
19	2
25	15
29	1
31	12
32	13
34	14
37	9
38	5
47	11
51	15
56	13
86	14
88	6
92	13
93	12
111	2
116	3
117	3
119	2
122	13
123	7
124	2
127	13
132	9
138	10
141	13
148	10
157	1
162	1
165	8
170	12
175	15
183	1
184	15
185	10
187	3
198	7
Market 10
19	14
25	15
27	6
42	1
46	7
82	11
85	2
96	6
100	15
103	10
123	8
131	8
136	5
145	3
148	3
165	14
175	14
180	9
194	15
Market 22
1	10
8	2
12	13
19	1
23	2
27	13
33	9
34	1
38	2
43	8
44	6
49	12
57	11
60	13
65	7
83	14
124	8
131	15
133	14
135	2
138	7
145	13
153	10
155	10
157	10
165	13
170	13
178	11
183	5
184	3
186	5
197	5
Market 340
4	9
14	8
22	2
37	5
42	5
43	15
48	3
49	7
52	1
55	1
59	7
67	6
69	9
84	7
96	4
100	6
102	3
117	5
120	8
126	1
138	4
139	3
140	3
143	6
146	15
172	9
181	2
182	2
183	12
193	10
197	8
Market 339
6	2
11	8
12	13
13	5
19	2
21	3
24	11
26	12
30	9
34	3
45	4
47	9
50	10
55	15
70	14
78	7
84	8
97	15
102	15
103	2
108	14
116	11
137	11
139	12
140	2
141	14
145	4
149	8
150	5
153	13
156	2
162	12
165	13
168	11
181	2
183	5
189	14
200	5
Market 76
1	3
38	11
41	14
42	14
52	8
65	9
79	13
92	10
121	12
128	13
130	2
132	10
138	8
139	9
141	14
146	5
168	12
171	7
178	9
186	6
193	8
197	5
198	7
Market 266
44	7
49	12
62	9
65	9
67	8
71	7
74	1
94	4
96	1
119	4
137	15
140	13
175	7
189	14
190	1
Market 9
4	8
12	5
14	13
15	4
24	9
27	14
29	10
36	1
42	13
48	1
49	7
54	5
56	15
60	11
67	14
69	10
78	3
81	10
87	3
92	10
96	15
101	2
107	8
126	14
128	3
129	8
131	1
132	12
136	11
138	5
140	13
144	11
147	2
152	9
157	7
165	13
173	15
181	12
182	3
188	13
189	1
191	13
193	14
194	7
199	14
Market 215
7	2
9	15
13	15
15	9
17	5
18	9
19	11
21	7
22	2
25	7
26	3
29	11
31	6
32	14
38	1
43	6
48	13
54	12
55	4
56	3
57	9
63	6
81	5
89	10
96	15
105	1
118	6
119	8
137	13
139	12
150	1
154	13
156	12
162	1
167	10
169	10
173	8
180	4
186	3
189	2
Market 39
1	1
3	4
4	4
15	7
16	7
31	9
33	2
37	8
38	4
45	7
53	7
54	11
56	15
60	5
74	11
79	5
83	14
97	13
112	13
113	13
118	11
121	11
127	1
128	14
131	12
133	5
146	12
153	13
155	12
161	5
164	6
174	2
178	9
181	15
191	11
197	10
Market 68
10	15
19	4
22	15
37	8
38	4
42	5
52	12
57	3
63	9
65	15
67	8
69	10
72	11
92	3
95	10
97	1
100	6
104	8
105	15
117	10
119	10
123	10
127	12
129	13
133	13
138	9
148	2
153	5
169	6
170	10
175	10
179	5
183	10
200	12
Market 171
8	3
14	9
17	2
18	11
19	9
27	8
33	9
37	15
38	11
43	5
47	11
48	7
53	15
54	15
55	10
56	6
62	12
64	15
74	6
75	12
81	13
85	5
97	3
98	4
105	5
111	13
113	10
116	12
118	8
119	1
123	15
124	10
127	7
129	1
133	3
140	2
150	13
153	7
157	1
158	15
162	9
165	4
169	15
173	6
179	3
181	4
183	9
187	14
188	8
189	6
191	5
197	15
Market 251(F)
14	5
19	3
22	2
26	12
33	10
38	2
57	1
61	5
64	12
65	2
83	12
88	6
97	15
100	11
104	11
123	15
128	7
133	13
135	11
139	12
146	10
160	15
165	10
192	6
199	8
Market 170
37	7
43	11
46	2
48	9
52	7
56	10
72	1
78	15
96	8
101	7
119	11
122	8
145	2
150	5
169	14
189	3
Market 180(F)
5	7
7	3
13	5
14	8
15	14
18	5
19	5
25	15
46	1
49	2
64	1
72	1
78	8
92	4
113	11
127	4
144	10
145	9
150	3
170	4
172	14
181	9
183	3
184	14
189	12
193	2
Market 45
3	9
12	6
17	9
18	12
24	5
27	5
28	6
32	3
33	9
34	13
43	14
48	8
53	4
54	4
57	5
74	10
81	3
105	14
107	13
119	12
130	4
131	9
135	5
154	13
160	5
168	14
180	9
181	4
184	2
192	11
Market 217(F)
22	12
25	15
34	1
37	7
43	15
54	2
56	12
57	10
63	13
75	6
81	10
83	10
90	2
95	11
111	12
113	14
119	5
127	13
128	5
138	3
139	7
148	5
173	15
180	11
181	2
186	8
194	4
Market 163
15	14
16	12
21	10
25	7
27	12
30	15
32	2
33	14
36	9
40	9
55	13
59	10
60	15
64	11
65	3
68	10
69	14
78	8
80	3
98	14
101	11
111	10
121	1
124	3
128	4
138	14
140	12
141	10
149	9
152	12
154	14
156	13
160	7
171	2
173	15
175	7
180	4
183	14
193	14
Market 42
14	7
19	14
38	10
46	1
47	6
49	7
55	5
57	14
61	2
63	4
70	8
81	11
98	6
111	7
117	6
119	1
132	3
134	8
154	11
162	1
168	5
177	13
180	1
181	4
185	13
186	5
Market 3(F)
1	5
3	15
10	9
11	2
12	11
13	12
14	9
15	4
24	10
25	8
26	14
33	5
39	8
42	5
49	7
55	12
69	7
81	2
92	13
95	7
100	1
102	13
111	15
113	7
119	10
120	7
123	10
124	12
128	4
129	3
131	5
140	13
150	1
157	3
162	15
163	4
165	3
170	1
173	8
182	8
183	1
185	7
190	15
Market 250
19	5
36	10
38	8
50	14
55	11
65	7
72	10
78	10
92	11
100	11
111	2
114	5
116	3
119	10
121	7
128	6
130	9
134	2
139	6
150	7
155	6
171	12
189	5
193	15
Market 172(F)
22	11
27	6
33	4
37	1
38	9
42	4
46	1
47	1
48	11
49	7
51	5
56	1
62	9
63	5
70	13
72	13
74	6
89	4
96	4
100	4
104	14
112	1
116	11
117	3
119	11
121	7
127	3
131	13
133	11
139	7
151	5
156	3
162	10
171	5
173	14
175	9
179	11
194	7
198	3
Market 134
42	14
49	10
53	9
55	5
57	15
66	14
93	1
96	7
106	11
112	9
117	1
121	14
125	5
142	5
152	4
160	2
174	2
178	14
180	14
189	9
190	2
196	4
Market 265
3	6
14	13
22	13
26	11
28	1
33	2
34	11
38	3
39	15
42	2
45	10
51	12
54	10
59	15
60	14
72	5
79	4
88	10
95	8
100	10
101	14
102	15
119	12
120	7
121	2
122	11
125	10
128	1
130	12
132	6
133	7
134	10
137	14
146	6
151	4
155	15
159	5
170	15
173	7
180	12
182	5
184	5
185	15
188	10
192	13
196	4
Market 273(F)
1	2
2	1
6	8
12	14
18	5
22	2
24	6
27	10
30	4
36	14
47	9
58	4
60	8
64	15
79	4
97	7
121	6
145	15
148	9
162	13
165	13
181	2
185	2
194	11
Market 181
12	2
16	2
20	13
26	7
29	9
33	6
34	3
37	14
38	11
44	13
47	13
49	2
52	11
53	11
54	4
61	3
74	4
75	11
88	2
92	3
95	2
96	2
98	7
111	4
112	7
121	15
128	6
129	14
130	10
131	1
136	10
137	7
146	5
149	11
160	6
162	15
163	8
164	14
170	9
174	7
179	1
181	7
192	3
Market 256
1	4
2	13
6	9
12	13
24	8
25	6
26	14
32	4
54	15
55	10
61	9
72	5
73	8
75	8
79	6
84	1
85	10
92	9
95	10
100	4
104	14
107	11
110	6
111	13
116	13
117	3
119	7
122	7
123	5
127	9
135	6
138	5
155	5
161	7
173	7
175	6
183	10
184	8
188	13
190	15
194	12
Market 182
7	2
19	2
36	12
38	14
39	11
46	14
47	1
49	9
55	15
65	14
72	13
88	7
92	6
100	15
102	2
103	10
116	7
121	12
122	1
127	1
129	7
131	1
133	11
135	8
140	14
145	9
164	10
175	6
183	10
186	8
189	10
190	14
194	4
197	10
Market 235
5	8
17	5
27	3
49	10
50	6
59	8
60	3
64	13
71	2
75	13
87	14
92	15
94	14
101	10
108	3
112	12
119	12
134	4
137	2
139	7
141	6
146	5
150	13
160	4
169	11
198	10
Market 201
1	10
2	11
4	11
6	10
9	14
11	1
18	2
19	9
24	6
26	9
29	13
41	15
42	13
44	6
51	11
60	8
67	10
71	14
75	5
94	15
102	3
103	2
110	12
113	10
116	5
120	4
123	9
124	2
125	6
131	3
132	15
136	11
139	3
148	6
153	14
155	1
157	8
168	1
173	14
181	12
188	13
189	9
192	2
Market 150
60	10
78	10
79	1
110	12
113	7
126	3
128	8
131	14
183	4
186	7
188	12
Market 69
7	15
14	6
15	6
30	13
33	14
38	11
43	4
49	11
50	7
57	15
59	4
60	14
61	15
65	15
72	13
79	9
81	2
90	6
102	6
107	2
124	2
127	9
132	1
145	11
169	6
179	8
183	5
185	6
200	8
Market 54(F)
39	7
63	10
64	10
75	3
78	2
91	7
92	11
98	14
121	11
130	8
152	13
165	7
170	4
185	15
Market 234
1	12
13	2
25	14
32	11
33	2
46	12
51	8
53	1
55	11
59	10
64	13
68	1
70	4
74	6
78	9
84	9
92	15
103	14
110	9
112	5
113	6
117	8
124	12
125	4
137	7
140	3
141	8
145	10
153	7
154	7
165	2
169	9
171	4
173	10
177	10
189	12
200	6
Market 4
1	9
6	3
7	9
8	9
10	9
12	7
13	3
16	1
17	11
19	14
22	11
25	3
27	9
29	4
34	11
42	13
51	14
53	6
56	10
63	1
67	5
73	12
81	12
90	2
95	14
98	14
99	8
103	8
105	6
117	15
119	4
121	8
126	13
131	13
132	3
135	1
150	15
152	13
168	10
172	9
178	4
181	15
182	11
186	5
190	8
Market 322
19	14
46	15
67	9
68	7
75	14
91	4
93	11
101	10
103	7
113	6
116	8
139	14
140	12
156	9
180	9
188	11
190	15
192	2
Market 326
12	12
14	9
32	7
37	1
38	10
40	13
42	1
46	7
47	6
49	5
54	3
56	1
59	14
63	8
72	2
85	13
88	1
92	11
97	11
100	3
102	14
107	5
112	1
121	9
123	10
124	7
126	5
128	5
129	13
131	5
132	10
139	3
147	12
150	4
152	12
164	14
168	5
169	15
180	6
184	10
189	4
193	11
194	4
199	15
Market 5
4	7
11	6
15	11
16	13
19	4
26	5
27	5
32	12
45	3
49	14
57	2
62	6
64	9
82	3
90	8
97	1
98	7
101	12
105	12
108	1
123	2
125	15
130	9
144	13
149	13
153	5
156	5
161	13
169	14
170	7
177	7
180	2
182	7
184	11
188	12
190	2
193	5
197	13
Market 272
1	5
2	2
8	12
16	8
19	11
26	3
27	5
32	9
34	5
37	1
45	7
71	11
87	3
112	6
120	1
121	2
124	1
127	7
131	4
139	4
140	13
145	7
149	2
153	7
154	4
156	1
157	6
162	12
165	13
171	2
175	7
177	5
190	2
Market 155
7	9
24	10
28	14
32	6
33	2
34	15
37	10
38	5
42	11
47	12
63	14
78	1
80	6
85	11
92	1
109	1
119	10
152	8
165	5
169	8
178	9
181	11
186	14
Market 105
1	9
4	8
6	11
9	10
15	1
16	6
19	2
22	1
27	2
29	3
37	2
39	4
48	3
59	7
63	11
65	10
68	7
78	6
79	6
80	9
85	14
95	9
96	4
102	1
104	2
114	1
116	15
123	6
127	4
137	2
143	4
145	5
152	12
160	5
163	7
164	12
169	14
171	6
183	6
189	5
190	2
197	3
200	1
Market 285(F)
7	3
10	15
16	4
23	5
25	10
37	12
38	14
42	9
55	11
64	2
74	2
91	7
96	6
97	10
107	6
111	11
113	9
123	4
140	12
145	11
153	9
162	8
168	2
169	7
171	2
175	5
181	4
185	10
186	2
188	6
189	3
198	11
200	12
Market 308
38	6
41	13
46	7
49	2
54	2
65	6
90	4
92	11
95	4
96	3
100	5
105	10
112	10
119	4
125	4
128	13
137	5
141	1
163	7
188	7
195	1
198	7
Market 73
1	12
3	12
6	7
12	11
13	2
14	2
15	9
19	13
23	1
25	15
28	7
29	5
31	15
32	11
36	15
38	6
59	5
64	8
67	14
78	1
108	9
111	4
112	14
120	10
123	10
154	10
156	4
169	10
174	12
194	13
Market 35
6	15
7	10
17	2
26	2
30	12
32	12
33	8
34	1
37	3
50	15
54	9
59	2
64	14
65	4
105	6
112	14
116	13
124	3
138	4
145	3
155	15
164	6
168	12
178	6
180	11
181	1
186	2
190	6
193	5
199	2
Market 106
4	9
19	6
22	4
25	7
38	4
45	13
50	10
56	15
60	12
64	7
69	1
72	2
88	5
111	7
116	12
120	15
121	12
135	8
137	3
146	7
150	9
160	6
161	7
163	3
168	6
170	4
174	4
175	9
180	7
186	7
197	10
Market 19
1	8
11	8
12	11
26	12
28	6
29	6
32	12
36	15
42	15
43	4
46	6
63	1
67	2
80	14
81	15
103	8
104	7
118	5
119	4
121	11
125	7
128	11
141	9
146	4
147	13
150	8
152	4
155	4
156	3
164	15
169	10
172	10
182	2
184	11
186	12
198	7
199	5
Market 264
19	5
37	7
48	9
49	14
51	5
55	4
56	11
63	9
75	9
79	6
81	6
82	7
84	9
92	6
96	6
97	1
98	14
101	8
105	7
107	13
112	4
113	12
119	1
123	5
132	5
133	3
134	14
137	13
146	11
163	3
171	5
177	10
186	8
188	12
189	1
Market 262
16	10
22	2
25	10
32	13
42	10
57	10
60	3
75	14
81	9
90	14
92	7
95	8
112	15
123	11
128	14
134	1
150	1
156	9
173	14
175	10
183	9
184	5
Market 28(F)
22	13
31	3
42	4
43	12
47	12
51	9
63	9
75	2
81	9
91	3
101	9
102	4
107	6
113	12
125	1
130	13
132	3
139	11
149	3
150	7
151	5
159	15
167	15
177	15
180	5
181	3
183	13
188	8
194	15
198	11
Market 139
2	5
5	15
7	6
9	6
13	2
14	10
16	14
28	12
31	5
32	3
34	3
36	8
54	8
55	12
65	7
79	6
84	1
86	4
93	5
97	2
102	14
103	4
110	15
124	2
126	9
128	4
129	13
132	2
133	3
140	5
147	12
155	3
157	11
161	14
168	5
173	14
178	11
184	6
190	13
Market 90
22	12
32	12
37	9
38	1
43	4
47	6
49	12
57	12
63	8
65	6
69	4
78	15
108	11
113	9
124	15
132	11
139	13
142	4
150	13
157	2
163	10
168	1
174	2
175	7
178	11
193	2
196	9
Market 229
6	3
13	2
22	6
29	5
31	13
36	7
41	8
46	8
54	2
55	1
81	1
86	15
98	3
100	4
117	15
121	15
132	14
133	1
134	11
139	6
155	12
162	11
179	1
188	12
190	8
191	10
192	4
Market 341
1	6
7	4
13	6
18	10
33	12
34	8
47	3
58	5
60	2
77	13
81	2
84	13
86	8
88	14
93	9
100	11
101	14
102	10
103	10
104	6
113	1
116	3
122	4
127	10
133	7
153	10
155	8
157	13
161	15
164	3
168	11
169	3
170	7
172	15
180	10
186	11
190	3
199	12
Market 249
3	14
4	15
9	11
19	10
24	5
30	2
37	7
47	8
54	13
62	3
64	12
65	10
74	7
75	2
105	10
107	15
122	12
129	15
138	15
155	5
170	3
171	2
177	2
180	10
189	2
192	4
Market 118
14	2
15	5
24	5
33	2
36	11
45	12
46	11
54	15
63	10
77	9
79	9
86	6
88	6
92	14
93	3
94	2
112	7
125	4
128	6
137	10
147	13
153	8
154	9
156	3
169	1
170	2
177	8
180	14
183	7
188	6
Market 97(F)
3	3
7	15
11	1
12	6
14	5
15	4
16	9
22	6
28	4
33	14
34	8
46	4
47	8
50	6
54	1
64	5
65	10
79	5
85	4
92	9
103	1
127	5
130	12
132	12
135	11
136	2
138	14
141	14
145	15
147	11
150	11
156	1
157	1
162	15
168	14
169	15
171	1
173	8
178	14
179	13
181	6
183	13
184	3
189	5
190	11
192	14
198	3
Market 98(F)
7	5
14	15
22	2
26	11
36	2
37	5
43	7
47	14
52	14
55	6
60	8
63	10
81	8
90	3
95	14
101	5
116	6
117	2
124	10
127	1
132	8
135	12
136	2
139	4
140	9
156	13
158	7
169	9
180	4
190	6
Market 165
1	12
3	2
4	13
5	4
14	4
27	8
28	15
31	1
40	12
46	10
94	5
98	14
114	15
116	3
121	12
127	2
128	11
131	5
133	14
135	11
145	15
147	4
148	14
161	10
162	9
164	1
169	10
172	11
181	7
185	9
188	9
193	10
197	9
198	5
Market 311
2	4
6	14
21	7
29	4
42	11
49	1
59	1
60	6
83	2
91	6
92	10
97	9
108	14
112	13
116	3
121	10
123	3
124	4
152	12
161	2
184	5
193	9
199	15
Market 328
4	12
5	4
7	14
11	5
14	12
17	12
23	7
25	2
28	6
36	2
40	6
41	13
45	2
55	9
57	3
59	4
60	3
64	10
69	6
75	8
82	14
87	6
91	14
96	1
98	15
101	12
108	11
110	2
119	15
125	11
129	8
135	6
138	9
139	7
155	14
161	14
163	11
168	13
169	8
170	7
171	15
174	12
175	7
180	2
181	14
189	8
198	10
Market 102(F)
22	12
49	6
51	7
52	1
61	1
63	8
69	4
72	13
90	1
104	10
105	14
122	8
149	10
154	9
169	8
180	13
188	13
Market 242
14	7
16	5
22	11
25	4
27	6
37	15
42	2
47	13
49	5
54	5
55	13
56	6
60	3
62	6
63	2
79	12
81	15
84	10
94	12
101	15
104	11
105	8
108	12
113	7
116	6
117	8
119	8
129	6
133	4
135	13
138	13
155	9
170	15
178	3
184	11
189	6
197	9
Depot
