TPP_FSO_CapEuclideo.200.100.1.2
Total Cost:349543
|M*|: 199
Depot
Market 29
3	6
4	8
5	13
7	5
9	1
11	4
13	3
18	4
19	10
20	14
22	14
26	3
28	11
30	1
34	2
36	2
39	2
44	2
45	13
48	14
51	12
52	8
55	7
56	12
59	15
61	10
62	15
67	7
68	13
74	5
77	1
78	2
82	6
83	10
84	1
85	7
87	3
92	3
93	2
96	14
97	6
Market 166
1	6
3	13
5	2
7	15
8	15
10	5
13	11
15	2
18	3
20	14
22	10
24	9
29	5
32	5
35	1
38	11
41	7
44	15
50	3
51	4
52	7
53	4
55	10
58	5
60	3
61	3
62	6
65	3
70	3
74	9
77	9
78	12
79	2
83	11
84	2
85	9
86	13
91	10
92	10
97	9
100	10
Market 184
1	13
2	13
4	1
5	9
6	5
7	8
10	12
11	4
13	11
15	6
16	2
18	3
20	6
22	8
24	8
27	6
32	2
35	13
36	6
38	6
40	5
42	9
44	12
47	6
50	5
52	2
53	3
56	5
58	15
60	4
62	11
66	7
67	6
70	13
74	14
75	9
77	12
78	10
79	9
81	14
83	15
84	1
86	14
90	10
91	6
92	6
94	6
96	12
97	5
100	2
Market 127
3	9
5	4
7	9
10	7
11	3
12	3
13	6
15	7
18	3
19	12
20	12
21	15
26	2
28	7
29	7
35	3
36	9
40	13
46	3
47	7
49	4
51	1
53	13
55	7
56	11
60	8
62	7
63	9
70	6
73	14
77	12
78	2
79	9
81	10
82	2
84	15
85	3
90	6
91	6
92	11
94	5
96	3
100	11
Market 26
2	11
4	7
7	8
8	9
9	5
11	9
13	8
17	15
18	7
19	14
20	14
22	15
24	14
27	15
28	4
29	15
34	12
36	13
38	11
39	13
42	14
45	11
47	4
51	2
52	7
53	5
55	2
56	14
58	5
59	13
61	8
62	7
66	14
67	9
68	10
70	4
74	14
77	15
78	10
79	15
81	5
83	10
86	11
87	13
91	12
93	15
96	9
97	10
100	10
Market 181
1	10
4	4
5	11
7	12
10	6
11	6
15	10
18	3
22	1
23	2
24	9
27	9
28	14
29	7
35	13
38	9
40	12
41	15
44	1
50	7
51	2
52	3
53	5
55	12
57	10
59	12
60	7
62	8
64	6
65	2
67	2
74	15
75	4
77	1
78	10
86	3
90	7
91	9
92	10
100	7
Market 116
4	7
6	10
7	4
10	2
13	7
14	4
17	10
18	10
19	4
20	11
22	2
23	5
27	3
28	4
29	3
31	8
35	14
36	1
37	15
38	11
42	3
44	9
45	14
47	14
50	3
51	7
52	1
53	14
55	7
56	8
59	5
61	15
62	1
63	13
66	6
67	8
69	7
70	12
74	8
75	3
77	6
78	5
79	4
81	3
82	14
83	6
84	13
85	3
88	10
91	10
92	11
93	11
94	14
96	2
97	5
98	11
Market 85
2	15
4	1
5	14
6	6
7	14
8	9
11	15
13	9
15	12
18	12
19	3
20	12
22	6
24	9
26	9
27	14
29	8
33	12
36	5
38	15
42	13
44	6
45	5
47	5
49	4
51	1
52	7
53	12
58	6
60	14
61	4
65	9
67	3
70	14
73	10
77	2
78	4
79	3
82	7
83	3
84	1
85	2
86	1
91	14
93	2
96	15
97	2
100	9
Market 42
1	4
4	2
5	2
6	14
7	2
13	13
15	3
18	4
19	15
20	10
22	5
24	7
27	3
29	5
32	13
35	12
36	6
40	4
42	13
44	2
47	7
50	3
52	15
53	12
55	13
56	2
57	13
60	7
61	10
62	8
64	10
65	15
70	3
74	9
75	5
77	11
78	10
79	5
82	1
83	1
84	14
90	12
91	2
92	15
94	12
96	11
100	13
Market 70
4	14
5	13
6	3
11	2
13	11
20	13
22	3
24	14
27	12
29	5
34	13
36	6
38	6
42	9
45	3
51	12
52	13
55	15
56	2
59	11
60	9
62	10
66	1
68	11
74	6
78	12
79	13
81	8
83	6
84	9
87	11
91	8
93	1
96	13
97	10
100	2
Market 12
1	8
4	8
5	2
11	13
13	3
15	6
19	14
20	15
27	13
29	10
32	1
33	12
35	4
36	1
38	12
42	10
45	4
47	1
51	6
52	10
53	9
55	11
56	9
58	6
59	15
60	9
62	12
65	4
67	11
68	5
70	14
74	5
77	14
78	2
79	9
83	15
84	13
86	12
87	6
91	12
93	13
94	12
96	7
97	11
100	15
Market 153
2	7
3	1
4	7
5	9
6	1
7	6
9	9
11	12
12	2
13	10
15	13
18	3
19	15
20	10
21	14
22	5
23	2
24	10
26	5
28	7
29	10
31	7
35	4
37	2
38	12
39	13
44	2
45	14
47	7
49	15
51	7
52	4
53	8
55	4
56	7
59	2
60	1
61	5
62	3
66	2
67	3
68	13
70	2
73	6
74	13
75	10
77	11
78	8
79	14
81	8
82	2
83	6
84	9
85	2
88	7
91	10
92	2
93	4
96	12
97	15
98	8
100	15
Market 19
1	3
2	13
4	9
5	14
6	1
7	5
8	4
11	10
13	11
15	3
18	14
19	8
20	1
22	13
24	1
27	1
29	11
33	6
36	1
38	14
42	3
44	10
45	6
47	8
51	4
52	14
53	15
55	8
59	6
60	10
62	7
65	4
66	1
67	8
68	12
70	5
74	6
77	9
78	2
79	14
81	4
83	15
84	7
87	4
91	11
92	5
93	14
95	11
96	6
97	14
100	9
Market 9
1	14
4	11
5	2
7	15
11	11
15	1
18	2
19	14
20	10
22	11
24	5
27	9
29	11
32	11
36	6
38	10
41	14
44	10
47	4
50	6
51	4
52	10
53	4
55	3
57	1
60	2
62	4
65	10
67	2
74	1
75	3
77	15
78	7
79	10
82	2
83	6
84	4
91	11
92	11
95	4
97	12
100	15
Market 164
3	9
4	8
5	15
7	5
10	1
11	9
13	4
14	5
15	1
18	2
19	8
20	3
22	3
23	14
26	15
27	15
28	3
29	11
35	6
36	11
38	12
40	9
43	1
44	8
46	3
48	7
51	8
52	14
53	3
55	7
56	8
59	11
60	2
61	12
62	8
63	5
66	14
67	5
70	4
73	14
74	9
75	3
77	2
78	1
79	2
82	3
83	9
84	15
85	6
89	11
91	5
92	12
94	8
96	10
97	10
Market 65
3	8
4	2
5	15
7	12
9	10
11	8
13	7
18	3
19	4
20	8
21	7
22	11
23	6
26	15
28	11
29	11
31	14
35	3
36	13
37	14
44	3
45	11
47	3
49	3
51	6
52	4
53	9
55	15
56	4
57	2
59	11
61	11
62	15
63	7
67	13
68	6
74	1
75	10
77	15
78	15
79	14
82	4
83	5
84	13
85	8
88	10
91	14
92	4
94	6
96	8
97	4
98	8
Market 162(F)
2	1
3	3
4	3
5	1
6	1
7	2
11	15
13	5
16	12
17	8
18	8
20	6
22	7
24	5
25	13
27	12
29	9
32	4
36	1
38	15
42	10
44	2
48	3
52	14
56	10
60	11
61	14
62	3
66	2
67	5
70	15
72	4
74	3
77	4
78	4
79	4
81	10
82	4
83	6
84	13
85	14
91	7
92	13
96	5
97	3
100	2
Market 129
2	2
4	2
5	10
7	1
8	5
11	11
13	14
15	2
18	13
20	2
22	14
24	11
27	9
29	1
32	12
36	3
38	2
42	6
45	1
47	13
51	7
52	1
53	10
56	9
58	10
60	3
62	3
65	2
67	2
70	13
74	13
77	8
78	7
79	6
83	10
84	3
86	12
91	5
93	12
97	9
100	7
Market 123
4	8
5	4
7	10
10	13
11	12
13	14
15	9
18	12
19	14
20	1
23	5
24	6
27	5
28	7
29	9
36	6
38	11
40	3
42	3
46	7
47	6
50	5
51	9
52	10
53	7
55	11
57	4
60	8
62	5
63	8
65	1
70	10
74	2
75	13
77	1
78	3
79	14
82	12
84	7
85	14
89	12
91	4
92	11
94	8
98	13
100	8
Market 113
2	10
6	1
7	2
9	8
11	8
15	6
17	1
18	1
19	3
20	15
22	5
23	9
24	11
25	1
29	15
35	14
39	1
42	15
43	11
45	9
47	15
51	7
52	10
56	4
59	14
60	4
62	8
63	8
65	1
66	5
68	1
75	6
77	2
78	9
79	2
81	1
82	8
83	4
84	6
85	3
88	10
91	13
93	7
94	11
98	15
100	4
Market 150(F)
2	14
4	6
6	8
7	14
8	2
9	9
11	2
13	9
15	1
17	9
18	2
19	15
20	9
22	1
23	13
25	7
27	9
28	11
29	15
32	4
36	15
38	6
39	1
40	15
46	8
47	11
52	1
53	14
55	2
56	9
58	11
59	11
60	3
61	15
62	4
63	13
66	3
67	6
68	4
70	1
74	11
75	11
77	3
78	14
79	4
81	7
84	10
86	3
88	9
89	1
91	13
93	13
94	10
96	4
97	12
98	11
Market 87
1	3
3	10
5	15
7	12
10	2
11	14
12	9
13	4
15	12
18	5
19	1
20	1
21	5
23	8
24	11
26	14
28	6
29	4
35	4
36	6
37	5
39	8
40	12
44	6
47	14
49	11
51	15
52	12
53	6
55	9
56	11
57	14
59	2
60	6
61	15
63	12
64	13
67	10
70	4
73	15
77	7
78	7
79	7
82	4
83	4
84	1
85	1
88	2
90	3
91	7
92	3
94	10
96	14
98	15
100	8
Market 186
1	1
5	8
7	13
10	1
11	1
13	8
14	6
15	9
19	14
20	1
22	11
23	1
26	10
28	11
29	9
35	14
36	9
40	4
43	7
44	5
45	3
47	3
48	4
51	5
52	7
55	15
56	5
59	6
60	10
61	8
62	11
66	2
67	9
69	11
70	12
74	12
78	12
79	1
82	7
84	14
85	15
88	10
90	6
91	14
94	10
96	12
100	6
Market 175
3	11
5	4
7	10
9	10
12	4
13	15
18	13
19	12
20	11
21	5
23	15
26	12
28	13
29	15
30	6
31	4
35	14
36	3
39	5
44	6
45	8
49	5
51	14
52	13
53	7
55	14
56	8
59	10
61	3
62	5
67	3
68	11
73	8
78	15
79	8
82	12
83	6
84	1
85	1
88	14
92	12
93	7
96	15
98	7
Market 174(F)
4	5
5	14
7	13
8	11
10	14
13	8
18	7
19	8
20	10
23	13
24	8
27	12
29	8
32	1
35	7
40	6
44	8
45	1
46	11
50	10
51	11
52	14
53	13
55	4
57	7
60	11
61	14
62	13
63	11
67	7
70	8
75	13
78	3
79	4
83	6
84	5
85	6
86	13
90	2
92	7
93	5
94	7
97	11
100	1
Market 109
3	7
7	5
9	1
11	5
12	5
13	14
18	6
19	15
20	15
21	12
22	14
23	12
26	14
28	14
29	11
31	9
36	14
37	1
39	14
44	15
45	11
47	2
51	2
52	3
53	14
56	6
59	9
61	5
62	1
66	1
68	9
70	5
73	2
75	6
77	6
78	10
82	8
83	9
85	10
88	12
91	11
92	9
93	10
94	14
96	11
97	8
98	3
Market 155
2	10
4	7
5	12
6	6
10	9
11	11
13	3
15	11
18	10
19	15
20	6
22	5
23	12
24	13
27	13
28	15
29	4
32	11
35	13
36	14
38	1
40	2
42	7
44	3
46	13
47	9
51	12
52	5
53	12
55	15
56	1
57	9
62	13
63	5
67	10
70	4
74	9
75	12
77	9
78	14
79	13
81	5
83	14
84	10
86	8
89	13
91	5
92	6
94	7
98	14
100	2
Market 152
5	6
10	4
13	10
15	10
18	2
19	15
20	12
22	1
23	1
27	15
29	7
32	11
35	7
38	8
40	13
44	3
50	6
51	1
53	5
55	10
57	5
60	13
62	15
63	5
67	8
70	6
74	3
75	15
78	15
82	5
86	7
90	13
94	15
97	4
100	15
Market 39(F)
1	3
3	1
4	12
5	12
7	5
9	12
10	13
12	7
13	1
15	15
18	14
19	7
20	1
21	1
22	11
23	2
26	15
27	6
28	7
29	2
31	10
32	1
34	7
35	8
37	14
38	9
39	2
40	2
45	2
47	14
49	8
51	15
53	8
55	9
56	2
58	13
59	6
61	12
62	3
63	13
67	1
68	6
70	5
73	7
74	7
75	6
78	7
79	7
82	12
83	10
84	9
85	3
86	12
87	14
90	3
92	2
93	10
94	3
97	10
100	15
Market 134(F)
1	13
3	6
5	8
7	6
10	10
11	12
12	14
13	11
15	2
18	11
19	4
22	11
24	3
26	13
29	3
31	6
35	5
36	14
37	6
40	1
44	5
47	3
49	15
52	3
53	15
55	9
60	15
62	15
64	14
67	5
70	1
74	9
75	10
79	6
82	6
84	3
85	11
90	12
91	1
92	9
94	4
96	14
97	11
100	6
Market 126(F)
1	4
2	7
4	11
5	10
7	1
11	3
13	2
15	1
18	4
20	4
22	10
24	1
27	6
29	1
32	15
36	12
38	5
41	1
42	8
44	14
47	5
50	6
51	12
52	12
53	2
55	8
56	11
57	2
60	3
61	15
62	6
65	3
67	13
77	3
78	3
79	5
81	12
82	13
84	9
85	7
91	2
92	11
95	10
96	3
97	12
100	1
Market 84(F)
3	5
5	1
7	14
9	9
11	6
13	9
17	13
18	11
19	6
25	5
28	1
29	12
35	4
36	6
39	10
42	11
44	11
45	13
47	6
51	8
52	10
53	6
55	10
56	6
59	1
61	2
62	10
66	15
67	1
70	10
71	3
75	14
77	8
78	14
79	2
81	11
83	11
84	8
85	5
92	6
93	13
96	7
98	12
Market 59
2	8
4	2
5	9
7	5
8	3
10	15
11	11
13	10
15	2
17	8
19	2
20	14
22	1
23	6
25	10
32	2
35	14
36	10
38	7
42	8
44	7
45	10
47	11
52	5
53	9
55	4
56	4
57	10
58	8
63	14
66	14
67	9
70	14
74	3
75	15
77	6
78	2
79	8
83	11
85	6
86	5
91	7
92	10
93	7
94	9
96	4
97	11
100	6
Market 74
2	12
4	1
5	4
6	7
7	3
8	7
10	10
11	3
13	14
15	11
17	10
18	6
19	4
20	15
22	7
24	15
27	5
35	12
36	6
38	2
40	1
42	8
44	10
46	13
47	15
50	8
51	14
52	15
53	6
55	4
56	5
58	6
60	13
61	14
62	5
63	8
66	4
67	7
70	1
74	6
75	14
77	11
78	5
79	15
81	5
83	15
84	14
86	3
89	14
91	2
93	2
94	8
96	10
99	2
Market 88
3	5
4	10
5	1
7	7
8	8
17	4
18	11
19	6
20	7
22	11
25	5
27	15
33	2
35	5
36	9
38	9
43	8
45	10
48	1
51	13
52	4
53	4
55	1
56	6
59	9
61	9
62	4
66	4
68	5
70	9
72	6
74	4
75	1
77	7
78	14
79	15
82	7
83	13
84	12
85	6
87	6
91	15
93	12
94	7
96	9
Market 90
1	12
3	7
5	12
7	13
10	3
12	2
13	1
15	13
18	7
20	3
21	13
22	7
24	2
26	13
29	6
31	3
35	9
37	7
40	3
44	14
47	2
50	6
51	3
52	14
53	10
55	7
57	5
60	3
61	2
64	14
67	13
70	9
74	4
75	9
77	8
78	12
79	1
82	13
84	8
90	11
92	1
94	12
96	11
97	14
Market 115
1	7
4	12
5	7
7	15
10	15
13	12
15	9
20	15
22	10
24	8
27	1
29	8
32	1
35	5
36	8
38	2
40	10
44	3
47	4
51	12
52	1
53	5
55	14
56	10
58	15
60	9
62	8
65	10
67	2
70	12
74	3
75	9
78	7
79	7
82	5
83	5
84	9
85	6
86	3
90	7
92	13
94	11
96	14
97	14
100	8
Market 132(F)
3	7
4	1
5	10
7	15
8	5
10	1
11	10
13	2
14	3
17	5
18	11
19	5
20	1
22	12
23	8
25	7
27	10
28	4
29	5
33	8
35	6
36	4
38	1
40	1
43	10
45	10
47	5
51	3
52	14
53	15
55	15
56	1
59	7
61	13
62	7
63	12
66	7
68	11
69	13
70	3
71	2
74	11
75	2
77	6
78	15
79	4
81	8
83	2
84	14
85	1
87	9
88	13
91	14
93	3
94	10
97	11
98	9
Market 158
2	6
4	10
6	11
7	11
8	15
13	7
15	2
18	1
19	10
20	8
24	7
27	9
29	5
33	7
36	4
38	12
42	6
44	1
45	6
51	13
52	14
53	14
56	12
57	11
59	2
60	14
62	14
66	10
67	3
68	6
70	7
74	10
77	13
78	8
81	12
82	15
83	8
84	9
85	4
87	14
91	4
92	13
93	6
96	10
97	7
100	9
Market 46
1	9
4	7
5	7
7	10
10	15
12	2
13	7
18	6
19	1
20	14
23	8
24	13
26	2
27	10
28	3
29	11
31	5
35	12
37	15
38	2
40	3
44	5
47	11
50	3
51	11
52	3
55	6
56	8
57	14
60	9
61	8
62	3
65	9
67	12
70	12
74	6
75	1
78	14
79	12
82	1
84	10
85	9
90	5
92	9
94	3
96	2
97	15
100	2
Market 38
2	2
3	2
5	9
9	11
13	2
15	13
18	1
19	13
20	2
22	5
23	12
24	14
27	2
28	4
29	12
32	14
35	3
36	13
38	7
43	1
44	13
45	13
47	9
48	3
50	13
52	11
53	12
55	2
56	8
57	3
59	4
60	10
61	11
65	5
67	14
68	7
70	7
74	13
75	15
77	5
78	14
81	2
84	4
85	15
86	5
88	9
91	9
92	15
94	2
96	12
97	3
98	4
100	2
Market 3
3	5
4	3
10	1
11	2
13	6
15	8
18	13
19	6
20	1
22	11
23	13
26	3
28	14
29	15
30	4
35	14
36	3
40	4
42	5
43	15
46	12
47	10
48	13
51	5
53	5
55	11
59	8
61	8
62	8
63	1
66	10
67	1
70	4
73	14
75	8
77	4
78	7
79	1
82	7
84	14
85	12
89	9
92	15
94	1
96	10
97	3
98	2
Market 15
3	12
4	1
5	9
7	5
8	8
11	3
13	3
17	2
18	3
19	7
20	12
22	2
25	6
27	10
28	11
29	2
32	2
33	5
35	10
36	7
38	4
43	2
45	5
47	3
51	6
52	10
53	11
55	12
56	1
58	3
59	1
61	13
62	9
66	13
67	7
70	4
71	9
74	14
75	14
77	9
78	7
79	5
81	13
83	4
85	10
86	12
87	7
91	8
93	12
96	14
97	7
98	8
Market 43
1	11
3	6
5	12
7	15
9	15
10	9
12	12
13	15
14	11
15	12
18	1
19	7
20	4
23	2
24	13
26	2
28	6
29	5
31	9
35	2
37	13
39	6
40	5
44	14
45	5
47	10
49	15
51	6
52	10
53	13
55	10
57	13
59	4
61	5
62	4
63	10
65	10
70	3
74	12
75	4
78	2
79	5
82	4
83	15
84	2
85	8
88	14
92	15
93	2
94	4
98	9
Market 16
2	3
4	3
5	4
6	15
7	10
11	12
13	8
15	6
18	4
19	9
20	7
22	4
24	3
27	10
29	2
32	12
36	6
38	1
42	4
44	10
47	8
50	4
51	14
56	1
57	14
60	8
62	14
65	7
67	3
70	2
74	8
75	13
77	13
78	2
79	6
81	5
83	15
84	15
86	2
91	9
92	1
94	4
96	11
97	6
100	10
Market 47
3	7
4	6
5	14
7	8
10	1
11	3
13	1
14	5
15	7
18	10
19	3
20	11
22	3
23	10
26	13
27	4
28	7
29	1
32	7
35	13
38	14
40	11
43	10
44	10
45	9
48	1
50	9
51	5
52	7
53	11
55	8
56	13
59	2
61	8
62	6
63	3
66	15
67	14
69	7
70	14
73	5
74	11
75	6
77	9
78	14
79	2
82	9
85	10
89	6
91	11
92	8
94	5
97	4
98	4
100	13
Market 44
3	14
4	11
5	3
7	10
9	6
11	5
17	4
18	13
19	13
22	1
25	7
27	4
29	10
32	8
34	12
36	8
38	6
43	9
44	8
45	1
48	1
50	10
51	11
52	5
53	1
54	8
55	4
57	1
59	4
61	3
62	2
66	8
68	3
70	8
72	9
74	11
77	9
78	11
79	4
82	15
83	10
84	11
85	2
86	6
87	2
92	10
93	3
96	5
97	4
Market 180(F)
2	13
3	10
4	1
5	12
6	9
8	12
11	13
13	7
15	9
18	13
19	12
20	10
22	5
24	4
26	8
29	7
30	1
33	15
35	8
36	1
42	3
44	12
45	5
47	10
49	14
51	5
52	1
53	2
59	1
60	10
61	6
62	12
65	5
67	9
68	15
73	13
74	8
77	4
78	14
79	11
81	14
82	7
83	1
84	4
85	15
87	11
91	7
92	6
93	13
97	12
Market 58(F)
3	2
5	10
7	7
9	9
12	7
13	6
18	14
19	2
21	7
23	11
26	12
28	12
29	14
30	6
39	5
44	11
45	7
49	4
51	2
53	6
55	2
56	6
61	14
62	14
67	12
68	1
73	2
75	1
78	3
79	14
82	1
83	14
84	5
85	11
88	9
92	15
93	4
96	15
98	2
Market 105
1	12
3	3
5	15
7	7
10	2
11	5
12	12
13	1
15	2
18	7
19	5
20	2
21	1
22	13
23	11
24	13
26	8
29	12
31	14
35	14
40	4
41	3
44	1
46	6
47	1
49	8
51	1
52	11
53	7
56	3
60	8
61	1
62	3
63	15
65	4
67	4
70	8
73	6
75	6
77	11
78	4
79	10
82	4
84	12
85	4
90	10
91	12
92	14
96	7
100	14
Market 92(F)
1	3
2	15
3	9
4	11
5	4
6	13
7	14
9	11
11	7
12	3
13	6
15	8
16	8
18	14
19	11
20	11
22	9
26	12
29	13
34	7
35	13
36	9
38	2
40	10
42	2
44	13
45	14
47	9
49	5
51	10
52	12
53	7
54	8
55	6
56	15
59	9
60	2
61	3
64	13
66	4
67	14
70	13
73	4
74	5
77	3
78	4
79	12
81	15
82	12
83	5
84	10
85	11
90	13
91	7
92	10
93	15
94	7
96	15
97	11
100	5
Market 41
2	13
3	3
4	10
6	13
7	6
11	1
15	8
18	5
20	1
22	8
24	11
29	4
32	11
33	7
36	10
38	12
42	12
45	11
47	1
50	11
51	14
52	4
53	2
55	7
56	8
60	1
61	11
62	5
65	13
67	12
68	12
70	7
74	4
77	9
79	8
81	10
82	6
83	9
84	1
87	6
91	9
92	8
96	14
97	12
100	8
Market 7
3	13
4	15
5	8
7	3
9	4
11	13
13	13
18	3
19	2
20	7
22	9
26	7
27	14
28	6
29	7
30	5
34	1
36	12
39	13
44	5
47	7
49	1
51	13
52	4
53	10
55	9
56	2
59	4
61	3
62	10
67	3
73	12
74	7
75	14
77	15
79	3
82	15
83	12
84	14
87	10
92	11
93	10
96	12
97	9
98	4
Market 151
1	5
5	4
7	12
8	5
13	7
18	8
19	8
22	13
24	3
27	4
29	12
32	7
36	5
38	11
42	14
47	10
51	7
52	3
53	12
56	7
58	13
65	6
67	15
70	10
74	5
77	2
79	7
83	11
84	1
86	1
91	5
93	6
95	8
96	7
97	7
100	1
Market 86(F)
1	10
3	11
5	11
7	15
10	4
11	1
13	2
15	5
17	5
18	3
19	10
20	7
22	3
23	10
26	14
27	4
29	13
32	4
35	4
36	9
38	3
43	11
44	4
47	11
48	11
50	11
51	2
52	12
53	14
55	10
56	12
57	4
60	8
62	13
64	4
66	10
67	10
72	7
74	9
78	12
79	7
82	15
83	6
84	10
85	1
86	14
91	15
92	1
93	10
96	7
97	11
100	10
Market 76(F)
3	8
10	3
11	5
13	7
15	4
18	8
19	8
20	15
22	13
23	9
26	5
28	14
29	13
30	12
35	12
36	7
40	10
44	3
45	6
46	3
49	4
51	5
52	6
53	11
55	5
56	2
60	8
61	3
62	7
63	1
67	9
70	3
73	9
77	14
78	14
79	13
82	7
84	8
85	2
89	11
92	10
94	7
96	15
98	12
Market 100
1	12
4	4
5	14
7	12
8	13
11	8
13	5
15	11
18	14
20	3
24	15
27	12
29	4
32	7
36	13
38	2
41	2
44	2
45	11
47	12
50	14
51	7
52	3
53	15
55	15
60	9
62	15
65	14
67	7
74	6
77	5
78	4
79	2
83	6
86	13
91	6
92	8
93	1
95	15
97	3
Market 89
2	1
4	11
5	2
6	12
10	8
11	7
13	9
15	6
18	13
19	1
20	11
23	11
24	2
27	4
28	8
29	13
32	5
35	12
36	9
38	12
40	14
44	3
46	12
47	4
50	15
51	11
52	10
53	13
55	9
56	3
57	11
59	10
60	11
61	5
62	11
63	4
66	11
70	13
74	2
75	9
77	9
78	9
81	12
82	11
84	13
85	5
86	5
89	2
91	2
92	9
94	13
96	7
97	9
100	1
Market 125(F)
2	1
4	12
5	11
6	5
7	3
10	2
11	5
13	2
17	8
18	15
22	2
25	2
27	14
32	1
35	8
36	10
38	5
40	11
42	15
44	7
47	2
50	1
51	2
52	15
53	6
55	15
56	6
57	14
58	5
62	9
66	8
70	2
77	2
78	12
79	13
81	8
82	1
84	14
85	8
86	12
91	10
92	7
94	15
96	4
97	14
Market 185(F)
1	15
3	3
5	3
7	12
10	12
12	1
15	15
18	7
20	3
22	11
24	11
26	9
29	14
31	1
35	12
37	7
40	3
44	1
47	14
50	1
52	15
53	3
55	8
57	2
60	4
61	11
62	13
65	11
67	14
70	3
74	1
75	10
78	1
79	9
82	13
83	10
90	3
92	3
94	13
97	15
100	10
Market 172(F)
2	2
4	12
5	11
6	11
7	11
9	11
11	9
13	6
17	12
18	5
19	1
22	14
25	15
28	11
29	6
34	11
36	13
42	1
45	3
47	9
51	2
52	4
56	5
59	9
61	1
62	12
66	14
68	11
70	10
75	15
77	5
78	14
79	7
81	5
83	9
84	11
88	3
91	13
93	1
96	9
97	15
98	4
Market 62
1	12
3	11
4	5
7	4
9	5
11	1
13	2
15	14
17	5
18	12
19	9
20	11
22	8
23	8
24	8
25	10
27	9
28	9
29	7
32	10
35	4
36	6
38	6
41	8
43	15
44	5
45	13
48	12
50	15
51	15
53	14
55	7
56	13
57	2
59	9
61	7
62	14
63	9
65	14
66	10
67	12
68	3
70	13
71	5
74	6
75	3
77	10
78	14
79	12
81	11
83	6
84	11
85	13
86	6
88	6
91	12
94	1
95	15
97	1
100	4
Market 159
1	1
2	14
4	9
5	4
7	13
9	13
10	5
11	14
13	11
15	8
18	1
19	14
20	14
22	10
23	11
24	15
27	1
28	12
29	4
32	1
35	11
36	8
38	15
39	12
40	12
42	1
44	15
45	13
47	11
50	1
52	10
53	2
55	4
57	14
59	6
60	6
61	3
62	9
63	5
64	1
67	15
68	5
74	1
75	8
77	10
78	1
79	5
81	11
83	8
84	11
88	15
90	6
91	1
92	6
94	8
96	2
97	14
98	13
100	14
Market 73
3	11
4	11
7	1
9	6
11	9
12	15
18	2
19	10
22	1
27	3
28	1
29	9
31	4
32	5
34	4
36	15
43	2
48	9
50	8
51	14
52	13
53	15
55	8
56	11
59	13
61	4
62	6
66	5
67	4
68	9
70	1
73	6
74	7
75	8
77	3
78	7
79	15
82	9
83	1
84	12
85	11
87	12
93	7
96	15
97	15
Market 147
2	2
4	12
6	3
8	7
11	8
13	5
17	15
18	15
20	5
22	1
25	8
27	2
29	3
32	12
36	2
38	13
42	2
44	4
45	6
47	4
51	5
52	6
53	6
55	13
56	2
58	14
61	15
62	10
66	14
67	8
70	2
74	1
77	9
78	9
79	4
81	15
83	6
84	10
86	12
91	14
93	2
96	2
97	10
Market 178(F)
3	4
5	14
7	10
9	9
10	7
11	10
12	8
13	5
18	7
19	9
21	5
23	15
26	7
28	3
29	4
31	13
36	1
37	3
39	11
40	12
44	12
45	4
47	3
49	1
51	7
53	6
55	4
56	8
59	11
60	15
61	5
63	11
67	1
68	8
70	3
73	2
75	5
77	9
78	1
79	1
82	5
83	15
84	5
85	6
90	3
92	6
94	8
96	6
100	10
Market 121
2	5
5	2
6	7
9	5
11	5
13	6
18	7
19	14
20	2
22	11
28	11
29	8
34	14
36	13
39	1
42	8
45	8
47	11
51	11
52	11
53	12
55	3
56	12
59	6
60	12
61	7
62	12
66	4
67	6
68	12
70	15
74	7
75	1
77	11
78	11
79	15
81	9
83	13
84	6
91	15
93	5
96	2
97	14
Market 131(F)
2	1
3	5
5	15
7	2
9	5
11	13
12	10
17	15
18	7
19	10
20	3
21	14
22	10
23	2
24	11
26	4
28	4
29	5
31	15
35	9
36	6
37	9
39	9
42	9
44	8
45	6
47	4
49	10
51	14
52	1
53	3
56	15
59	10
61	12
62	1
66	14
67	13
68	11
70	8
73	3
74	11
75	3
77	3
78	4
79	11
81	14
82	15
83	11
84	9
85	13
88	5
91	5
92	11
94	15
96	14
97	8
98	2
100	5
Market 28
4	14
5	4
7	3
9	10
10	4
13	6
15	7
18	1
19	4
20	9
22	1
23	3
27	13
28	13
32	14
35	9
37	3
38	4
39	12
40	6
44	4
45	3
46	14
50	4
51	13
53	8
55	11
57	3
59	10
60	1
62	11
63	1
67	3
68	1
70	2
74	2
75	13
78	8
79	11
82	4
84	4
85	2
88	5
89	4
92	13
94	13
96	14
97	14
98	2
Market 191
2	11
4	9
5	4
6	4
8	10
11	9
13	7
17	3
18	6
20	13
22	14
24	5
27	1
29	10
32	11
35	3
36	6
38	1
42	1
44	12
47	2
50	3
52	3
53	9
55	6
56	13
58	1
61	7
62	1
66	5
67	8
70	13
74	12
77	1
78	12
79	3
81	4
83	11
84	10
86	4
91	6
93	10
96	12
97	15
Market 22
3	11
4	8
5	1
9	7
11	12
13	4
17	15
18	13
20	6
22	7
25	9
27	11
29	1
34	15
36	4
38	9
43	10
45	8
48	5
51	7
52	12
55	5
56	11
62	9
67	8
68	15
70	15
72	14
74	10
77	11
78	14
79	10
82	1
83	5
84	9
85	3
87	7
91	9
93	7
96	14
97	10
Market 179
1	13
3	10
4	15
7	7
9	8
10	2
11	14
13	11
15	6
17	12
18	11
19	6
20	5
23	6
24	7
25	7
27	11
28	11
29	11
32	3
35	5
36	4
39	15
44	4
47	14
48	8
50	11
51	7
52	10
53	2
55	14
57	9
59	7
60	6
61	4
62	10
66	8
67	10
68	14
71	6
74	7
75	5
78	7
79	7
81	13
84	2
85	4
88	5
90	11
91	12
92	2
94	5
96	14
97	7
98	13
100	12
Market 124(F)
3	2
4	3
5	7
7	2
9	1
12	15
13	11
18	14
19	1
20	13
22	9
26	7
28	13
29	9
30	6
34	3
36	6
39	12
44	14
45	6
52	9
55	11
56	13
59	8
61	8
62	7
67	9
68	2
73	3
74	3
75	6
77	8
79	11
83	8
85	15
88	9
92	8
93	8
96	5
98	15
Market 11
2	5
5	11
7	5
9	5
10	4
11	11
13	12
15	10
17	9
18	1
19	11
20	4
22	14
23	11
24	11
25	9
28	2
29	4
35	8
36	6
39	9
40	15
42	10
45	3
52	8
55	5
56	15
59	2
60	7
61	3
62	10
66	10
68	11
70	12
75	8
77	5
78	15
79	9
81	5
82	7
84	3
85	8
90	7
91	7
93	7
94	15
96	15
98	7
100	8
Market 27
1	7
4	6
5	4
8	13
11	12
13	1
15	9
18	14
20	15
22	3
24	10
27	15
29	7
32	13
36	2
38	2
41	11
44	10
47	10
50	13
52	5
53	6
55	11
58	11
60	1
62	8
65	4
67	14
70	15
77	3
78	12
79	4
83	8
84	15
86	8
91	2
93	1
94	11
97	3
100	5
Market 95
3	2
4	9
5	8
7	10
9	5
18	10
19	6
20	5
22	13
26	6
28	4
29	15
30	1
34	15
39	4
43	15
45	9
48	7
51	14
52	11
55	4
59	10
61	6
62	10
66	4
68	7
70	10
73	4
74	10
77	12
79	11
82	5
83	4
91	12
96	7
Market 198
2	12
4	2
7	1
8	6
11	3
13	15
17	4
18	4
19	3
20	12
22	1
25	12
27	9
35	1
36	7
38	14
42	2
45	9
47	15
50	1
52	1
53	7
55	13
56	7
58	14
61	2
62	15
63	10
66	14
70	5
75	10
77	9
78	5
81	14
83	3
86	5
91	8
93	5
94	4
96	3
97	1
Market 136
2	11
4	7
6	6
7	6
8	14
11	14
13	10
15	9
17	8
19	10
20	13
22	5
24	7
27	14
29	6
33	11
34	13
36	3
42	14
45	10
47	3
51	9
52	5
55	9
56	11
59	7
60	15
62	2
66	6
68	1
70	11
74	5
77	7
78	9
81	4
83	12
84	8
87	6
91	6
93	13
96	10
97	13
100	3
Market 112
1	1
3	5
5	5
7	8
10	14
12	5
13	1
15	14
18	4
19	10
21	3
23	6
24	6
26	3
29	14
31	4
35	1
37	11
40	6
44	14
47	9
49	5
51	2
52	3
55	7
57	10
60	14
61	15
62	7
63	7
64	14
67	15
70	14
74	2
75	12
78	11
79	7
82	1
83	8
84	9
85	15
90	7
92	9
96	6
100	4
Market 20
1	13
4	7
5	14
7	6
9	11
10	14
11	10
13	11
15	8
18	15
19	3
20	12
22	1
27	6
32	3
35	14
36	3
38	14
40	4
44	14
45	14
47	10
50	1
51	6
52	1
53	10
55	1
56	5
57	12
59	14
60	10
62	12
64	7
67	1
68	8
70	15
74	14
75	3
77	9
78	10
79	7
83	13
84	6
86	14
87	10
90	6
91	13
92	2
93	13
94	1
96	14
97	12
100	1
Market 165
2	14
4	9
5	14
6	5
9	8
17	1
19	2
20	2
22	1
24	3
29	3
34	1
36	14
39	8
42	14
45	12
47	8
51	12
52	8
56	1
59	9
61	6
62	1
66	3
68	4
70	14
74	4
75	6
77	13
79	15
81	5
83	11
84	10
87	5
91	3
93	10
96	1
97	14
98	5
Market 168
1	12
3	1
4	15
5	3
7	15
9	1
11	11
13	4
15	10
18	11
19	4
20	2
22	9
23	4
26	4
27	11
28	12
29	1
30	3
34	9
35	13
36	1
39	8
40	7
43	1
44	7
45	7
47	8
48	3
50	6
51	3
52	1
53	12
55	4
56	9
59	4
60	10
61	11
62	1
64	11
66	4
67	1
68	10
70	2
73	8
74	1
75	1
77	3
78	8
79	12
82	6
83	15
84	15
85	10
87	6
90	2
92	2
93	13
94	7
96	11
100	10
Market 57
4	12
5	1
7	13
11	2
13	15
15	12
18	1
19	14
20	6
22	12
23	1
27	12
29	14
32	10
35	9
36	10
38	4
40	13
44	14
46	13
47	13
50	10
51	10
52	10
53	11
55	7
56	15
57	4
58	7
60	12
62	4
63	3
67	6
70	6
74	1
75	12
77	4
78	10
79	13
82	7
83	14
84	5
86	5
90	10
91	6
92	5
94	14
96	4
100	12
Market 79
3	13
4	10
7	11
10	10
13	12
15	14
18	6
19	8
22	2
23	10
26	5
27	13
29	9
32	9
35	14
36	12
40	2
44	12
46	14
50	5
51	4
52	5
53	10
55	2
57	9
60	5
61	5
62	8
63	13
67	3
70	14
74	5
78	7
79	1
82	4
84	7
85	15
90	11
92	11
94	1
96	6
97	5
100	2
Market 196
4	14
5	4
7	9
10	14
13	2
15	14
18	1
22	2
23	8
29	10
32	1
35	9
37	11
38	14
40	7
46	4
50	2
51	7
53	10
55	9
57	2
60	6
61	13
62	2
67	5
70	15
74	1
75	10
78	15
79	15
82	14
83	2
84	3
85	3
90	13
92	2
94	12
97	2
100	14
Market 53
1	10
4	6
5	1
7	2
11	12
13	13
15	15
18	7
20	11
22	7
24	7
27	5
29	7
32	13
36	15
38	5
41	13
44	5
47	2
50	5
52	2
53	9
55	1
57	6
60	9
62	1
65	1
67	12
70	1
74	12
77	6
78	14
79	14
82	6
84	1
91	12
92	5
95	14
97	4
Market 5
1	2
3	9
4	3
5	10
7	12
8	11
11	10
13	9
15	9
18	7
20	2
22	9
24	1
26	6
27	14
29	3
30	12
32	14
36	14
38	10
41	4
43	9
44	12
47	1
48	4
50	5
52	12
55	4
56	9
58	11
60	3
62	3
66	11
67	4
74	6
78	8
79	6
82	1
83	13
84	5
93	13
94	5
97	1
100	7
Market 56
1	9
4	15
5	7
8	3
10	3
11	11
13	15
14	15
18	1
19	11
20	5
22	2
23	12
27	9
28	8
29	9
32	12
35	5
36	2
38	9
40	13
47	9
51	15
53	11
55	6
58	2
59	4
60	5
63	3
65	2
67	3
70	11
74	15
75	10
77	7
78	8
79	2
83	10
84	8
86	12
89	1
91	3
93	13
94	3
95	13
97	10
98	9
100	2
Market 63
2	8
3	9
4	3
6	5
7	7
8	13
11	15
13	2
15	3
19	4
20	6
24	3
25	14
27	5
29	7
33	8
36	10
38	4
42	11
43	13
45	4
47	6
48	2
51	3
52	7
53	15
55	14
56	15
59	2
60	2
61	8
62	9
65	4
66	11
68	15
70	11
71	2
77	7
78	11
79	11
81	2
83	14
84	6
85	9
87	14
91	3
93	6
96	14
97	13
100	13
Market 144
1	10
2	11
4	2
5	14
7	6
11	4
13	14
15	8
17	7
18	6
22	12
24	15
25	15
27	7
32	3
36	9
38	1
41	13
42	2
44	6
47	15
52	7
55	9
56	10
60	4
65	3
66	12
67	6
70	5
74	15
77	8
78	15
81	4
83	7
85	3
86	10
93	11
94	14
96	2
100	13
Market 37
2	14
4	3
5	10
6	4
8	3
11	4
13	15
15	11
17	6
18	7
19	13
20	2
22	11
24	10
25	14
27	8
29	1
32	4
36	2
38	3
42	14
45	14
47	5
51	10
53	4
56	3
58	9
61	3
62	3
65	2
66	1
70	9
77	4
78	11
81	6
83	12
84	14
85	10
86	15
91	3
96	6
97	10
100	14
Market 40
3	1
5	11
9	8
11	11
15	11
17	14
19	2
20	15
23	2
25	9
27	12
28	14
29	6
35	6
36	13
38	9
39	8
43	8
45	2
48	4
51	12
52	10
55	7
56	3
60	7
61	10
62	1
66	4
68	9
70	6
74	1
75	6
78	14
79	14
81	12
85	12
88	1
91	5
94	14
96	10
98	1
Market 103
2	11
6	9
8	4
11	10
17	9
18	9
20	9
22	13
24	6
25	6
27	9
29	2
32	9
36	10
38	2
42	13
45	1
51	10
52	2
53	1
55	12
56	2
58	14
60	6
61	5
62	3
66	3
67	10
70	14
74	8
77	10
78	11
79	10
83	1
84	3
86	11
93	10
96	6
97	11
100	12
Market 163
1	8
4	3
5	1
7	9
8	13
10	7
12	7
13	3
15	10
18	14
19	2
20	6
22	8
24	7
27	15
29	7
31	9
32	14
35	7
38	7
40	10
44	12
47	8
50	3
52	14
53	13
55	7
57	11
58	2
60	2
61	11
62	11
64	1
65	14
67	14
70	11
74	15
75	4
78	8
79	4
82	7
83	11
84	5
86	6
90	5
92	15
94	8
97	9
100	13
Market 133
2	5
4	8
6	12
7	5
11	1
13	4
15	5
17	5
20	12
22	14
24	10
25	11
27	10
29	2
32	10
38	9
42	11
44	9
47	1
50	6
51	3
52	6
53	1
56	10
57	13
60	6
61	9
62	9
65	5
66	5
67	3
70	4
74	14
77	10
78	5
81	11
83	1
84	8
86	10
91	13
92	13
96	4
97	15
100	9
Market 194
2	11
5	9
6	1
7	4
9	10
11	2
13	13
15	5
17	13
18	3
19	7
20	11
22	15
24	5
25	6
29	15
34	6
36	4
39	10
42	5
45	7
47	11
51	5
52	8
53	10
55	10
56	6
59	10
60	8
61	9
62	7
65	10
68	6
70	8
75	4
77	4
78	1
79	6
81	7
83	13
84	3
87	6
91	3
93	13
96	9
98	14
100	6
Market 154
2	5
4	4
7	7
8	15
11	13
13	10
15	9
17	6
19	12
20	13
22	7
25	6
27	2
29	11
32	12
36	2
38	12
42	1
45	7
47	9
51	15
52	12
56	6
58	5
61	14
62	12
67	4
70	4
71	12
74	1
77	6
78	15
81	11
83	15
84	9
85	6
91	2
93	6
96	13
97	5
Market 18
4	1
5	15
7	10
9	10
12	4
13	13
17	14
18	8
19	1
21	10
22	11
23	9
25	6
26	3
28	2
31	11
36	10
39	5
43	15
44	2
45	6
48	11
51	1
52	5
55	15
56	7
59	13
61	10
62	4
63	5
66	14
67	8
68	8
72	3
73	13
74	9
75	5
77	7
78	1
79	14
82	3
83	10
84	1
85	10
88	3
91	6
92	1
94	7
96	8
98	6
Market 122
1	15
2	7
4	9
5	15
8	7
11	14
13	6
15	3
18	6
20	8
22	13
24	8
27	2
29	10
32	5
36	7
38	10
41	11
42	6
44	2
47	5
50	5
52	14
53	12
55	7
56	6
58	7
60	15
62	14
65	4
67	5
70	11
74	3
77	2
78	11
79	6
81	2
83	5
86	4
91	2
94	1
96	8
97	6
100	1
Market 170
1	7
4	11
5	13
7	13
11	6
15	9
18	11
19	14
20	1
22	7
24	10
27	2
29	7
32	6
36	6
38	1
41	1
44	14
50	9
51	6
52	6
53	1
55	12
56	4
60	7
62	12
65	6
67	1
70	2
74	15
77	14
78	8
79	12
82	11
83	14
84	9
85	8
86	4
91	10
92	8
95	5
96	2
97	6
100	6
Market 118
2	11
4	8
5	15
6	15
7	10
8	6
11	5
13	6
15	3
17	13
18	1
20	10
22	1
24	5
27	11
29	7
32	6
36	15
38	13
42	15
44	6
50	3
51	10
52	1
53	4
56	10
58	3
60	8
61	14
62	2
65	15
66	1
67	8
70	1
74	8
77	8
78	3
83	11
84	9
91	6
92	2
96	8
97	13
100	10
Market 169
2	1
4	8
6	2
7	5
8	5
11	11
13	7
17	10
18	11
19	5
20	10
22	8
24	2
27	13
29	3
32	2
36	15
38	10
42	12
44	7
45	15
47	3
50	15
52	12
53	11
56	11
58	5
61	4
62	1
66	7
67	8
74	14
77	1
78	4
81	13
83	2
84	9
86	14
91	7
92	11
93	6
96	7
97	8
100	2
Market 34(F)
1	6
4	1
5	7
7	15
8	9
11	1
13	8
15	15
18	10
20	10
22	12
24	6
27	15
29	14
32	13
36	5
38	13
42	7
45	8
47	3
52	14
53	14
55	1
56	3
58	2
60	6
61	9
62	10
65	4
66	9
67	10
74	1
75	14
77	10
78	6
83	5
84	7
86	8
91	12
93	1
95	9
96	8
97	14
100	3
Market 75
4	15
5	5
7	11
8	1
11	6
13	9
15	13
19	11
20	9
22	10
24	8
27	1
29	15
32	5
36	11
38	4
41	3
44	5
45	5
47	15
50	1
51	2
52	12
53	9
55	3
57	13
58	7
60	2
61	4
62	10
65	2
67	15
70	2
74	3
77	3
78	7
79	8
82	14
83	14
84	9
85	11
86	2
91	15
92	13
93	11
94	4
97	4
100	6
Market 17
1	9
3	11
4	9
7	15
8	11
10	13
12	1
13	11
15	1
18	9
19	1
20	7
21	10
22	11
23	11
26	13
27	4
31	5
32	9
33	7
35	7
37	6
38	11
40	2
44	2
45	8
49	14
50	12
51	8
52	11
53	3
55	10
57	6
58	12
59	6
60	10
61	6
62	9
64	8
67	10
70	10
73	3
74	3
75	12
78	8
79	14
82	9
83	12
84	11
85	5
86	13
87	13
90	4
92	13
93	9
94	8
96	9
97	8
100	14
Market 83
3	14
4	9
5	6
7	12
10	10
12	2
13	2
15	12
18	11
19	4
20	14
21	8
22	1
23	6
26	8
27	14
29	15
31	4
35	14
37	1
38	7
40	11
44	15
47	6
49	2
51	13
52	5
53	9
55	4
56	9
60	12
61	15
62	7
63	12
67	13
70	3
73	14
75	1
78	3
79	7
82	10
84	9
85	8
90	9
92	9
94	1
96	12
97	5
100	6
Market 120(F)
3	3
5	12
7	1
10	7
11	10
15	15
17	15
18	13
19	2
20	15
23	7
25	12
26	12
29	2
30	1
35	9
36	15
40	5
43	6
46	3
48	2
51	15
52	3
53	4
55	6
56	5
59	7
61	8
63	12
66	10
70	2
72	10
73	10
75	1
77	11
78	11
79	9
81	4
84	7
85	7
89	8
91	4
92	2
94	10
96	12
98	13
Market 193
3	8
4	9
5	5
7	11
10	5
11	13
12	8
13	13
15	1
18	2
19	5
20	11
21	3
22	8
23	11
26	4
27	15
28	2
30	2
31	7
35	14
36	5
37	4
40	15
44	4
49	8
50	11
51	7
52	10
53	14
55	12
56	14
57	3
59	4
60	1
61	2
63	9
67	3
70	6
73	14
74	11
75	10
77	12
78	13
79	1
82	13
84	12
85	13
89	3
92	11
94	14
96	6
97	6
98	4
Market 96
2	14
4	3
6	4
8	8
11	9
13	12
17	15
18	5
20	9
24	11
27	8
29	1
32	8
36	10
38	4
42	6
44	15
47	6
50	14
51	2
52	10
53	6
55	8
56	8
58	11
61	4
62	11
66	2
67	15
70	15
74	5
77	15
78	15
81	7
83	3
84	6
86	3
91	4
96	14
97	14
100	9
Market 66
3	5
4	5
8	13
11	12
13	4
18	14
19	13
20	12
25	3
27	7
29	10
34	3
36	6
38	13
43	6
45	8
48	3
51	7
52	5
53	5
55	10
56	12
59	1
61	10
62	1
66	12
68	5
72	8
74	1
77	4
79	14
82	9
83	2
84	15
85	7
87	6
93	15
97	15
Market 61
2	12
3	10
4	6
5	12
6	1
7	11
10	9
11	6
12	9
13	6
14	2
18	9
19	7
20	10
21	4
22	10
23	8
24	15
27	4
28	6
29	6
31	8
35	11
36	4
37	15
40	9
42	8
44	10
45	3
47	2
49	12
52	14
53	12
55	7
56	7
59	9
60	13
61	9
62	13
66	13
67	9
69	2
70	5
73	9
74	11
75	11
77	14
78	11
79	8
81	6
82	1
84	12
85	9
88	3
90	5
91	9
92	10
94	11
96	7
98	11
100	13
Market 21
2	15
3	13
5	10
6	8
7	12
10	5
11	11
12	14
13	2
14	2
16	11
18	12
19	12
20	6
21	9
23	7
24	14
26	4
28	9
31	11
35	2
36	7
37	10
39	3
42	11
44	2
45	12
47	9
51	14
52	11
53	3
55	10
56	5
57	5
59	2
60	10
61	10
62	4
63	12
66	5
67	3
69	8
70	3
74	3
75	4
77	11
78	11
79	2
81	8
82	1
84	13
88	1
91	9
92	12
94	10
96	8
98	3
100	4
Market 157
3	5
5	11
7	8
9	5
11	5
13	14
17	7
18	12
19	11
20	2
25	10
28	7
29	12
35	11
36	10
39	11
43	4
45	6
48	8
51	5
52	3
55	15
59	12
61	10
62	1
63	10
66	10
72	13
73	3
75	13
77	14
78	3
79	15
81	7
82	6
84	9
85	1
88	2
91	6
96	7
98	13
Market 60
2	8
4	8
5	15
11	8
13	3
18	10
20	10
24	9
27	11
29	8
32	14
36	2
42	3
47	10
50	10
52	14
56	9
57	2
60	2
65	5
70	15
74	6
77	3
78	11
79	3
82	12
84	12
86	11
91	8
92	8
96	8
97	1
100	9
Market 188(F)
1	1
3	12
4	6
5	8
7	12
8	1
10	10
12	5
13	14
15	11
20	2
21	10
22	14
24	9
26	13
27	15
29	13
31	10
32	1
35	4
37	5
38	1
44	2
47	1
49	11
50	11
53	6
55	3
57	10
58	11
60	10
61	4
62	13
65	2
67	10
70	4
74	9
75	10
76	6
79	3
82	3
83	15
84	2
85	5
86	4
94	10
96	11
97	2
Market 93(F)
1	14
4	2
5	8
7	13
8	10
10	14
13	6
15	6
18	9
19	9
20	13
22	7
24	15
27	1
29	14
32	5
35	7
36	2
38	3
40	5
44	4
45	14
47	15
50	7
51	9
52	2
53	3
56	2
58	7
59	4
60	13
62	2
65	14
67	15
70	8
74	5
75	6
78	8
79	15
83	8
86	1
92	4
93	13
94	1
96	8
97	8
100	1
Market 160
3	13
5	9
7	13
10	3
12	12
13	9
14	12
18	13
21	13
22	6
23	14
26	11
28	15
31	13
35	10
37	5
39	6
44	15
45	4
51	9
53	9
55	2
56	1
57	12
59	10
60	9
61	15
63	6
67	14
68	9
70	14
73	10
74	10
75	3
78	4
79	3
82	3
85	4
92	2
94	1
96	12
97	8
Market 71(F)
1	1
4	7
5	9
8	7
10	2
13	12
15	12
18	13
20	12
22	12
24	5
27	5
29	8
35	4
38	4
41	5
44	8
47	1
50	8
52	15
53	10
55	5
58	8
60	2
62	7
65	5
67	5
70	13
74	7
75	12
78	4
79	6
83	14
84	9
86	12
90	12
92	4
96	12
97	5
100	15
Market 119
1	15
4	5
5	1
7	2
9	2
10	11
12	10
13	2
20	13
22	10
23	10
24	6
27	6
28	1
29	14
31	7
32	12
35	11
37	14
38	5
39	14
45	15
47	15
50	5
51	11
52	1
53	1
55	7
57	14
59	14
60	15
61	13
62	1
65	14
67	6
68	9
70	4
74	7
75	2
77	1
79	14
83	9
84	3
88	11
90	4
92	6
93	6
94	10
97	15
98	10
Market 190
3	4
5	8
7	10
9	9
13	12
18	13
19	12
22	15
26	13
29	5
30	3
34	12
35	14
36	2
39	11
43	14
45	9
48	2
51	6
55	14
56	8
59	9
61	4
62	5
66	5
68	9
70	1
73	10
74	11
75	3
77	4
79	4
82	6
83	10
84	15
85	1
87	3
92	15
93	1
94	9
96	8
97	8
Market 200
3	13
5	11
7	6
9	4
10	10
12	13
13	6
15	3
17	6
18	1
19	7
20	11
21	4
22	13
23	4
26	6
28	3
29	11
31	14
34	10
35	3
36	14
37	1
39	12
40	5
44	4
45	10
47	5
49	2
51	14
52	7
53	6
55	9
56	3
59	9
60	10
61	11
62	13
63	1
66	12
67	8
68	14
73	2
75	13
77	14
78	10
79	3
82	1
83	9
84	9
85	3
88	13
90	12
91	8
92	4
93	9
94	3
96	7
97	4
98	15
100	8
Market 182
3	13
4	1
5	4
7	5
9	14
11	2
12	1
13	4
17	9
18	6
19	11
20	1
21	12
22	9
23	10
25	6
26	8
28	15
29	7
31	8
34	15
35	7
36	2
37	11
38	4
39	13
43	2
44	15
45	15
48	13
49	5
51	10
52	9
53	8
55	7
56	12
57	1
59	6
61	13
62	12
63	12
66	4
67	6
68	12
70	13
72	10
74	11
75	13
77	9
78	12
79	10
83	7
84	12
85	1
87	8
88	2
91	6
92	6
93	1
94	10
96	9
97	12
98	7
Market 30(F)
2	11
4	9
6	14
9	10
10	6
11	10
13	5
17	3
18	3
19	14
20	12
22	7
25	15
27	11
28	3
29	3
32	15
35	11
36	3
39	4
40	12
42	15
45	2
47	3
51	10
52	1
53	13
55	1
58	7
59	12
60	15
61	3
62	12
66	6
67	1
68	15
70	5
74	6
75	1
77	7
78	9
79	6
83	2
84	12
86	14
87	4
91	7
93	9
94	4
96	10
97	13
100	12
Market 98
3	7
4	8
5	3
7	11
10	10
11	13
13	15
15	14
18	11
19	2
20	10
22	14
23	9
26	14
27	12
28	7
29	13
30	3
32	11
35	8
36	7
38	2
40	12
43	10
45	10
46	6
48	2
51	14
53	7
55	9
56	2
59	12
60	5
61	15
62	9
63	15
66	2
67	15
68	7
70	10
73	9
74	4
75	12
77	14
78	7
79	5
82	10
84	3
85	4
86	12
89	5
92	6
94	5
96	8
97	3
98	9
100	11
Market 102
4	8
5	12
7	4
9	2
11	15
12	15
13	5
18	2
19	2
20	14
22	2
23	2
26	1
27	5
28	13
29	7
30	15
34	1
35	9
36	7
44	4
45	4
49	4
51	9
52	1
53	12
55	15
56	15
59	11
61	9
62	15
63	12
67	8
68	1
70	12
73	13
74	14
75	12
77	13
78	1
79	1
82	14
83	11
84	3
85	1
88	1
92	10
93	3
94	11
96	10
97	11
Market 45(F)
2	13
4	5
6	15
7	13
8	1
11	11
13	3
17	1
18	6
19	1
20	14
22	1
24	12
25	2
27	10
29	12
32	6
36	10
38	13
42	15
44	4
45	7
47	4
50	5
53	8
55	13
56	8
59	9
60	14
61	10
62	5
66	15
67	3
68	5
70	9
74	8
77	15
79	10
81	15
82	4
83	2
84	12
86	1
87	10
91	10
92	14
93	14
96	14
97	8
100	9
Market 55
2	5
5	5
7	13
9	10
11	7
13	7
17	4
18	13
19	4
20	5
22	5
24	13
25	4
28	11
29	11
34	9
36	11
39	5
42	5
45	12
47	13
51	2
52	2
53	2
55	15
56	7
59	8
61	9
62	14
66	14
67	5
68	11
70	12
74	12
77	2
78	7
79	10
81	10
83	11
84	4
88	3
91	10
93	14
96	7
98	1
100	8
Market 48
4	7
5	3
6	7
9	9
11	11
13	15
19	5
20	3
22	9
24	14
27	14
28	7
29	10
34	7
36	15
38	14
39	2
42	10
45	9
47	15
51	10
52	8
53	3
55	4
56	12
59	9
62	4
68	10
70	6
74	13
77	14
78	10
79	15
81	15
83	13
84	4
87	5
91	14
96	6
97	11
100	1
Market 97
1	4
3	9
4	15
5	7
7	2
11	7
12	15
13	8
15	1
18	2
19	1
20	12
22	9
24	12
26	12
31	15
32	8
37	1
41	9
44	4
47	14
50	8
51	4
55	8
57	5
60	11
61	8
65	12
67	11
70	3
74	6
77	4
78	7
79	1
82	5
84	10
85	12
91	12
92	8
94	14
97	15
100	8
Market 192
1	14
4	11
5	5
7	13
8	12
11	5
13	1
15	14
19	3
20	7
22	7
24	1
27	5
29	6
32	4
33	6
36	4
41	9
44	9
45	11
47	3
51	8
52	7
53	14
55	1
56	2
57	8
60	13
65	2
67	9
68	10
74	4
77	15
78	5
79	5
83	1
84	4
85	14
87	7
91	5
92	11
93	11
94	1
97	1
100	11
Market 128
2	5
4	1
5	12
7	13
9	1
11	5
17	13
19	10
20	11
22	9
23	13
25	5
28	5
29	1
35	9
36	1
38	15
39	1
42	6
45	14
47	7
51	1
52	5
53	7
55	8
56	13
59	11
61	1
62	11
66	13
68	15
70	10
74	7
75	7
77	13
78	11
79	1
81	4
83	6
84	3
85	14
88	9
91	7
93	2
96	14
97	10
98	1
Market 110
3	9
4	11
5	12
7	1
8	9
11	9
13	13
17	1
19	15
20	9
22	1
25	1
27	5
29	11
35	9
36	3
38	14
43	6
45	5
48	13
51	14
52	13
53	3
55	12
56	10
59	14
61	13
62	2
66	13
68	13
70	6
71	6
74	1
77	12
78	14
79	11
81	12
83	14
84	4
85	4
87	15
91	3
93	12
96	5
97	7
Market 51
3	2
5	14
7	1
9	3
11	14
13	7
18	13
19	10
22	10
26	4
28	14
29	12
30	3
36	12
39	6
43	7
45	4
47	5
48	8
51	10
52	3
55	5
56	14
61	7
66	14
68	5
70	8
73	3
75	6
77	7
78	6
79	12
82	15
83	14
84	3
85	3
87	3
92	2
93	14
96	10
97	1
Market 145
4	10
5	9
7	1
10	12
13	15
15	13
18	8
19	13
22	12
23	2
27	3
28	7
29	6
32	1
37	13
40	13
44	11
46	12
50	3
52	13
53	10
55	10
57	10
62	9
63	11
67	1
70	14
74	2
75	2
78	3
79	4
82	4
84	10
85	9
89	9
90	7
92	5
94	11
97	7
98	6
Market 4
2	15
3	10
4	2
6	4
7	8
11	15
13	15
17	2
18	11
19	15
22	2
24	4
26	14
28	4
29	15
30	13
34	8
36	1
39	8
42	2
43	13
45	10
47	5
51	11
56	9
59	15
61	13
62	3
66	3
67	14
68	14
70	11
77	11
79	12
81	2
82	12
83	15
84	7
85	5
87	1
91	6
92	13
93	6
96	9
Market 140
4	1
5	14
6	5
7	14
8	1
11	5
13	6
17	5
18	3
19	4
20	15
22	3
24	4
25	13
27	1
29	8
35	8
36	3
38	1
42	2
43	3
44	1
47	2
50	9
51	4
53	4
55	14
58	3
60	11
61	7
62	8
67	1
70	7
71	6
74	7
75	2
77	3
78	10
79	3
84	15
86	10
92	6
96	8
97	1
100	6
Market 106
2	5
4	13
5	9
6	6
9	11
11	7
13	11
17	6
19	4
20	12
22	4
23	4
25	9
28	4
29	14
34	2
35	15
36	8
39	9
42	12
45	4
47	12
51	3
53	5
55	13
56	6
59	12
61	4
62	6
66	1
67	5
68	14
70	10
74	1
75	10
77	10
78	7
79	5
81	4
83	1
84	3
85	6
87	4
88	10
91	7
93	14
96	14
97	10
98	14
Market 111
2	3
3	7
4	1
6	13
7	14
11	10
13	3
15	2
18	6
19	8
20	14
22	14
24	11
27	2
29	13
32	2
38	13
42	8
43	13
44	9
45	9
47	10
48	15
50	6
51	3
52	7
53	2
55	9
56	3
57	11
59	6
60	11
61	9
62	11
65	14
66	7
67	6
68	14
70	13
74	3
77	4
81	12
83	9
84	11
85	14
86	14
87	10
91	12
92	15
93	14
96	5
97	6
Market 36(F)
3	14
4	9
5	11
7	9
9	6
13	10
18	2
19	14
20	2
21	14
22	8
23	2
26	9
28	6
29	10
35	14
37	14
39	12
44	13
45	5
49	1
50	13
51	8
52	1
55	6
56	2
57	15
59	7
61	15
67	1
68	11
70	15
73	3
74	10
75	13
78	2
79	7
82	4
83	4
84	1
85	4
88	5
92	7
93	14
96	5
97	5
98	11
Market 13(F)
4	11
5	1
7	13
8	8
10	3
12	1
13	3
15	13
18	4
19	10
21	15
22	14
23	12
26	2
29	10
31	15
32	9
35	4
36	12
37	1
38	5
40	12
44	5
45	8
49	11
50	4
51	3
52	9
53	10
55	5
56	3
57	1
60	14
61	11
62	14
63	6
67	4
73	13
74	1
75	7
78	3
79	5
82	6
83	11
84	7
85	10
86	1
90	10
92	4
93	8
94	12
96	15
97	1
100	4
Market 161
3	10
4	7
7	8
8	9
9	4
11	12
13	12
17	7
18	8
19	1
20	9
22	11
24	10
25	11
27	15
29	11
32	3
34	15
36	14
38	15
43	7
44	3
45	10
47	11
48	4
50	13
51	2
52	7
53	7
54	1
55	3
58	5
59	11
61	12
62	2
65	8
66	10
67	5
68	13
70	11
72	14
74	3
75	15
77	15
78	2
79	3
82	14
83	2
84	8
85	14
87	14
91	11
92	12
93	12
96	15
97	2
100	6
Market 77
2	6
5	11
9	7
11	7
13	12
17	2
18	4
20	13
22	1
25	9
28	1
29	8
34	14
36	14
39	8
42	7
45	6
47	13
51	9
52	8
55	5
56	6
59	14
61	14
62	15
66	1
67	3
68	8
75	12
78	12
81	2
83	2
84	8
93	13
96	9
98	15
Market 149
2	15
3	13
4	12
5	11
6	2
7	2
10	11
11	14
12	11
13	5
15	2
17	9
18	1
19	14
20	7
21	10
22	2
23	7
25	3
26	2
27	12
29	3
30	4
32	5
35	11
36	14
40	5
42	5
44	10
46	15
47	5
49	13
51	6
52	3
53	9
55	7
56	7
60	5
61	14
63	4
66	9
67	13
70	12
73	14
74	8
75	15
77	2
78	10
79	13
81	6
82	15
84	2
85	6
89	13
91	15
92	2
94	12
96	15
97	13
100	7
Market 81(F)
3	5
4	11
6	15
7	3
8	14
9	11
11	1
13	15
17	8
18	1
19	2
22	14
26	12
29	12
32	12
36	5
38	11
39	7
42	15
43	9
45	7
48	2
51	5
52	14
53	7
55	10
56	5
58	15
59	3
66	2
67	13
68	1
70	8
73	4
74	11
77	8
78	9
79	9
81	13
82	8
83	1
84	6
85	13
86	6
91	7
93	3
96	6
97	4
Market 142
5	14
7	9
9	2
11	5
13	8
15	1
18	10
19	14
20	13
23	3
26	6
28	14
29	13
30	9
35	14
36	15
39	3
40	4
43	8
45	7
46	13
48	5
51	14
52	7
53	4
55	12
56	3
59	15
61	15
66	6
67	4
70	3
73	9
74	13
75	5
77	14
78	2
79	6
83	6
84	14
85	15
88	11
89	3
91	2
94	2
96	3
98	1
Market 23
2	12
4	14
5	5
6	15
7	13
11	5
15	13
17	5
18	11
20	9
22	2
24	2
27	3
29	9
32	2
36	11
38	12
42	8
44	7
45	6
47	14
50	2
51	4
52	12
53	7
56	15
58	5
60	8
62	2
66	14
67	15
70	2
74	12
77	7
78	3
79	6
81	3
83	6
86	2
92	8
96	4
97	4
100	8
Market 173(F)
1	2
4	15
5	14
7	3
8	5
11	13
12	10
13	8
15	12
18	15
19	11
20	4
22	8
27	13
29	4
32	8
36	13
37	11
38	9
42	7
44	13
45	7
47	13
50	15
51	3
52	15
53	15
60	14
61	14
62	12
65	4
67	2
70	3
78	7
79	5
82	5
83	8
84	8
85	3
86	3
91	4
93	12
95	8
96	6
97	7
100	14
Market 187
2	3
4	15
5	7
6	4
7	12
9	10
11	11
13	12
17	1
18	3
19	9
20	6
22	3
24	10
27	14
28	11
29	4
34	11
36	3
38	8
39	7
42	10
44	13
45	3
47	6
51	4
52	1
53	3
54	1
55	15
56	5
59	1
60	5
62	5
66	10
67	13
68	15
70	7
74	4
77	12
78	10
79	9
81	13
82	12
83	9
87	14
91	4
92	15
93	4
96	6
97	6
100	14
Market 8(F)
2	8
4	5
5	6
6	8
7	7
8	8
10	13
11	6
13	3
15	9
17	13
18	13
19	1
20	9
22	1
23	10
27	13
29	1
32	4
35	10
36	4
38	15
40	15
42	4
45	10
47	11
51	14
52	8
53	10
55	1
56	2
60	2
62	1
63	1
66	11
67	12
70	10
74	7
75	10
77	7
78	10
79	6
81	4
83	5
84	15
86	12
91	14
93	9
94	12
96	6
97	1
Market 69
3	15
4	12
5	8
7	5
10	14
11	10
13	10
14	9
15	6
19	2
20	7
22	7
23	2
27	13
28	2
35	2
38	13
40	3
45	14
46	13
47	4
48	6
51	2
52	8
55	4
56	12
59	14
60	3
61	5
62	15
66	6
67	5
69	4
70	3
74	8
75	5
78	14
82	13
83	7
84	3
85	9
88	14
90	14
91	4
94	4
96	11
97	5
98	9
100	13
Market 101
5	9
7	7
10	3
11	2
13	2
15	8
18	9
19	14
20	4
23	10
27	7
28	13
29	5
32	8
35	8
36	4
38	12
40	4
46	6
47	5
50	11
52	2
53	11
55	4
56	2
57	10
60	14
62	1
63	13
67	8
74	3
75	13
77	11
78	8
82	3
84	9
85	14
92	8
94	3
96	14
97	12
99	8
Market 14
3	11
5	10
7	15
9	1
11	1
12	5
13	8
18	11
19	13
20	13
21	1
23	11
26	11
28	15
29	6
31	1
35	7
36	12
37	9
39	1
44	3
45	4
49	2
51	3
52	2
53	7
55	12
56	13
59	13
61	13
62	6
67	15
68	14
70	3
73	5
75	10
77	12
78	7
79	8
82	3
83	6
84	13
85	5
88	10
92	11
93	2
96	6
98	8
Market 143
2	3
4	12
6	4
7	2
13	5
19	10
20	9
22	15
24	4
27	9
28	10
29	7
32	5
34	1
36	14
38	3
42	12
44	11
45	7
47	13
50	3
51	11
52	6
53	13
57	1
59	1
62	8
66	15
67	5
68	8
74	15
77	12
78	7
79	9
81	2
82	14
83	1
84	14
85	3
87	5
93	15
96	14
97	2
Market 197
3	13
5	11
7	12
9	6
12	4
13	14
18	7
19	8
21	13
22	3
23	5
26	1
28	1
29	9
30	6
35	12
36	9
39	8
45	10
49	8
51	7
53	4
55	9
56	3
59	7
61	14
67	15
68	12
70	6
73	2
74	15
75	14
78	9
79	7
82	3
83	7
84	15
85	2
88	9
92	5
93	12
96	15
97	10
98	2
Market 67
2	4
4	5
5	6
6	4
7	3
11	15
13	1
15	15
18	7
19	14
20	9
22	6
24	2
27	3
29	14
32	7
36	8
38	6
42	5
44	13
47	9
50	1
51	3
52	2
53	10
56	10
57	3
58	4
60	15
62	3
66	15
67	8
70	3
74	4
75	3
77	14
78	12
79	11
81	6
83	3
84	14
86	7
91	15
92	12
96	7
97	5
100	11
Market 183
3	11
4	4
5	13
7	12
9	15
11	2
13	12
17	5
18	9
19	6
20	12
22	4
25	14
27	15
29	7
32	15
34	12
38	7
43	5
44	8
45	15
48	12
50	10
51	9
52	11
53	9
54	8
55	1
56	3
59	4
61	11
62	11
66	3
67	14
68	4
70	4
72	10
74	13
77	13
78	14
82	1
83	12
85	11
86	9
87	9
91	12
92	12
93	8
96	5
97	12
Market 33
2	14
5	4
9	6
11	7
13	11
17	15
18	10
19	4
20	1
22	14
25	2
28	6
29	4
34	8
36	7
39	7
42	6
45	10
47	15
51	11
52	11
53	1
55	7
56	11
59	13
61	2
62	11
67	5
68	13
70	11
75	2
77	13
78	5
79	6
81	8
83	12
84	1
88	10
91	11
93	2
96	14
97	5
98	11
Market 141
1	14
4	10
7	6
10	15
12	15
13	15
15	2
18	15
20	12
22	3
24	7
27	7
29	3
31	4
35	7
36	7
37	12
40	13
44	2
47	13
50	12
52	1
53	6
55	3
57	7
60	13
61	4
65	7
67	7
70	9
74	6
75	13
78	4
79	2
82	5
84	13
85	7
90	13
92	14
94	10
96	9
97	14
100	15
Market 50(F)
2	14
4	12
5	9
6	15
7	8
10	6
11	4
12	12
13	2
18	8
19	2
20	11
22	4
23	3
24	5
27	13
28	12
32	6
35	6
37	1
40	14
42	10
46	1
50	2
51	8
52	10
53	1
55	12
56	10
57	5
59	4
61	14
66	9
67	2
70	11
74	12
75	7
78	10
79	3
81	7
82	9
84	5
85	5
89	9
91	15
92	13
94	3
97	14
98	4
Market 64
1	6
4	7
5	8
7	6
10	10
13	9
15	15
18	7
19	15
22	9
24	13
27	5
29	1
32	7
35	4
36	5
38	15
44	1
45	15
47	13
50	11
52	14
53	7
55	10
56	8
57	7
60	6
62	15
64	13
67	9
70	1
74	3
75	14
78	7
79	3
83	12
84	12
86	3
92	6
94	5
96	11
97	15
100	8
Market 176
2	11
4	15
7	6
8	3
13	1
17	15
18	3
20	4
22	15
25	2
27	15
29	3
32	10
36	12
38	1
42	11
45	10
47	3
51	2
52	4
53	7
56	7
58	9
61	12
62	5
66	13
67	4
70	9
74	6
77	2
78	10
81	4
83	1
84	6
85	11
86	15
91	6
93	6
96	2
97	5
Market 2
1	13
4	15
5	13
7	7
10	10
12	3
13	5
15	10
20	7
22	6
24	11
27	5
29	2
31	8
35	11
36	11
37	7
38	15
41	13
44	3
47	12
50	3
51	3
52	9
53	15
55	8
57	4
60	10
61	1
62	10
65	8
67	2
70	11
74	8
76	8
78	8
79	12
82	8
84	13
85	4
90	10
94	13
100	5
Market 104(F)
4	3
5	3
7	4
11	2
13	6
20	9
22	3
24	8
27	6
29	7
32	5
36	2
42	4
44	1
50	9
51	8
53	7
55	7
60	7
62	2
65	5
67	6
70	1
74	5
77	11
78	8
79	1
82	8
83	14
84	8
86	6
91	7
92	4
95	1
100	13
Market 24
1	11
4	3
5	4
7	8
10	3
11	11
12	9
13	14
15	1
20	2
22	7
24	1
29	14
35	10
36	1
37	1
40	9
41	12
44	5
47	15
50	7
52	11
53	12
55	10
57	15
60	6
61	4
67	4
70	11
74	15
75	8
77	5
78	9
79	11
82	15
83	5
84	5
85	10
90	3
91	11
92	8
96	5
97	3
100	10
Market 171
3	4
5	8
7	14
12	5
13	7
15	1
18	3
19	1
20	11
23	15
26	12
29	6
30	13
35	9
36	3
40	4
44	5
45	13
46	6
49	15
51	8
52	4
53	1
55	6
56	11
61	15
62	14
63	4
67	2
70	5
73	2
75	14
79	9
82	14
84	12
85	1
89	8
92	10
94	13
96	15
98	2
Market 117(F)
4	10
5	7
7	15
9	13
11	15
12	13
13	2
18	11
19	3
21	3
22	3
23	2
28	13
29	5
31	12
34	5
35	1
36	8
37	1
39	2
44	3
45	2
48	12
49	14
53	12
55	9
56	14
57	10
59	7
66	13
67	14
68	10
73	15
74	5
75	1
78	9
79	14
82	1
83	13
85	14
87	13
88	11
91	11
92	6
93	6
94	4
96	5
97	5
98	2
Market 72(F)
4	3
5	11
7	7
10	9
11	1
12	13
13	10
18	13
19	6
22	10
23	12
27	2
29	13
31	13
35	2
36	6
40	11
44	13
46	4
50	12
51	13
52	2
53	11
55	9
56	8
57	9
59	12
61	9
67	6
70	11
75	10
78	13
79	13
82	10
84	7
85	10
89	6
97	14
98	2
Market 25
3	11
5	7
7	3
9	8
10	12
11	1
13	10
15	8
18	14
20	11
22	1
23	3
26	14
28	9
29	3
30	5
34	14
35	7
36	15
39	10
43	14
44	9
45	10
46	15
47	3
51	5
52	14
53	12
56	4
59	13
60	15
61	6
62	3
63	4
66	7
67	1
68	7
70	7
73	11
75	5
77	7
78	8
79	15
82	15
83	2
84	9
85	7
87	8
91	5
92	2
93	7
94	5
96	14
97	10
98	7
100	5
Market 135
3	3
4	10
5	7
6	6
7	10
9	2
10	14
11	5
17	13
18	8
19	13
22	9
23	15
25	2
27	14
28	4
29	12
35	13
36	3
38	9
39	2
40	3
42	13
43	14
45	5
47	8
48	7
51	11
52	10
53	1
55	6
56	12
59	4
61	4
62	5
63	14
66	5
68	1
70	2
72	3
74	4
75	4
77	7
78	5
79	8
81	15
82	12
83	14
84	9
85	6
88	6
91	7
94	9
96	8
97	13
98	3
100	15
Market 99(F)
2	13
3	8
4	3
5	9
6	15
7	3
9	8
11	15
12	9
13	10
17	10
18	3
19	2
20	11
21	5
22	4
25	11
26	3
28	4
29	5
30	11
34	3
36	13
39	7
42	10
44	13
45	9
51	10
52	14
53	14
55	12
56	14
59	8
61	9
62	2
66	7
67	10
68	13
70	13
73	7
75	14
77	7
78	13
79	6
81	8
82	8
83	3
84	9
85	6
87	7
91	3
92	9
93	7
96	3
97	3
Market 52
2	6
5	2
6	6
7	9
8	15
11	9
13	6
17	1
18	4
22	10
24	5
27	13
32	5
36	12
38	3
42	1
44	12
47	6
52	3
53	2
55	3
56	3
57	2
61	8
62	3
66	1
67	9
70	14
74	15
77	12
78	11
79	12
81	2
82	9
83	7
84	7
86	15
91	8
92	10
93	9
96	11
97	10
Market 10(F)
3	11
4	9
5	6
7	8
9	11
10	2
11	1
12	14
18	2
19	5
20	14
21	5
23	6
26	8
28	14
29	12
30	11
35	15
36	6
38	6
39	1
40	8
44	11
45	11
46	13
49	10
51	9
52	9
53	14
55	14
56	3
59	2
60	6
61	15
62	14
63	12
67	3
68	8
70	1
73	9
74	7
75	15
77	13
79	7
82	10
83	9
84	9
85	7
88	10
90	5
92	15
94	12
96	13
97	15
98	2
100	11
Market 137(F)
1	11
4	14
5	3
7	15
8	3
9	12
10	4
13	15
14	3
15	8
18	11
19	6
20	15
22	4
23	14
24	5
27	2
28	8
29	12
32	11
35	1
36	8
38	8
39	3
40	9
44	1
45	1
47	1
50	4
51	4
52	3
53	8
55	9
56	11
57	11
59	3
60	1
62	3
63	3
64	13
67	12
68	9
70	4
74	2
75	7
79	9
83	2
84	4
86	5
88	11
90	1
92	5
94	9
96	7
97	15
98	4
100	12
Market 189
5	2
7	11
10	8
12	10
13	11
15	3
18	12
19	2
20	11
22	3
23	14
27	5
28	2
29	12
31	6
35	1
37	15
40	8
46	8
50	1
51	8
52	4
55	14
57	3
59	4
61	3
63	6
67	4
70	6
74	14
75	15
78	4
79	6
82	6
84	2
85	13
89	13
94	9
98	10
Market 138
3	1
4	14
5	3
7	7
10	2
13	13
18	5
19	6
20	8
23	12
24	8
26	10
27	6
28	3
29	4
31	7
32	9
37	10
38	8
40	13
44	8
45	10
47	15
50	12
51	14
53	10
55	6
57	1
59	9
62	7
63	4
67	11
69	2
70	15
74	8
75	5
82	5
83	1
84	5
85	15
86	6
88	2
94	1
97	7
98	8
Market 177
2	3
4	3
5	6
7	15
11	11
13	4
15	4
20	5
22	4
24	9
27	15
29	9
32	8
36	8
38	15
42	7
44	9
47	3
50	15
51	15
52	6
53	11
55	5
56	6
57	2
60	8
61	4
62	7
65	3
67	5
74	14
77	3
78	10
79	12
80	2
82	14
83	2
84	6
86	6
91	12
92	10
93	13
96	4
97	12
100	7
Market 130
4	8
5	15
7	9
10	1
13	10
15	7
18	2
19	9
22	9
23	10
27	5
29	7
32	6
37	4
38	14
40	11
44	3
47	14
50	8
51	12
53	1
55	13
57	12
60	7
62	6
63	10
67	11
70	10
74	11
75	1
78	6
79	2
82	15
84	3
85	4
86	1
90	4
92	2
94	1
97	4
100	10
Market 31
1	12
4	13
5	11
11	4
12	5
13	2
15	8
18	15
20	1
22	12
24	8
27	14
29	15
31	3
32	7
36	6
37	11
38	5
41	13
44	4
47	11
50	14
52	1
53	14
55	5
57	11
60	15
61	1
62	13
65	2
67	15
70	2
74	7
77	3
78	9
79	11
82	9
84	2
85	6
91	2
92	15
95	11
97	12
100	15
Market 82
1	9
3	8
4	11
5	15
7	9
10	10
11	2
13	14
15	2
18	8
19	3
20	5
22	15
24	13
27	13
28	5
29	7
32	4
36	3
38	15
40	5
42	10
44	9
47	12
50	5
51	4
52	8
53	3
55	2
56	14
57	5
61	12
62	15
65	4
67	9
70	15
75	6
82	7
84	2
85	3
90	5
91	5
92	9
94	4
95	6
97	15
100	3
Market 148
1	15
3	6
4	2
7	7
11	6
12	8
13	12
15	7
18	12
19	10
20	5
21	8
22	2
24	14
26	5
27	2
29	4
31	2
36	6
37	12
38	15
41	3
44	3
47	15
49	4
50	5
52	14
53	12
55	3
57	3
60	12
61	13
62	7
65	6
67	2
70	12
74	10
77	6
78	1
79	3
82	10
84	6
85	4
91	3
92	10
95	9
96	14
97	9
100	14
Market 156(F)
1	8
3	2
4	6
5	15
7	8
8	5
10	10
12	6
13	12
15	12
19	6
20	9
21	8
22	15
23	8
26	15
29	4
31	14
32	15
35	3
37	12
38	8
40	10
44	15
47	7
49	3
50	13
51	4
52	13
53	4
55	11
57	13
58	2
60	7
61	12
62	13
64	4
67	7
70	15
74	13
75	1
78	1
79	12
82	7
83	6
84	6
85	11
86	1
90	9
92	4
94	10
96	6
97	12
100	9
Market 35
4	14
5	1
7	3
9	4
13	10
15	7
18	13
19	6
22	8
23	4
27	2
29	15
32	10
34	12
35	13
38	12
40	8
44	10
45	4
47	13
50	10
51	11
53	4
55	1
57	9
59	5
60	10
62	12
63	4
67	6
68	5
70	8
74	9
75	10
78	6
79	11
82	3
83	2
84	2
86	9
87	3
90	10
92	8
93	1
94	1
97	2
100	2
Market 108
1	4
4	7
7	11
10	5
11	13
13	7
15	14
19	10
20	10
22	2
23	2
24	3
27	8
29	13
32	7
35	4
36	5
38	12
40	5
42	5
44	14
47	7
50	4
51	15
52	14
53	5
55	11
57	6
60	8
62	12
63	9
67	11
70	5
74	11
75	11
77	15
78	1
79	5
82	4
83	6
84	8
86	9
90	4
91	6
92	12
93	11
94	8
97	5
100	9
Market 49
1	11
4	13
5	14
7	12
8	14
10	9
13	8
15	12
18	1
20	8
22	10
24	9
27	15
29	9
32	14
35	2
38	6
41	11
44	12
47	3
50	13
51	5
52	4
53	8
55	1
57	1
58	13
60	14
62	13
65	12
67	5
70	10
74	13
77	4
78	10
79	10
82	5
84	3
85	7
86	5
90	1
92	11
94	12
96	9
97	12
100	9
Market 6
1	10
4	2
5	4
9	14
10	15
11	9
13	10
15	15
18	12
19	15
20	2
22	15
23	13
24	10
27	4
28	14
29	11
32	9
35	7
36	6
38	8
39	4
40	11
44	7
45	14
47	2
50	3
51	13
52	5
53	6
55	3
56	10
57	9
59	15
60	6
62	14
63	9
65	7
67	9
68	5
70	10
74	13
75	7
77	12
79	12
82	11
83	9
85	13
89	12
91	11
92	5
94	5
96	14
97	14
98	2
100	15
Market 94
3	5
4	8
5	9
7	8
10	3
12	5
15	6
18	6
20	3
21	9
22	14
23	9
26	10
27	12
28	3
31	7
36	3
37	8
40	4
44	9
45	5
46	4
49	6
51	5
52	14
53	7
55	9
56	9
57	13
59	9
63	3
67	11
70	14
73	5
74	6
77	10
78	8
79	9
85	13
92	11
94	4
96	11
97	15
98	6
Market 107
3	3
4	12
5	7
7	7
8	4
11	4
12	8
13	6
15	15
18	9
19	1
20	9
22	14
24	4
26	9
27	15
29	5
31	5
32	11
36	8
37	15
38	8
42	7
44	8
45	1
47	13
50	12
51	14
52	4
53	13
55	5
56	15
57	5
58	13
60	3
61	14
62	10
65	6
67	11
70	14
74	13
75	4
77	13
78	2
79	13
81	1
82	3
83	4
84	4
85	2
86	7
91	5
93	11
96	4
97	7
100	1
Market 80
3	9
5	1
7	2
8	8
9	5
12	4
18	3
19	7
20	9
21	12
22	6
23	6
26	12
27	2
28	15
29	5
30	9
32	2
35	13
39	3
45	2
49	10
50	1
53	14
55	6
56	2
58	3
59	13
61	13
62	9
67	10
68	7
73	13
74	4
75	11
78	13
79	11
82	10
83	2
84	4
85	8
86	4
88	13
92	10
93	6
97	10
98	2
Market 78
1	3
4	3
5	3
8	8
10	8
11	13
13	5
15	6
18	8
19	6
20	12
22	8
27	3
28	11
29	7
35	5
36	9
38	12
40	2
41	12
45	7
46	3
47	5
51	7
52	13
53	9
55	15
56	15
58	14
59	12
60	1
61	15
62	9
63	10
65	8
67	7
70	2
74	7
75	12
77	2
78	11
79	6
83	4
86	7
89	1
91	14
93	7
94	4
95	4
96	12
97	14
98	14
100	11
Market 146
2	11
3	14
5	7
6	1
9	12
11	9
13	15
18	15
19	5
20	9
22	7
24	9
26	10
28	6
29	9
30	3
34	12
36	14
42	7
44	3
45	13
47	9
49	7
51	15
52	12
55	15
56	11
59	4
60	1
61	10
62	6
66	15
67	4
68	1
70	15
73	1
75	5
77	7
78	9
79	9
81	14
82	7
83	4
84	5
85	13
87	9
91	2
92	1
93	2
96	12
97	3
100	5
Market 139
3	3
4	8
5	13
7	15
9	9
11	7
13	2
17	13
18	6
19	11
20	1
22	2
26	11
27	12
29	6
32	15
34	7
36	9
38	6
43	14
45	9
48	3
51	3
52	6
53	3
55	9
56	14
61	10
62	1
66	8
67	7
68	15
72	13
74	5
77	6
78	9
79	4
82	15
83	13
84	5
85	3
86	6
87	10
91	2
93	1
96	11
97	14
Market 199
1	1
2	9
4	14
5	15
7	7
13	12
15	1
18	3
19	12
20	8
22	10
24	12
27	10
29	4
32	8
35	2
36	10
38	2
42	2
44	3
47	11
50	14
52	7
53	11
55	12
56	9
57	8
60	4
62	5
65	13
67	15
70	6
74	8
77	9
79	1
84	13
86	1
91	11
92	5
96	10
97	10
100	6
Market 91
3	3
7	4
10	4
11	4
13	1
14	4
15	1
17	9
18	10
19	6
20	11
22	1
23	5
25	14
28	2
29	1
35	11
36	4
39	7
43	1
44	6
48	14
50	9
51	13
52	11
53	15
55	8
56	9
57	12
59	3
61	2
62	13
63	15
66	4
67	12
69	8
70	9
72	11
74	6
75	15
77	4
78	15
79	2
82	14
83	5
84	4
85	9
88	14
91	3
94	8
96	5
98	4
Market 54
3	5
5	15
7	7
10	4
12	7
13	2
15	14
18	13
19	13
20	12
22	7
23	7
26	3
28	11
29	4
35	11
36	15
40	9
44	15
46	13
49	7
51	1
53	3
55	14
56	1
60	13
61	8
62	13
63	11
67	13
70	5
73	7
75	9
78	2
79	15
82	4
84	9
85	3
89	5
92	1
94	8
96	14
98	2
Market 195
1	13
4	13
7	9
8	13
11	15
13	13
15	5
18	15
22	6
24	9
27	13
29	15
32	6
38	15
41	1
45	7
47	6
51	11
52	11
53	7
55	5
56	3
58	1
60	6
61	8
65	5
66	4
67	13
70	15
78	2
79	5
82	1
83	1
84	13
85	8
86	13
91	10
95	14
96	15
97	8
100	9
Market 68
1	5
3	4
5	12
7	1
10	15
13	13
15	1
17	9
18	6
19	13
20	8
22	15
24	5
25	4
26	14
29	15
31	8
35	12
36	12
37	10
40	8
42	2
44	11
47	4
50	1
51	9
52	3
53	1
55	10
56	9
57	9
60	10
61	8
65	10
67	13
70	15
71	3
74	4
75	3
77	5
78	7
79	2
81	6
82	8
84	5
85	13
90	14
91	9
92	9
94	6
97	5
Market 167
3	8
4	3
5	10
7	11
10	4
13	11
15	10
17	14
18	12
20	12
22	13
27	6
32	6
36	6
37	11
40	8
43	4
44	10
46	12
47	11
48	3
50	6
51	6
52	1
53	4
55	1
56	9
57	6
59	11
61	12
62	13
63	13
66	4
70	2
72	1
74	7
75	10
77	7
82	9
83	2
89	9
91	14
92	3
94	1
97	4
98	1
Market 32
2	3
3	2
5	6
6	3
7	13
10	14
11	5
12	3
15	14
19	3
20	7
22	4
23	5
27	6
28	3
29	8
30	1
32	9
35	5
36	5
38	9
40	13
42	1
44	15
46	7
47	8
49	5
51	9
52	12
53	13
55	9
56	7
60	9
62	11
63	10
66	4
67	8
70	7
73	2
74	13
75	3
77	1
78	1
79	12
81	4
82	5
84	14
85	14
89	2
91	4
92	2
94	10
97	5
99	6
100	2
Market 114
4	13
5	15
6	6
7	1
9	6
13	11
15	12
16	9
18	8
19	1
20	1
22	2
27	15
29	6
32	4
34	2
36	13
38	1
42	1
44	15
45	2
47	13
50	14
51	9
52	12
53	9
54	9
56	3
59	14
62	2
66	1
67	13
70	13
77	14
78	6
79	14
81	4
83	10
87	3
91	3
92	12
93	13
96	1
97	5
100	5
Depot
