TPP_FSO_CapEuclideo.200.150.1.4
Total Cost:511244
|M*|: 199
Depot
Market 161
8	1
9	11
10	12
12	7
13	3
14	1
15	13
17	12
18	2
22	7
24	11
28	10
29	7
31	6
32	14
33	15
34	13
35	1
36	5
37	12
40	3
41	3
42	4
43	8
48	7
53	5
54	1
57	4
58	3
59	13
60	4
62	1
65	15
66	12
67	1
68	3
69	9
70	13
71	10
72	2
75	15
79	3
82	3
83	3
84	7
88	6
89	1
90	4
91	6
92	14
96	5
97	9
98	4
102	15
103	9
106	1
107	12
108	7
111	2
112	2
113	10
116	12
118	15
121	10
123	12
128	5
129	11
130	2
132	5
133	9
137	3
139	15
144	2
145	1
149	11
150	4
Market 197(F)
2	3
3	3
4	1
7	5
9	8
10	7
13	15
15	13
16	5
17	6
18	10
22	4
25	10
26	2
29	2
30	2
32	1
34	10
36	2
40	12
44	4
45	13
47	3
51	8
52	4
54	9
55	7
56	14
58	9
59	5
60	5
62	12
65	13
66	1
68	7
69	1
71	11
74	9
79	11
80	11
81	10
83	7
86	13
87	9
89	13
90	2
91	14
92	1
94	14
97	7
99	5
100	4
103	2
106	12
107	6
109	7
111	4
112	2
114	10
116	4
118	1
119	14
120	15
121	15
125	11
127	13
129	6
130	8
131	2
132	9
135	10
139	9
140	8
141	12
147	5
149	7
Market 81
2	4
3	1
4	10
10	5
11	1
15	8
17	14
18	5
19	1
22	11
24	6
25	9
28	4
29	8
30	3
33	10
34	13
37	14
38	13
40	9
43	4
44	10
48	15
50	9
54	4
55	15
58	13
59	12
60	9
61	10
62	10
63	12
65	13
68	13
69	13
72	11
74	7
79	1
80	9
84	10
86	12
88	9
90	5
91	8
92	2
93	3
94	3
98	1
99	7
104	2
108	3
109	8
113	7
114	11
116	1
118	7
119	2
124	1
125	7
130	15
132	8
133	11
134	11
139	7
140	2
146	7
Market 79
2	7
3	10
4	14
7	14
14	1
17	5
18	13
21	8
24	4
26	5
29	6
33	3
34	5
36	14
40	5
42	7
45	15
48	3
54	12
55	10
60	11
62	10
66	1
67	5
69	6
86	2
90	2
91	3
94	11
98	13
103	12
106	11
109	1
113	14
116	11
118	6
119	3
121	3
123	2
127	7
129	11
130	13
132	4
133	1
139	9
145	1
148	8
Market 61
1	13
2	13
4	15
5	4
7	2
10	5
11	15
15	12
16	4
21	9
25	11
26	5
28	3
30	9
31	14
34	6
35	9
38	10
40	5
44	11
53	12
54	13
55	14
56	9
59	12
60	13
62	10
63	2
65	3
68	6
69	4
72	10
74	2
80	11
82	9
86	12
87	2
90	8
91	4
92	8
94	5
96	7
99	10
101	6
104	15
106	4
109	12
111	8
114	10
115	2
116	13
118	12
119	1
120	4
125	1
126	4
127	3
130	3
132	10
134	5
136	15
140	14
141	4
147	8
148	2
149	9
Market 98
3	11
4	3
9	11
10	15
11	2
13	8
15	12
18	13
22	6
26	3
28	15
29	13
30	8
31	1
32	14
33	15
34	3
35	2
36	3
37	15
38	15
40	2
41	8
43	4
44	11
45	6
47	12
48	12
51	8
53	3
54	9
55	4
56	2
58	12
60	7
61	6
62	10
65	12
66	2
68	6
69	14
71	7
72	8
75	4
76	4
79	4
80	9
82	5
83	4
84	3
86	4
88	11
89	4
90	13
91	12
92	6
94	10
96	12
97	12
98	2
99	7
101	13
103	6
104	15
106	3
107	2
108	12
109	9
111	4
112	6
116	4
118	14
119	13
121	15
124	5
129	9
130	1
131	8
132	5
133	1
136	8
138	9
139	10
140	15
141	2
144	9
146	12
148	13
149	13
150	10
Market 99(F)
3	1
4	15
8	12
9	11
10	1
12	14
14	5
15	6
17	5
18	14
22	12
24	1
28	14
29	5
31	10
32	13
33	14
34	5
35	8
36	11
40	15
42	12
45	7
47	3
48	12
53	5
54	1
55	13
56	6
58	3
61	1
62	4
65	5
66	5
68	2
69	14
71	12
75	13
79	11
83	7
84	2
88	8
89	12
90	2
91	11
92	8
94	13
96	9
97	12
98	14
99	11
101	15
103	12
104	15
107	15
108	6
109	11
111	8
112	4
113	13
116	2
118	15
121	8
122	11
123	2
128	15
129	13
132	13
133	13
136	2
139	7
140	14
145	5
149	12
Market 21(F)
1	3
2	8
3	9
5	7
10	13
11	7
13	4
14	2
15	6
17	7
18	4
20	2
22	15
24	4
26	15
28	3
29	2
30	2
33	6
34	7
36	11
38	12
41	2
45	7
47	2
50	7
51	9
54	7
55	5
58	6
60	15
62	14
64	8
65	8
66	10
67	11
68	9
69	14
71	4
72	9
74	6
78	15
79	7
80	12
83	5
84	9
86	2
89	7
91	15
92	14
94	15
98	6
99	3
103	12
104	11
106	5
107	5
108	15
109	6
112	9
113	14
115	10
116	10
118	4
119	10
121	2
123	10
126	13
129	3
131	12
132	5
133	3
134	5
138	4
139	11
144	15
145	13
148	15
Market 59(F)
3	3
4	8
11	11
14	14
15	13
18	1
20	9
29	14
30	5
32	4
33	15
34	4
38	5
43	10
44	3
47	14
48	2
51	9
54	5
55	13
60	13
62	13
65	13
66	10
67	6
68	8
69	11
79	7
80	15
83	2
84	10
86	13
90	15
91	2
92	4
93	14
94	1
98	11
99	9
103	7
104	9
107	13
108	10
109	2
113	9
115	13
116	15
118	4
119	4
122	8
123	5
124	5
126	11
129	4
130	6
131	4
139	6
140	7
145	12
148	15
Market 129
2	3
3	8
9	15
10	10
11	3
13	1
17	3
21	14
22	2
28	12
29	8
32	12
34	15
36	1
40	12
41	15
45	6
47	1
54	3
58	5
60	13
62	7
65	1
66	5
69	1
71	2
78	4
79	5
83	4
89	10
91	7
92	13
94	15
97	3
103	2
106	5
107	3
116	6
117	3
118	14
121	6
127	6
132	8
138	15
139	3
144	2
149	15
150	9
Market 70
2	12
4	11
7	13
10	3
11	9
14	13
18	5
21	6
24	7
25	14
28	14
29	10
31	7
33	1
36	6
37	11
40	11
45	1
48	2
58	13
59	5
60	15
62	8
65	7
69	11
71	8
72	9
84	11
87	10
90	12
92	15
93	12
98	6
103	9
106	3
108	14
109	11
111	15
113	3
114	7
116	15
124	6
127	9
129	9
130	1
132	5
139	12
141	7
146	2
149	1
Market 74
4	12
10	15
11	7
16	14
17	7
18	10
21	11
26	7
28	4
29	11
30	15
34	13
38	8
40	9
43	9
45	15
48	14
51	14
52	5
53	12
56	9
58	5
60	10
62	6
65	14
69	1
74	8
75	7
79	10
81	7
82	5
84	4
86	3
87	5
90	14
92	14
94	3
95	14
96	10
98	8
99	2
100	11
101	14
103	12
106	12
108	15
109	3
110	1
111	12
113	6
116	10
118	14
120	15
127	4
130	6
131	2
132	14
133	13
135	8
136	6
139	13
140	8
141	9
148	1
149	12
Market 182
1	8
3	3
4	6
5	2
10	14
13	13
14	13
17	4
18	2
22	8
26	11
28	2
29	1
30	1
32	3
33	9
34	3
36	4
37	12
38	4
40	9
41	7
43	9
44	5
47	13
48	6
50	14
53	7
54	12
58	6
60	6
62	7
64	4
65	2
66	9
67	10
68	6
70	3
72	6
79	3
83	13
84	4
86	13
88	8
89	6
90	11
91	12
92	5
93	5
94	14
96	7
97	9
98	5
99	10
103	1
104	6
107	10
108	9
109	10
112	5
113	12
115	10
118	11
119	6
121	4
123	9
124	2
126	13
128	3
129	3
130	13
132	7
133	11
134	13
140	15
143	15
144	2
145	6
146	10
148	4
Market 177
2	8
3	4
7	15
10	15
11	2
15	14
16	15
17	10
21	1
22	7
26	13
29	9
30	3
31	11
34	1
38	1
40	13
44	14
45	10
50	6
51	5
53	13
54	14
55	12
56	4
60	10
62	7
65	1
68	3
69	1
72	7
74	4
75	10
79	14
80	13
81	6
82	8
86	13
87	5
90	2
91	2
94	15
96	1
99	7
101	13
104	3
106	3
109	15
111	1
116	15
118	5
119	3
120	5
121	12
127	7
130	10
131	5
132	4
134	1
135	15
136	4
139	4
148	5
149	7
Market 119
1	2
4	5
10	3
15	5
17	12
18	11
19	4
22	2
24	12
25	13
26	14
28	5
29	13
30	1
31	15
32	14
33	13
34	3
35	9
36	3
37	14
38	3
40	9
41	8
42	13
44	4
45	5
47	10
49	8
54	15
55	13
56	3
58	7
59	4
60	15
62	3
65	11
66	5
68	10
71	9
72	7
79	3
80	3
84	3
86	5
89	7
90	1
91	8
92	1
94	9
96	2
97	9
99	7
104	12
106	9
107	9
109	1
114	10
116	12
118	15
119	10
121	13
125	10
129	3
130	13
132	6
133	3
134	12
136	11
139	12
140	7
144	13
145	2
147	4
149	5
150	13
Market 103
1	5
2	10
3	1
4	3
5	10
10	5
13	4
15	12
17	3
18	14
19	4
20	3
22	9
26	15
28	11
29	14
30	14
32	1
33	11
34	7
36	10
37	9
38	15
40	8
43	4
44	7
45	8
47	2
48	14
50	4
51	4
54	11
55	1
58	5
61	11
62	5
64	4
65	1
66	12
68	14
71	2
73	9
79	14
80	3
83	7
84	11
86	7
88	4
89	2
90	9
91	3
92	12
94	9
96	1
98	13
99	15
104	8
106	13
108	10
109	11
115	15
119	7
121	2
124	3
126	14
128	11
129	14
131	9
132	13
133	12
134	11
139	13
140	8
146	13
148	10
149	7
Market 199(F)
3	4
8	15
9	13
10	9
11	11
12	15
13	6
15	2
17	5
22	8
28	5
30	3
31	12
36	6
40	15
41	5
44	13
45	2
46	10
53	8
54	5
55	13
56	2
57	7
58	15
61	4
65	12
66	2
68	14
69	15
70	7
71	10
72	9
75	9
77	11
80	4
82	6
83	12
88	7
89	6
91	8
94	1
96	6
99	15
101	14
103	9
104	10
106	1
107	5
109	8
111	2
112	15
117	10
119	8
121	15
128	4
129	12
132	10
136	8
138	13
140	3
143	11
144	5
149	12
150	11
Market 185(F)
2	3
3	13
10	3
11	5
15	4
17	9
20	6
22	7
26	1
28	15
30	6
34	5
38	3
40	2
44	4
50	14
51	9
54	15
55	13
60	7
62	8
64	4
68	11
69	15
72	9
80	2
86	5
90	12
91	13
92	6
94	5
99	5
104	3
109	11
115	5
118	15
119	9
126	15
130	6
131	9
132	1
134	1
140	10
148	11
Market 154
1	8
2	7
3	7
4	6
5	7
8	2
10	2
11	4
12	10
13	10
15	13
19	5
20	15
22	14
26	15
28	10
29	4
30	3
32	12
34	9
35	11
36	15
38	2
40	8
44	8
47	9
50	13
51	6
53	4
54	3
55	1
58	2
60	4
61	2
62	4
63	13
64	8
65	15
66	9
68	5
69	4
71	7
72	2
75	3
79	5
80	10
83	12
88	7
89	5
90	2
91	4
92	9
94	11
96	12
99	7
103	11
104	5
106	15
109	6
111	3
114	8
115	15
116	1
119	9
121	9
126	15
128	9
129	3
130	14
131	1
132	12
134	11
136	13
139	11
140	5
143	2
147	10
148	8
149	2
Market 143
1	8
2	14
3	4
4	2
5	4
8	13
9	14
10	6
13	10
15	13
19	13
22	10
25	14
26	15
28	7
30	11
32	15
34	1
36	7
38	12
40	12
44	15
45	5
47	15
50	2
53	5
54	14
55	1
58	1
59	11
60	7
61	15
62	7
63	13
64	4
65	4
66	3
68	8
69	10
71	12
72	5
80	8
83	7
86	1
88	7
89	3
90	8
91	11
92	11
94	10
97	13
99	11
103	9
104	2
107	1
109	3
112	10
114	13
115	11
116	13
118	8
119	4
121	14
125	8
126	10
128	13
129	1
130	10
132	3
134	14
143	5
147	15
148	3
Market 200(F)
1	1
3	11
5	11
9	13
10	9
13	7
15	14
17	14
26	6
28	9
30	8
32	2
34	9
35	8
36	1
38	4
40	4
41	11
44	9
45	7
47	5
53	5
54	2
55	6
58	13
60	12
61	9
64	12
66	1
68	2
69	11
70	11
71	6
72	15
77	15
80	12
83	6
86	5
88	13
89	12
90	10
91	13
92	4
94	8
96	7
97	12
99	3
103	3
104	2
107	11
109	2
112	12
115	7
116	7
117	3
126	13
128	15
129	5
132	12
134	11
138	8
140	9
143	3
148	15
149	11
150	6
Market 171
3	11
4	3
8	9
10	13
11	5
12	6
13	9
14	5
17	2
18	11
22	12
24	12
26	10
28	12
29	10
30	12
31	11
32	2
33	7
34	7
35	4
36	6
40	4
42	9
45	9
47	12
53	6
54	3
58	1
60	8
61	13
62	4
65	8
66	11
67	10
69	9
75	7
79	9
82	12
83	2
84	9
88	13
89	12
90	9
91	7
92	6
96	9
98	2
99	14
101	7
103	5
106	1
108	6
109	4
113	8
116	11
118	3
119	7
121	4
122	7
123	2
128	5
129	14
132	7
133	5
136	7
139	8
140	3
145	15
149	4
Market 127
3	14
4	9
8	4
10	12
12	15
14	15
17	15
18	12
22	9
24	4
26	5
28	4
29	3
30	13
31	1
33	6
35	5
38	13
40	14
42	11
48	2
53	3
54	1
55	1
56	7
57	4
58	7
61	6
62	9
65	1
69	6
71	2
75	11
79	3
80	3
82	9
84	13
86	2
88	12
90	13
91	7
92	9
94	2
98	5
99	6
101	11
106	12
108	9
109	6
111	9
116	3
118	2
119	14
121	6
123	4
128	12
132	3
133	1
136	7
139	11
140	4
142	7
143	14
145	3
149	9
Market 194
1	6
3	13
4	2
5	4
13	4
15	7
17	7
18	9
19	8
20	11
22	1
25	14
26	5
28	14
29	9
30	13
32	11
34	7
37	6
38	2
44	12
47	9
50	3
55	8
58	5
60	14
63	5
64	9
65	1
66	8
68	10
72	4
80	12
85	4
86	6
88	5
90	7
92	2
94	3
99	14
103	8
104	5
106	4
107	1
109	1
114	10
115	14
116	6
117	12
119	2
121	6
125	4
126	8
130	13
132	1
138	9
140	5
147	14
148	8
Market 195(F)
1	4
2	15
3	5
8	6
11	12
15	11
17	2
19	5
20	13
22	8
26	3
28	11
30	14
34	6
35	14
38	2
40	14
44	7
50	4
51	8
53	3
54	13
55	15
57	5
59	2
60	5
61	14
64	10
65	9
68	5
72	15
75	2
80	12
86	8
88	8
90	4
91	10
92	12
94	15
96	6
99	12
103	11
104	12
106	9
109	12
111	15
119	9
121	15
126	15
128	1
130	14
132	7
134	11
140	1
143	12
148	2
149	13
Market 124
2	1
3	2
4	11
5	2
6	9
8	4
10	11
11	3
12	15
15	1
17	11
18	7
20	5
22	1
25	10
28	11
29	10
30	4
31	4
34	11
35	15
37	10
38	1
40	3
44	12
45	5
51	8
53	4
54	12
56	3
59	5
60	7
61	9
62	10
64	10
65	6
69	8
72	2
73	12
75	8
80	1
82	6
84	1
86	8
88	4
90	8
91	12
94	2
99	7
101	9
103	9
104	8
105	13
106	12
109	14
111	1
115	14
116	14
118	8
119	5
121	1
126	1
130	3
131	1
132	13
133	4
134	4
135	12
136	6
140	14
143	1
148	10
149	7
Market 109
3	6
5	4
9	12
10	5
11	8
13	13
15	12
17	4
18	1
20	13
22	9
24	2
26	13
29	4
33	6
34	8
38	6
41	7
42	13
44	1
47	2
51	4
54	11
55	9
58	7
60	7
62	12
65	6
66	1
71	11
79	6
80	15
83	14
84	15
86	1
89	5
90	12
91	8
92	14
94	2
97	3
98	1
99	13
103	10
104	8
108	1
109	8
112	15
115	6
116	3
119	1
121	3
122	7
126	3
129	1
131	4
132	2
133	10
139	12
140	15
144	5
145	5
148	2
Market 31
1	8
2	13
4	15
5	10
10	13
11	12
14	14
15	12
17	6
18	11
19	15
20	2
24	15
26	14
28	2
29	13
30	2
33	12
34	5
36	5
38	10
42	15
44	4
45	8
48	8
55	12
58	10
60	2
62	10
64	14
65	15
67	4
68	6
69	10
71	3
72	6
79	13
80	7
84	13
90	3
92	5
94	4
98	13
99	1
103	9
104	6
106	11
109	1
113	10
115	12
116	7
118	6
123	15
129	4
130	14
131	5
132	3
133	13
134	12
139	4
140	7
145	5
148	12
Market 13(F)
3	1
4	14
7	5
10	4
11	2
14	3
15	13
16	6
17	9
18	14
21	12
22	5
24	5
26	12
28	4
30	9
31	6
34	15
35	5
36	14
38	8
40	15
42	7
44	4
45	13
48	12
51	11
52	2
53	8
54	5
55	6
56	3
58	15
60	12
61	15
62	7
65	3
66	9
68	9
69	4
71	13
74	4
75	10
79	10
80	10
81	9
82	8
86	13
87	4
90	8
91	6
92	9
94	5
95	3
96	7
98	13
99	4
100	11
101	8
103	6
106	1
108	6
109	15
111	9
113	1
116	6
118	11
119	15
120	12
121	2
126	13
127	3
129	12
131	9
132	13
133	5
135	7
136	8
139	10
140	2
141	5
145	6
148	15
149	7
Market 133
1	10
3	15
4	5
5	5
9	11
10	15
13	8
15	15
18	13
19	13
22	11
26	10
28	3
30	11
32	7
34	5
36	1
38	3
40	13
41	11
44	3
45	12
47	12
50	10
54	12
55	10
58	14
59	3
60	12
62	15
63	13
64	12
65	3
66	2
68	13
69	14
71	2
72	11
79	10
80	2
83	8
86	15
89	2
90	8
91	15
92	8
94	12
97	6
99	15
103	14
104	11
106	5
107	1
109	14
112	13
114	12
115	15
116	13
118	3
121	9
125	7
126	6
129	5
130	8
132	5
134	6
139	3
144	14
147	3
148	4
150	1
Market 120(F)
1	2
2	14
3	4
5	14
6	8
8	14
10	8
11	4
13	15
14	12
15	2
17	8
18	4
21	3
22	10
24	8
25	11
26	10
28	3
29	1
30	6
31	2
32	14
33	11
34	2
35	14
36	12
37	3
38	2
42	5
44	6
45	15
47	6
48	8
51	8
53	7
54	11
55	8
56	12
58	8
59	9
60	3
61	1
62	9
64	5
65	2
67	3
68	1
69	7
71	14
72	1
74	5
75	9
79	13
80	1
82	11
83	2
84	7
86	1
88	5
90	4
91	3
92	1
94	12
96	12
98	15
99	8
101	10
103	13
104	7
105	4
106	7
107	3
108	1
109	13
111	5
112	9
113	4
114	5
115	5
116	15
117	5
118	4
119	13
121	13
123	9
126	12
128	9
129	9
130	5
131	1
132	15
133	15
134	9
135	6
136	5
138	4
139	8
145	13
148	5
149	5
150	4
Market 34
1	2
2	2
3	7
4	5
7	13
10	11
11	2
14	12
15	13
16	5
21	14
24	13
26	14
28	5
29	1
30	11
31	2
34	8
35	1
36	13
38	8
44	1
45	1
48	10
50	4
54	1
55	6
56	14
58	4
60	13
61	5
62	6
65	9
68	13
69	4
71	6
72	4
74	13
75	11
79	1
80	6
81	6
82	6
86	8
87	11
88	13
90	4
91	5
92	6
96	4
98	2
99	3
101	2
104	1
106	3
108	15
109	2
111	15
113	11
118	3
119	1
123	13
126	13
127	9
129	14
131	8
133	2
134	11
135	10
136	15
139	11
140	9
141	6
149	10
Market 7
3	4
4	4
9	14
13	9
14	12
15	11
18	10
24	8
26	4
28	4
29	5
30	6
32	3
33	9
34	9
36	11
38	2
40	11
42	3
44	6
45	11
48	7
55	13
56	13
58	6
60	4
62	7
65	5
66	5
69	12
71	11
79	8
80	15
83	1
86	1
89	10
90	2
91	8
92	11
94	11
96	3
99	1
103	4
106	2
109	8
113	11
116	2
118	9
119	11
122	15
123	10
126	12
129	1
131	7
132	5
133	10
139	6
140	7
145	9
148	9
Market 28
3	6
4	14
7	5
9	3
10	4
13	3
14	8
15	5
16	5
18	10
24	8
26	8
29	3
30	11
31	2
32	1
33	13
34	12
35	6
36	14
37	14
40	15
42	14
43	12
45	10
47	15
48	3
51	10
53	14
54	3
56	15
58	14
60	5
62	9
65	13
66	3
67	7
68	3
69	5
71	3
72	3
74	7
75	2
79	13
81	10
82	1
83	5
84	9
87	13
89	12
90	14
92	3
94	10
96	2
97	7
98	8
99	4
101	15
103	10
104	2
106	6
107	9
108	11
109	4
111	8
112	15
113	1
118	13
119	7
120	7
123	6
127	12
129	2
130	2
131	10
132	4
135	10
136	5
139	14
141	5
145	2
150	11
Market 66
2	15
3	14
4	4
7	14
8	10
10	14
11	12
12	15
14	15
17	3
18	15
21	4
22	5
24	13
28	13
29	11
30	6
31	3
33	4
34	9
35	3
37	2
40	15
43	9
45	15
46	3
48	9
53	3
56	2
57	1
58	4
60	14
61	2
62	2
65	11
69	7
70	13
71	7
75	13
79	5
82	15
84	15
86	6
87	3
88	13
90	3
91	13
96	14
98	14
101	13
102	7
103	1
106	15
108	11
109	5
111	15
116	3
118	13
120	5
127	15
128	4
130	8
132	6
133	14
136	3
139	12
141	12
143	3
149	14
Market 166(F)
1	15
3	5
7	5
10	3
11	8
13	2
15	1
16	9
17	1
19	11
21	6
22	9
24	12
26	4
28	13
29	5
30	9
31	2
32	15
33	11
34	15
35	6
36	4
37	15
40	3
43	15
44	3
45	2
47	10
50	4
51	1
52	10
53	5
54	12
55	11
56	7
57	10
58	2
59	3
60	15
61	13
65	2
68	2
69	5
70	1
71	13
72	10
75	7
79	15
80	11
81	13
83	6
86	2
88	5
89	3
91	12
92	11
95	5
96	7
98	2
99	4
103	4
106	5
108	6
109	15
111	1
116	7
118	1
119	12
120	5
121	14
124	7
127	11
129	15
130	15
131	1
132	4
133	7
134	12
135	1
139	10
140	7
141	7
143	11
146	5
149	11
Market 57
3	7
4	3
9	14
10	1
14	1
15	15
17	6
18	10
22	8
24	10
28	10
29	12
32	10
33	14
34	15
36	8
40	15
41	7
44	4
47	10
48	14
54	6
58	1
60	4
61	4
62	4
65	12
66	3
68	10
69	12
76	9
79	13
83	4
84	7
89	3
90	1
91	15
93	8
94	10
96	6
97	13
98	13
103	11
104	14
107	12
108	9
112	3
113	3
117	12
118	6
121	14
123	3
128	5
129	5
130	6
131	14
132	8
133	12
138	1
140	10
144	12
150	12
Market 32
2	8
3	3
4	15
5	9
6	5
7	2
10	6
11	12
14	3
15	5
17	10
18	10
20	15
22	5
24	1
26	13
28	15
29	6
30	9
31	3
33	3
34	10
38	12
40	10
42	13
44	2
45	10
48	11
51	6
54	11
55	14
60	9
62	11
67	3
69	12
71	11
74	5
79	3
80	14
81	5
84	14
86	11
90	10
91	12
94	8
98	6
99	6
104	4
105	4
106	6
108	13
109	1
113	11
115	15
116	15
118	11
119	12
121	3
123	10
126	9
127	10
131	12
132	9
133	12
135	12
140	7
145	15
148	1
149	9
Market 29
2	15
4	13
10	5
11	3
14	1
15	14
18	10
25	12
26	15
28	6
29	5
30	3
33	4
34	4
37	7
38	6
43	10
48	15
51	12
54	7
55	1
58	2
62	7
65	11
68	4
69	3
72	3
74	10
79	13
84	9
86	7
91	14
92	9
94	4
98	6
99	9
103	5
104	5
108	5
109	10
113	14
114	7
116	9
118	14
119	11
124	13
130	13
131	9
132	9
133	4
135	14
139	9
140	3
146	11
148	11
Market 16
2	6
3	10
9	5
10	14
11	8
13	9
16	5
17	7
18	6
21	10
22	8
24	8
26	4
29	10
30	10
32	10
34	1
36	9
38	8
40	9
41	3
42	5
47	11
51	3
54	13
58	13
60	14
61	12
62	3
65	7
66	7
68	1
69	15
71	4
74	14
76	12
78	4
79	14
83	9
86	1
88	9
89	14
90	5
91	8
92	6
96	3
97	1
98	10
99	5
103	2
107	1
109	9
112	10
113	2
116	15
117	11
118	6
119	1
121	2
127	12
128	11
129	8
130	4
131	12
132	9
135	12
138	10
140	10
144	13
145	12
148	13
150	9
Market 37
2	8
3	4
7	7
9	2
10	1
11	12
13	8
16	11
17	10
18	11
22	11
23	4
28	9
29	11
30	1
32	8
34	5
36	3
40	1
41	5
45	10
47	5
52	4
54	3
56	13
58	7
60	5
62	9
65	10
66	13
69	13
71	12
74	12
78	4
81	14
83	2
87	3
89	14
90	2
91	4
92	10
94	11
95	5
97	5
100	2
103	13
106	11
109	3
112	9
116	10
118	13
120	9
121	3
127	5
129	6
131	14
132	8
135	9
138	12
139	3
141	13
144	5
145	3
149	6
150	7
Market 156(F)
1	1
2	14
3	15
5	8
7	15
8	6
10	1
11	11
15	3
17	7
19	12
20	7
21	14
22	6
26	11
28	15
30	10
31	11
34	11
35	1
38	8
39	13
40	10
44	2
50	11
51	7
52	3
53	7
54	12
55	2
56	11
57	5
59	4
60	10
62	13
63	9
65	3
68	2
72	6
74	1
79	14
80	14
81	11
82	13
90	11
91	8
92	3
94	12
95	3
96	15
99	14
100	11
104	1
106	11
109	10
111	13
116	15
118	9
119	13
120	2
121	7
126	15
127	6
128	9
130	11
132	3
134	13
135	8
139	6
140	6
141	2
143	13
147	9
148	6
Market 26(F)
1	6
2	5
3	12
4	9
6	13
7	7
8	8
9	12
10	7
11	7
13	7
15	10
16	12
17	14
18	15
21	15
22	12
24	6
26	8
29	3
30	14
31	13
32	14
34	1
35	8
36	5
38	4
40	4
41	1
42	7
44	2
45	6
47	3
51	12
53	3
55	7
58	5
60	2
61	6
65	10
66	7
68	1
69	13
70	15
71	5
72	2
74	4
76	13
77	10
79	11
80	12
81	10
83	4
86	8
88	14
89	4
90	13
91	9
92	3
94	12
96	14
97	6
98	4
99	3
101	2
103	14
105	7
107	5
108	1
109	10
111	9
112	1
113	9
116	9
117	14
118	8
119	5
121	6
127	14
128	1
129	11
130	8
131	6
132	10
133	5
134	11
135	12
136	3
138	5
139	8
140	14
143	8
144	10
145	5
148	3
149	4
Market 71
2	3
4	7
5	15
7	3
10	6
11	3
15	9
17	6
18	3
19	4
21	11
25	13
26	10
28	5
29	9
30	3
34	11
37	3
40	6
44	14
45	8
49	1
50	3
54	8
55	15
56	13
59	1
60	2
62	5
63	8
65	11
68	15
69	14
72	4
80	3
84	15
87	5
90	15
91	10
94	13
99	8
103	14
104	10
106	4
109	11
114	4
115	2
116	11
118	2
119	9
120	10
125	5
126	6
127	14
130	13
132	8
133	8
134	3
140	4
141	5
147	1
149	9
Market 186
1	3
2	7
3	11
5	15
6	11
7	10
9	7
10	9
11	14
13	15
15	5
16	1
17	1
19	15
21	11
22	12
26	8
28	13
29	15
30	2
32	8
36	4
38	10
44	6
45	1
47	15
50	2
51	3
54	3
55	9
58	10
60	10
61	10
62	13
64	6
65	6
66	12
68	14
69	10
70	4
71	4
72	4
74	1
76	11
79	1
80	11
81	2
83	8
86	3
88	4
91	2
94	15
96	2
103	6
104	11
105	6
106	5
107	8
109	1
112	1
115	6
116	13
117	2
118	13
119	13
121	13
126	12
127	1
128	7
131	12
132	13
134	7
135	12
138	8
139	4
140	7
143	5
148	9
150	7
Market 192(F)
1	1
4	7
13	2
14	14
15	6
17	10
18	11
20	6
22	15
24	10
26	7
28	7
29	14
32	12
33	3
34	8
36	15
37	15
38	4
40	10
42	2
43	14
44	13
47	6
48	9
50	13
54	13
55	2
58	10
60	15
61	6
62	1
64	2
65	13
66	4
67	6
68	4
71	1
80	13
83	8
86	1
88	6
90	7
91	11
92	10
93	11
94	2
98	9
104	4
106	12
108	9
109	10
113	8
115	11
117	9
118	12
119	11
121	7
123	2
126	2
128	14
129	2
130	1
131	12
132	6
133	14
134	11
139	8
140	9
145	7
148	4
Market 107(F)
3	3
4	1
8	1
10	11
12	11
13	13
15	11
17	10
22	5
25	2
28	9
29	5
31	10
32	7
33	15
34	15
35	1
37	12
40	14
44	9
45	13
47	5
48	6
53	7
54	11
56	3
57	1
58	12
59	5
61	4
62	14
65	10
66	14
68	7
69	6
70	14
72	7
75	6
79	2
82	8
83	7
84	9
88	15
90	7
91	12
92	5
94	5
96	15
98	8
101	4
102	2
103	4
104	2
106	13
108	11
109	13
111	14
114	1
116	10
118	7
121	14
125	8
128	5
130	9
132	9
133	5
136	15
137	6
140	8
143	3
146	9
149	12
Market 136
2	11
3	13
4	13
7	10
8	10
9	2
10	6
11	11
12	3
15	6
16	3
17	9
21	14
22	12
25	10
26	1
30	1
31	9
32	13
34	5
35	9
38	13
41	2
44	2
45	9
47	13
52	11
53	1
54	2
55	3
57	10
58	6
60	8
62	13
65	4
66	4
69	2
70	11
71	10
72	9
74	2
75	9
79	11
81	1
82	15
86	14
87	2
88	1
89	13
90	12
91	1
92	3
94	12
95	13
96	10
97	4
100	1
101	1
103	2
104	2
106	9
107	8
109	11
111	5
112	9
114	10
119	2
120	8
121	7
125	8
127	8
128	8
129	6
130	6
131	15
135	4
141	15
143	1
144	13
148	3
149	7
Market 105
2	2
3	3
4	6
7	9
10	15
11	2
15	2
16	13
17	4
18	5
21	3
22	14
25	8
26	4
28	8
29	2
30	1
31	1
33	9
35	4
37	5
43	13
45	3
48	13
52	5
53	4
54	3
56	7
58	4
59	3
60	4
61	10
62	12
65	1
68	1
69	2
71	10
72	7
74	2
75	8
79	13
81	7
82	11
84	6
86	12
87	15
88	12
90	5
91	3
92	5
94	5
95	5
96	12
98	15
100	1
101	15
103	12
104	3
106	6
108	13
109	9
111	12
114	7
118	2
120	13
124	13
127	13
130	2
131	8
132	15
133	14
135	15
136	11
139	14
141	12
146	2
Market 93
2	3
4	15
5	1
10	13
11	6
15	2
18	5
20	5
25	5
28	4
29	7
30	2
33	12
34	13
37	2
38	5
43	9
45	15
51	12
54	15
55	15
59	14
60	2
62	3
64	2
65	4
68	15
69	14
72	15
74	13
79	5
80	13
84	10
86	8
90	1
91	4
94	3
98	10
99	7
104	10
106	12
108	11
109	4
114	15
115	10
116	2
118	9
119	2
124	9
125	8
130	3
131	12
132	2
133	2
139	6
140	1
146	3
147	12
148	11
Market 15(F)
2	13
3	3
8	14
10	14
11	8
12	3
13	12
15	10
17	5
20	4
22	12
26	3
28	3
30	12
31	4
34	6
35	9
36	13
40	15
45	7
47	1
51	11
53	8
54	9
57	1
58	3
60	2
61	15
62	11
65	2
66	15
69	15
70	14
75	6
80	6
82	12
83	12
86	5
88	13
90	6
91	10
92	14
94	5
96	2
99	6
101	6
103	8
104	9
106	9
109	14
111	6
116	15
118	12
119	1
121	3
128	14
129	11
131	6
132	1
136	8
137	9
140	7
143	10
148	4
149	13
Market 58
2	4
3	4
4	11
7	11
9	3
10	4
11	4
13	4
14	14
15	12
16	15
17	7
18	8
21	13
24	11
28	11
29	3
32	4
33	10
36	14
40	4
41	5
42	2
45	3
47	6
48	8
54	7
56	1
58	15
60	10
65	13
66	11
68	9
69	6
71	6
74	11
79	10
83	1
84	13
89	3
90	2
91	10
92	14
97	8
103	14
104	2
106	3
107	13
112	8
113	6
116	7
118	12
120	13
121	7
127	5
129	5
132	9
133	3
139	7
141	5
145	5
Market 47
2	10
3	9
4	11
9	12
10	5
11	5
13	11
14	6
18	8
22	15
28	12
29	15
32	13
33	15
34	13
36	14
37	5
41	3
43	9
47	3
48	14
54	13
58	10
60	8
62	7
65	6
66	15
69	2
71	10
74	12
77	8
83	12
84	1
89	14
90	11
91	3
92	3
97	14
98	13
99	15
103	13
107	15
108	2
112	2
113	1
117	9
121	1
129	2
130	13
131	10
132	3
133	6
138	2
139	8
144	6
150	5
Market 69(F)
2	9
4	8
6	10
10	12
11	12
14	13
15	7
18	13
21	12
24	3
26	2
28	10
29	12
30	10
33	2
34	12
36	10
37	1
38	10
42	15
43	7
48	3
51	9
54	3
55	11
58	8
60	12
62	14
65	5
67	4
68	7
69	2
71	5
74	4
79	14
80	11
84	9
86	7
90	2
91	8
92	15
93	1
94	12
98	6
99	5
103	7
105	3
108	12
109	9
113	1
116	8
118	10
119	10
123	12
124	7
126	10
129	1
130	2
131	12
132	1
133	13
139	6
140	1
145	4
146	13
148	5
Market 20
1	13
2	10
3	11
4	10
5	2
8	4
9	2
11	4
16	8
18	15
19	7
21	11
22	9
24	8
25	12
26	13
28	10
29	11
30	5
31	5
32	13
34	3
35	15
36	14
37	14
38	4
40	3
41	12
42	9
44	12
45	3
47	3
48	15
50	4
51	11
53	10
54	7
58	5
59	8
60	10
61	12
62	2
63	5
65	7
66	15
68	14
69	12
71	12
72	4
74	11
75	4
79	4
80	14
82	12
83	2
86	2
88	10
89	8
90	11
91	2
92	1
94	9
96	8
97	3
98	14
99	8
103	4
106	1
107	8
108	1
111	15
112	12
113	4
114	9
115	9
116	3
118	2
121	7
125	8
126	15
127	2
128	14
129	1
130	1
131	10
132	2
133	6
134	11
135	14
139	7
140	6
144	6
145	4
147	8
149	13
Market 159
3	6
4	7
8	12
9	2
10	2
13	15
18	5
22	12
24	9
28	1
32	4
35	15
36	1
37	11
40	9
43	5
47	12
48	9
53	2
54	15
58	3
61	13
62	12
65	9
66	13
68	7
70	4
71	1
77	13
78	15
79	15
83	10
84	6
88	14
90	9
92	7
93	8
96	6
97	15
98	13
103	9
107	8
112	11
113	1
117	11
118	5
121	5
124	2
128	9
132	9
133	8
138	15
139	5
143	5
144	14
146	4
149	15
150	3
Market 35
3	12
4	15
8	6
9	3
10	2
11	12
12	14
13	15
17	6
22	10
24	9
28	12
29	13
31	7
32	3
34	5
35	8
41	8
42	2
45	15
47	9
53	6
54	11
56	5
58	4
61	13
62	11
65	14
66	13
70	14
71	8
75	7
79	14
82	2
83	2
88	1
89	12
90	12
91	8
92	2
96	5
97	4
99	2
101	5
103	5
107	5
109	3
112	8
116	1
118	14
119	1
128	14
133	2
136	2
139	12
144	13
145	2
149	8
Market 137
2	8
3	14
4	11
10	8
11	11
12	4
17	1
18	12
21	13
26	1
28	7
30	12
31	6
33	7
34	14
35	3
38	13
40	2
45	5
51	12
53	14
54	3
55	1
56	3
59	6
60	7
61	3
62	14
65	14
68	6
72	13
74	12
75	10
82	15
86	14
88	15
90	7
91	12
92	13
94	15
96	12
99	9
101	13
106	10
109	2
116	4
118	12
119	9
121	9
128	4
130	6
131	15
132	7
133	2
135	2
140	14
141	3
143	13
148	12
Market 64(F)
2	12
3	1
7	11
9	11
10	14
11	7
13	10
14	14
15	5
16	6
17	2
18	6
21	15
24	6
25	5
26	14
28	12
29	3
31	15
32	7
33	12
34	7
35	5
37	12
40	3
43	9
45	14
47	9
48	14
52	12
54	9
56	6
58	9
59	14
60	1
62	1
66	9
71	1
72	3
74	7
79	12
81	8
82	11
84	9
86	12
87	10
89	14
90	15
91	6
92	2
95	10
96	9
98	13
99	10
101	13
103	9
104	2
106	9
108	12
109	11
111	1
112	9
113	9
114	7
116	6
118	4
119	2
120	8
121	9
127	13
129	12
130	14
132	2
135	1
149	15
150	10
Market 8
2	6
4	12
6	12
10	5
14	2
15	13
18	9
20	3
24	14
26	12
28	8
29	9
30	1
32	5
33	3
43	12
44	6
48	6
51	11
54	4
55	5
58	3
60	7
62	9
66	4
67	10
68	1
69	7
71	11
80	3
83	5
84	15
86	13
90	11
91	9
92	11
94	3
99	3
104	1
108	1
109	10
113	14
115	3
116	15
118	15
119	9
123	8
124	3
126	4
130	10
131	13
132	14
133	5
135	2
140	1
145	3
146	14
148	10
Market 188
1	4
2	4
3	3
4	15
5	1
7	2
8	10
9	5
10	12
12	9
13	9
17	5
22	2
26	10
28	7
30	4
31	3
32	9
34	4
35	13
36	6
40	8
44	4
45	3
47	2
50	1
51	12
53	5
55	2
56	13
57	7
60	6
61	10
64	5
65	14
66	7
68	6
69	14
71	4
72	13
74	1
75	7
76	14
80	9
82	11
83	11
86	9
88	1
90	14
91	15
92	13
94	10
96	10
99	11
101	6
103	1
104	11
107	2
109	14
111	9
112	4
115	4
116	2
117	1
119	14
121	1
126	8
127	7
128	5
130	8
131	4
132	14
134	10
136	7
140	11
141	9
143	14
144	6
148	10
149	15
150	8
Market 43
2	14
3	1
4	11
7	11
10	11
14	10
15	4
16	3
17	8
18	6
21	2
22	7
24	9
26	5
28	15
29	2
30	2
33	12
34	2
36	9
37	6
38	13
40	2
43	8
45	13
51	4
54	6
55	6
56	3
58	3
60	12
62	15
65	13
66	14
67	11
69	10
71	8
74	14
79	1
81	3
84	1
86	8
90	11
91	10
92	7
94	4
95	7
98	3
99	6
103	3
106	9
108	13
109	10
113	12
116	4
118	14
119	10
121	11
123	9
130	8
131	15
132	8
133	6
135	9
139	4
140	15
141	5
148	13
149	8
Market 115
2	15
7	3
9	14
11	12
13	5
15	13
16	15
17	12
21	11
26	3
30	14
31	7
34	9
36	4
39	4
44	11
45	9
47	2
51	7
52	15
54	1
55	6
56	7
58	1
60	2
62	2
65	8
69	13
71	14
74	5
81	5
83	2
86	2
87	7
89	8
91	15
92	9
94	3
95	15
97	3
99	5
100	7
103	8
106	11
107	10
109	1
111	12
112	15
116	7
118	4
119	6
120	3
129	8
131	1
132	4
135	3
138	8
140	3
144	15
149	2
150	4
Market 42
2	4
3	6
4	11
5	6
6	6
7	11
9	14
10	14
11	11
13	1
14	13
15	5
16	2
18	15
20	6
21	14
24	15
26	8
28	9
30	7
32	10
33	14
34	4
36	12
37	10
38	15
44	4
47	6
48	6
51	1
54	3
55	4
56	13
58	13
60	2
62	1
64	11
66	11
67	11
68	14
69	5
71	1
72	8
74	6
79	9
80	12
81	2
83	5
84	6
86	9
89	7
90	15
91	1
92	11
94	10
95	14
97	9
98	10
99	10
103	12
104	14
106	4
107	14
108	1
109	7
112	6
113	6
115	14
116	7
118	3
119	1
123	4
129	13
130	6
131	6
132	3
133	8
134	12
135	13
139	15
140	2
145	14
Market 102
1	10
2	6
4	9
5	9
10	5
11	7
15	6
17	7
18	12
19	14
20	3
26	11
28	14
29	9
31	4
33	14
37	4
38	13
40	7
44	5
48	7
50	2
53	6
54	14
55	7
59	11
60	15
61	2
62	7
63	11
64	14
65	5
68	11
69	2
72	6
74	10
75	2
79	3
80	5
82	6
86	10
90	4
91	7
92	1
96	4
98	9
99	15
106	11
108	13
109	1
111	12
114	3
115	10
116	7
118	12
119	6
124	14
125	14
126	7
130	5
131	5
132	2
133	9
134	7
136	6
139	10
140	1
146	3
147	11
148	5
Market 95
2	11
5	8
7	4
11	15
15	11
16	3
17	4
21	1
26	15
28	13
30	4
31	10
34	8
35	2
36	4
38	4
40	2
44	2
45	3
51	6
52	1
53	4
54	10
55	11
56	13
58	12
60	8
64	6
65	9
66	12
68	11
69	4
71	7
72	6
74	11
75	12
80	5
82	6
86	11
87	8
91	13
94	6
95	10
96	10
99	1
100	15
101	10
103	10
104	3
106	1
109	14
111	10
115	10
116	8
119	5
120	4
126	3
127	7
129	13
132	14
134	10
135	5
136	12
140	14
141	5
148	9
149	7
Market 55
3	14
4	2
5	1
8	8
10	8
11	8
12	8
14	1
15	6
17	15
18	9
20	1
22	15
24	1
26	2
28	3
29	15
30	10
33	13
34	6
35	3
37	10
38	7
40	14
43	5
44	5
45	5
47	14
48	13
51	5
53	13
54	10
55	5
56	13
58	12
60	13
61	9
62	3
65	1
66	5
68	15
69	14
71	5
75	10
79	6
82	9
84	7
86	14
88	12
91	7
92	11
93	7
94	14
96	5
98	8
99	11
101	5
103	2
104	3
106	10
108	8
109	10
111	7
113	11
115	10
116	9
118	15
119	11
120	5
121	8
123	7
126	12
127	11
128	3
130	12
131	13
132	8
133	15
134	12
136	13
139	4
140	8
141	10
143	1
145	11
148	15
149	9
Market 67
3	5
4	3
8	8
9	13
10	10
13	14
15	12
17	15
18	3
24	10
29	10
30	3
32	6
33	12
36	12
37	7
40	1
41	12
43	10
44	8
47	3
48	13
53	4
54	3
55	1
58	7
60	15
61	7
62	14
66	10
68	5
70	6
71	3
76	9
77	4
80	2
83	13
84	5
88	14
89	5
90	9
92	5
94	13
96	8
97	8
98	5
99	7
103	13
104	8
106	15
107	14
108	10
109	14
112	11
113	4
116	8
117	9
118	14
119	3
121	9
124	10
128	12
129	15
130	12
132	12
133	5
134	13
138	11
139	11
140	9
143	10
144	9
146	15
150	9
Market 144
1	6
2	8
3	4
4	13
5	5
8	3
10	5
11	7
12	9
15	9
16	2
17	3
18	15
19	15
20	9
21	8
22	7
25	5
26	4
28	2
30	10
31	14
34	3
35	8
37	4
38	3
44	1
45	7
50	9
51	13
53	1
55	15
58	5
59	14
60	14
61	8
63	3
64	9
65	2
68	15
69	7
73	11
74	7
75	15
80	6
82	15
86	3
88	11
90	13
91	6
94	12
96	2
99	11
101	4
106	13
109	6
111	13
114	7
115	12
116	2
121	3
125	1
126	14
127	2
128	2
130	9
131	14
132	14
134	12
135	2
136	7
140	13
143	5
147	14
148	13
149	9
Market 152
3	6
4	12
8	13
10	13
12	13
14	7
15	4
17	3
18	9
22	5
24	8
25	14
28	8
29	8
30	4
31	14
33	12
34	6
35	15
37	1
40	2
43	14
44	14
48	1
50	2
53	13
54	6
55	6
58	10
59	10
61	10
62	3
63	9
65	14
68	4
71	12
72	9
75	13
79	1
80	13
82	4
84	4
88	7
90	9
92	9
93	2
94	5
96	2
98	13
99	7
103	11
104	11
106	11
108	3
109	12
111	10
113	3
114	9
116	8
118	6
119	8
121	15
124	2
125	11
130	4
132	4
133	10
136	3
139	13
140	1
143	11
146	6
147	13
149	11
Market 106
2	9
3	8
4	2
8	15
10	4
11	10
12	8
15	14
17	14
18	12
22	6
25	15
28	15
29	11
31	12
33	4
34	13
35	4
37	11
40	10
43	15
45	11
48	3
53	10
54	14
59	11
61	8
62	2
65	13
68	2
72	4
75	8
79	13
82	3
84	9
88	11
90	6
91	3
94	8
96	13
98	13
99	7
104	10
106	15
108	1
109	11
111	4
114	4
116	8
118	2
119	1
120	3
121	3
124	2
127	13
128	13
130	10
133	10
136	4
140	10
141	3
142	2
146	14
149	13
Market 77(F)
2	5
3	13
7	8
8	13
9	15
10	2
11	4
13	1
17	3
21	14
28	10
32	3
34	3
35	1
36	7
40	14
45	1
47	2
54	13
56	6
57	7
58	11
61	2
62	10
65	15
66	14
69	11
70	5
71	4
75	11
76	5
83	5
88	4
91	8
92	12
96	5
103	3
106	1
107	6
111	7
112	11
116	10
117	10
121	11
127	13
128	6
132	4
138	14
141	14
143	13
144	5
149	10
150	13
Market 6(F)
2	6
3	13
4	2
8	5
9	11
10	2
11	8
12	10
13	11
17	6
22	6
24	15
26	9
28	9
29	7
30	6
31	1
32	12
34	9
35	6
36	6
38	1
40	8
41	12
42	7
47	8
51	9
53	10
54	1
55	15
58	4
60	4
61	10
65	8
66	1
69	4
71	4
74	13
75	8
77	12
79	8
82	12
83	4
86	12
88	1
89	8
90	9
91	15
92	7
94	6
96	15
97	12
98	11
99	11
103	13
106	1
107	5
108	15
109	12
111	6
112	1
113	3
116	15
117	10
118	13
119	14
121	9
122	3
128	13
129	1
131	14
132	2
133	2
135	11
138	13
139	15
140	10
143	8
144	13
145	10
149	9
Market 53
2	8
3	5
5	13
6	4
7	11
10	10
11	15
16	8
21	15
26	7
30	7
34	13
38	5
40	12
44	4
45	14
51	11
54	10
55	1
56	7
60	12
62	2
65	13
74	12
79	15
80	10
81	1
86	9
91	13
92	5
94	12
95	10
99	7
104	8
105	6
106	8
109	2
115	2
116	5
118	2
119	14
126	10
127	15
134	8
135	5
139	13
140	3
149	14
Market 151
2	14
3	10
4	12
8	12
10	6
11	6
14	9
15	6
16	14
17	8
18	8
21	2
22	9
24	4
26	4
28	15
29	6
30	12
31	3
33	4
34	5
36	2
37	15
40	7
42	14
43	11
44	13
48	5
53	9
54	7
55	12
58	4
60	11
61	4
62	1
65	7
67	13
68	13
69	13
71	15
72	9
74	15
75	3
79	14
82	7
84	2
86	10
88	4
90	2
91	10
92	7
94	9
96	15
98	7
99	15
103	11
104	9
106	6
108	7
111	10
113	2
116	10
118	3
123	5
129	12
130	9
131	14
132	11
133	4
135	13
136	5
139	14
140	10
145	12
149	9
Market 39
1	15
2	1
3	8
4	7
5	7
7	3
9	5
10	11
11	12
13	13
14	6
15	9
16	5
18	9
20	7
21	13
22	4
24	15
28	5
29	2
30	8
32	4
33	3
36	3
37	7
38	13
41	10
43	7
44	7
45	3
47	1
48	2
51	3
54	9
55	12
56	14
59	10
62	2
65	11
66	11
68	13
69	3
71	3
72	9
74	3
79	8
81	1
83	12
84	6
86	10
89	5
90	7
91	6
92	4
93	15
94	13
95	7
97	9
99	10
103	5
104	8
107	1
108	7
109	7
112	5
113	13
115	7
116	8
118	2
119	9
121	13
123	1
124	5
126	12
127	10
129	4
130	5
131	3
132	1
133	4
134	9
135	14
139	14
140	15
144	4
146	7
148	1
Market 87
1	8
3	11
5	1
7	14
8	12
10	3
11	12
12	3
13	14
15	14
17	6
22	13
26	12
29	10
30	14
31	7
32	8
34	7
35	7
36	8
38	7
40	10
44	2
45	12
47	3
53	13
56	10
57	4
58	15
60	8
61	13
62	13
64	10
65	3
66	3
69	11
70	3
72	1
75	14
76	15
79	15
80	6
82	10
86	9
90	9
91	2
92	10
99	12
102	3
103	9
104	7
106	8
109	15
111	4
112	2
115	5
116	4
117	9
119	6
120	5
121	8
126	6
128	7
132	8
134	5
137	3
138	6
140	14
141	13
143	1
148	6
149	2
150	13
Market 3
2	7
3	11
7	15
11	14
15	4
16	15
17	13
21	4
26	10
28	8
30	8
31	11
34	14
35	9
38	13
40	11
44	14
45	14
52	1
53	13
54	1
55	1
56	12
60	10
61	3
62	12
65	2
69	11
74	5
75	13
79	10
80	6
81	13
82	12
86	2
87	8
91	2
92	6
94	15
96	13
99	14
100	10
101	14
103	11
106	3
109	3
111	14
116	10
118	8
119	11
120	12
127	10
132	15
136	12
139	11
141	5
148	10
149	11
Market 153(F)
1	2
3	3
4	11
5	13
10	5
11	15
15	4
17	8
18	9
19	15
20	4
22	12
25	10
26	14
28	7
29	4
30	15
34	8
37	15
38	1
44	11
50	4
51	8
54	14
55	5
59	13
60	7
62	1
63	11
65	14
66	12
68	6
69	12
72	2
74	9
80	2
84	15
86	5
90	13
91	2
94	13
99	15
104	8
106	3
109	11
114	13
115	3
116	11
119	3
121	14
125	8
126	5
130	14
131	14
132	12
133	14
134	12
140	14
147	14
148	11
149	13
Market 60
2	1
3	4
4	1
7	14
10	12
11	3
14	13
15	14
16	11
17	11
18	6
21	5
22	2
24	1
25	10
28	4
29	15
30	13
33	1
34	9
37	11
38	9
40	13
43	15
44	11
45	11
48	12
54	9
55	12
56	12
58	15
59	10
62	5
68	8
69	13
71	2
72	1
74	6
79	14
84	10
86	2
87	9
90	11
91	14
92	1
93	10
94	10
98	4
99	7
103	4
104	3
106	15
108	3
109	14
113	1
114	8
116	5
118	4
119	2
120	15
124	11
125	3
127	8
130	15
132	6
133	3
139	3
140	3
141	12
146	15
149	12
Market 198
1	5
2	4
3	13
4	14
5	13
7	13
8	14
10	3
11	4
12	15
13	12
15	13
16	4
17	13
18	5
21	7
22	14
26	2
28	10
31	8
32	2
34	11
35	2
36	15
37	2
38	10
40	2
44	3
45	15
47	13
50	12
51	3
53	8
54	1
55	12
56	12
58	13
59	12
60	4
61	9
64	6
65	14
66	4
68	14
69	10
72	13
74	4
75	8
80	4
82	1
86	6
87	4
88	6
92	1
94	2
96	13
99	12
101	13
103	15
104	7
106	7
107	6
109	11
111	13
112	10
115	8
116	14
117	9
119	3
120	5
121	12
126	13
127	11
128	2
130	5
132	7
134	10
135	7
136	2
138	3
140	9
148	1
149	15
Market 88
2	3
3	15
4	11
7	11
9	10
10	4
13	13
15	10
17	4
18	3
20	7
22	2
24	15
26	4
29	7
30	15
31	2
32	4
33	14
34	9
35	11
36	8
37	10
38	13
40	3
41	13
43	6
44	8
45	14
47	13
51	10
53	1
55	8
56	6
58	1
60	3
61	11
62	3
65	5
66	12
68	11
69	11
71	10
72	2
75	8
79	3
80	11
82	5
83	3
86	5
88	4
89	2
90	6
91	10
92	11
94	14
96	13
97	4
98	7
99	2
101	1
103	9
106	4
107	13
108	4
109	5
116	12
117	8
118	10
119	13
120	8
121	10
127	1
129	15
130	8
131	7
132	13
133	3
136	5
138	1
139	8
140	1
141	15
144	4
146	4
148	1
149	15
150	9
Market 14
2	8
3	3
7	7
8	4
10	10
11	14
12	6
13	1
16	7
17	6
18	7
21	3
22	7
24	13
26	14
28	13
29	6
30	12
31	6
32	14
34	13
35	12
36	13
38	10
40	5
42	12
45	14
47	9
51	2
53	2
54	6
55	3
56	13
58	7
60	2
62	8
65	14
66	15
69	8
71	13
74	12
75	8
79	1
81	4
82	15
83	6
86	9
88	2
91	13
92	15
95	1
96	14
98	1
99	6
101	8
103	11
106	13
107	5
109	15
112	14
116	9
118	12
120	14
121	12
127	6
128	12
129	1
131	5
132	2
133	11
135	5
136	15
138	8
139	15
140	10
141	5
143	6
145	15
148	8
149	8
150	14
Market 104
2	11
3	6
4	13
5	13
6	11
9	2
10	11
11	11
13	1
15	6
16	9
17	4
18	15
20	10
21	5
26	10
28	3
29	6
30	14
31	11
32	1
33	14
34	7
35	13
36	5
37	4
38	13
40	2
43	1
44	15
45	12
47	5
48	5
51	4
53	9
54	10
55	3
56	5
58	4
59	8
60	5
62	6
65	10
66	4
68	11
69	4
71	3
72	9
74	12
75	2
80	2
81	10
82	5
83	3
84	8
86	3
88	6
90	10
91	5
92	1
94	11
97	14
98	13
99	13
101	3
103	5
104	10
105	14
106	5
107	3
108	14
109	1
111	2
112	8
115	4
118	6
119	13
121	3
124	6
126	14
127	12
129	6
130	5
131	2
132	6
133	2
134	3
135	1
136	9
140	4
144	4
146	12
148	2
150	2
Market 174
1	1
3	1
5	2
8	1
10	10
13	10
17	8
19	11
22	10
26	11
28	15
30	2
32	5
34	8
35	9
38	15
40	8
44	8
50	11
53	7
54	3
55	3
58	4
59	12
60	14
61	9
62	3
64	14
65	5
66	1
68	2
69	15
70	5
72	11
76	5
80	11
83	8
86	1
88	8
90	3
91	4
92	11
94	10
103	1
104	12
107	9
112	4
114	5
115	7
116	15
117	9
118	3
119	15
121	13
126	9
128	11
130	10
132	14
134	11
138	3
140	12
143	10
148	3
149	15
Market 30
1	6
2	8
3	14
4	11
7	12
10	13
11	2
13	5
14	13
15	8
16	2
18	9
19	7
21	15
24	7
25	7
26	13
28	13
29	1
33	11
34	5
38	4
42	13
44	1
45	13
48	11
49	10
50	1
51	4
54	15
55	11
58	13
59	10
60	4
62	7
63	2
65	15
67	14
68	15
69	12
71	14
72	6
74	2
79	1
80	10
81	11
83	14
84	13
86	11
90	10
91	5
92	6
98	14
99	4
103	8
104	5
106	13
109	13
113	13
114	8
116	10
119	15
123	13
125	8
127	13
129	4
130	3
131	1
132	5
133	3
134	14
135	5
139	2
140	1
145	9
147	9
Market 75
2	6
3	11
7	1
8	11
9	14
10	4
11	3
13	3
15	7
17	5
21	5
22	14
28	9
30	11
31	1
32	3
34	2
35	15
36	14
38	14
40	7
45	3
47	5
53	12
54	1
55	7
56	15
58	15
60	11
61	13
65	6
66	5
68	15
69	14
71	8
75	11
80	1
82	2
83	5
86	12
87	15
88	6
90	6
91	5
92	15
94	14
96	2
99	4
101	5
103	9
104	15
106	15
107	5
109	13
111	9
112	10
116	1
119	6
120	12
121	5
127	12
130	6
132	7
136	2
138	1
140	8
141	5
144	10
149	5
150	4
Market 4
2	6
3	2
7	5
8	11
10	8
11	6
12	10
13	2
15	1
17	1
18	7
21	4
22	13
24	9
26	2
28	2
29	8
30	10
31	1
32	12
34	5
35	7
36	4
38	5
40	3
45	13
47	9
53	8
54	3
55	3
56	15
58	2
60	11
61	11
62	11
65	7
66	12
68	15
69	15
72	10
74	13
75	3
79	5
80	4
82	7
83	13
86	9
88	1
89	6
94	5
96	8
99	12
103	12
104	9
105	4
111	3
116	1
118	3
127	2
128	3
129	9
131	5
132	10
135	15
136	7
139	9
140	10
141	15
143	11
148	7
Market 134
1	13
2	8
3	10
4	3
5	15
7	3
8	4
10	14
11	6
12	11
15	4
17	10
18	8
20	2
22	10
25	15
26	4
28	4
30	12
31	12
35	9
37	14
38	8
40	4
44	12
45	11
51	14
53	3
54	10
55	14
58	11
59	10
61	9
62	12
64	3
65	3
68	15
69	13
71	3
72	4
74	14
75	9
79	13
80	14
82	3
86	8
88	10
90	6
91	6
92	14
94	12
96	10
99	6
101	11
103	11
104	14
114	5
115	15
118	3
119	14
121	2
125	5
126	10
127	11
128	9
130	7
131	4
132	3
134	10
136	3
139	2
140	9
143	7
148	5
149	5
Market 22
2	12
4	10
6	1
7	5
10	15
15	5
16	9
18	3
20	15
21	8
24	8
26	12
28	2
29	3
30	2
31	14
34	11
36	2
38	13
40	10
42	13
44	4
51	15
54	14
55	3
58	9
60	15
62	7
69	8
71	6
72	1
74	9
79	2
80	10
81	10
86	1
91	8
92	11
94	13
96	2
98	13
103	12
104	9
108	7
109	6
111	5
113	5
116	6
118	4
119	14
126	7
127	3
129	8
131	12
132	14
133	11
135	2
136	8
139	1
140	6
145	4
148	1
149	6
Market 40
2	12
4	10
7	5
10	12
11	14
14	8
15	15
16	14
18	11
21	3
24	13
25	13
28	12
29	11
30	3
33	6
34	11
36	5
37	12
42	5
44	15
45	5
48	7
54	15
55	7
58	15
59	14
60	4
62	12
63	4
65	7
68	6
69	6
71	3
72	11
74	1
79	11
81	2
84	15
86	14
90	13
91	12
92	11
94	6
95	11
98	4
99	4
103	8
104	14
106	15
108	10
109	7
113	3
114	15
116	8
118	2
119	8
123	3
125	6
127	2
129	3
130	6
131	4
132	8
133	6
134	11
135	10
139	5
140	1
145	15
146	6
149	8
Market 97(F)
2	13
3	5
4	4
8	3
10	3
11	2
12	2
13	13
18	10
21	8
22	3
26	2
28	6
30	4
31	1
32	8
33	4
34	9
35	8
36	1
40	15
45	15
47	4
48	11
53	1
54	2
57	14
58	4
60	4
61	6
62	1
65	6
66	7
69	12
70	2
71	5
75	3
79	12
82	12
83	12
84	9
88	7
90	5
94	7
96	9
98	1
99	6
101	5
103	9
106	9
108	13
109	10
111	6
116	2
117	7
118	10
119	4
121	4
127	5
128	10
132	2
133	6
136	8
137	12
139	6
143	12
149	13
Market 187
2	6
3	7
7	11
9	14
10	5
11	9
13	3
16	2
17	14
18	8
21	9
28	13
29	2
30	15
31	4
32	12
33	8
34	8
35	8
36	1
37	6
45	13
47	7
53	6
56	10
60	7
61	1
62	6
66	11
68	7
69	12
70	11
74	12
76	2
81	12
82	8
83	14
84	9
87	14
88	13
90	15
91	14
92	12
95	2
96	14
100	9
101	4
103	7
107	12
109	6
111	7
112	7
116	5
117	1
118	10
120	4
121	2
127	10
130	13
131	2
132	12
133	8
135	6
136	1
138	2
141	8
144	2
149	6
150	9
Market 101
3	15
10	3
11	2
15	10
17	15
18	11
22	11
25	10
28	12
29	5
33	5
34	14
37	5
44	13
45	1
48	11
54	15
59	11
60	4
62	11
65	8
69	4
79	3
84	8
86	9
90	9
91	5
92	10
94	6
98	9
104	7
108	6
109	2
114	12
116	4
118	12
121	2
124	14
125	8
130	4
131	7
132	13
133	11
139	10
140	10
146	14
147	9
Market 86
2	6
3	11
4	9
7	14
8	3
10	5
11	13
12	14
15	2
17	3
18	10
21	6
22	5
24	5
25	4
29	2
31	13
33	6
34	11
35	7
37	15
40	4
43	15
45	2
48	10
53	2
54	10
56	7
57	14
59	3
61	13
62	1
65	9
68	15
69	1
72	1
75	8
82	8
88	3
90	15
91	12
92	12
94	3
96	14
98	10
101	14
106	3
108	9
109	9
111	2
114	7
116	4
118	13
120	3
121	11
124	14
127	11
128	12
132	15
133	12
136	8
139	9
140	12
141	7
142	12
143	15
146	7
149	2
Market 165(F)
1	9
2	14
3	10
5	3
6	4
10	9
11	7
15	6
17	10
19	3
20	8
22	1
26	14
28	14
30	4
34	10
38	4
40	15
44	14
50	11
51	3
54	6
55	14
59	6
60	10
61	8
65	13
68	15
69	2
73	15
74	1
80	15
86	9
90	10
91	10
92	7
94	4
99	1
104	12
105	4
106	12
115	2
116	8
119	11
121	10
126	9
130	11
131	12
132	8
134	1
135	5
140	1
148	3
149	13
Market 92
1	3
4	1
5	3
11	6
15	11
17	10
18	6
19	1
25	9
26	4
28	12
29	15
31	15
33	2
34	13
35	10
37	2
38	3
40	2
43	12
44	6
45	10
48	1
50	1
53	11
54	5
56	14
59	14
64	15
65	14
68	13
69	10
72	6
75	1
79	15
80	13
82	13
84	4
86	9
90	11
91	7
94	6
98	6
99	2
104	14
106	8
108	11
109	6
111	2
115	4
116	14
118	5
119	10
120	10
124	15
125	4
126	3
127	8
130	5
132	9
133	7
134	7
136	15
139	7
141	2
147	1
148	14
149	9
Market 96
3	10
4	14
8	11
9	8
10	7
11	1
12	13
13	4
17	11
18	13
22	15
29	10
31	6
32	13
33	14
35	6
36	10
37	3
40	6
43	9
47	11
48	7
53	2
54	15
56	13
61	2
62	3
65	1
66	6
68	7
69	9
71	11
72	7
75	8
82	13
83	7
84	14
88	6
89	11
90	13
91	7
92	15
94	5
97	2
98	14
101	11
103	7
106	14
108	12
111	13
116	8
118	12
120	9
124	12
127	4
128	2
129	9
130	14
132	3
133	9
136	15
139	12
141	10
143	11
146	6
Market 140
3	7
4	12
8	14
9	12
10	5
12	4
14	12
15	11
17	3
22	11
25	11
26	15
28	14
29	13
30	14
31	4
32	3
33	5
34	15
35	1
36	7
37	9
38	5
40	13
42	9
44	3
45	4
47	14
53	6
54	3
55	7
58	15
59	4
60	3
61	9
62	13
66	10
68	14
69	10
71	13
72	9
75	11
79	7
80	11
82	4
84	3
86	7
88	14
89	6
90	12
91	7
92	14
94	5
96	5
97	5
98	7
99	14
101	12
103	3
104	9
106	9
107	6
108	9
109	14
112	6
113	4
114	6
116	11
118	2
119	4
121	6
122	4
123	5
125	2
128	4
129	5
130	5
131	3
132	5
133	7
136	9
139	7
140	3
143	15
145	10
147	3
148	3
149	11
Market 173
3	7
4	1
10	4
15	12
22	11
25	14
28	12
29	13
33	7
37	14
43	15
44	14
45	6
48	11
50	5
54	9
55	12
59	8
65	1
68	3
72	11
79	2
84	2
90	15
92	8
94	14
98	9
99	5
104	5
106	1
108	2
109	7
114	14
116	15
118	4
119	15
121	3
124	9
130	1
132	12
133	4
134	2
139	10
140	3
147	5
Market 162
4	11
8	10
13	4
14	6
15	14
17	8
18	8
19	10
22	2
24	9
28	8
29	9
31	13
33	7
34	10
35	1
37	9
38	1
40	1
47	7
48	13
50	4
53	10
54	10
55	1
57	14
58	2
59	12
61	12
62	4
65	7
68	12
70	12
72	11
75	13
79	15
80	4
82	3
84	13
86	5
88	9
90	13
91	1
92	11
93	5
94	8
96	11
98	15
103	7
104	13
106	4
108	8
109	2
111	9
113	11
114	6
116	13
118	14
119	10
121	4
124	7
128	6
130	9
132	14
133	2
134	10
137	3
139	9
143	9
149	1
Market 83
2	15
4	12
5	9
6	7
10	5
11	9
15	10
18	15
20	3
24	4
26	4
28	2
29	1
30	6
33	11
34	2
38	14
44	2
48	11
51	5
54	8
60	13
62	10
64	11
65	10
68	13
69	8
72	12
74	12
79	13
80	10
84	5
86	8
90	2
91	15
94	9
98	7
99	1
104	6
108	4
109	11
113	4
115	6
116	8
118	10
119	2
126	11
131	11
132	9
133	10
135	2
139	7
140	3
148	8
Market 12(F)
2	7
4	13
7	1
11	1
15	7
16	13
17	5
18	9
21	11
22	3
24	10
26	4
28	14
29	6
30	11
31	8
34	8
35	5
36	5
38	3
40	6
42	3
45	10
51	1
53	9
54	8
55	5
56	11
58	7
60	2
61	10
62	8
65	4
66	4
69	6
74	6
75	12
79	14
81	13
82	11
86	2
88	4
91	13
92	13
94	13
95	2
96	12
99	9
101	12
103	14
105	5
106	12
109	2
111	10
116	2
118	15
119	12
126	3
127	14
129	4
131	3
132	3
135	3
139	7
140	13
145	10
148	4
149	7
Market 46
2	8
4	10
8	1
10	8
11	15
12	7
13	11
14	2
16	11
17	13
18	13
21	10
22	2
24	12
26	6
28	4
29	11
30	9
33	11
34	3
35	10
36	7
40	9
42	5
44	6
45	11
46	14
47	10
48	7
51	14
53	15
54	6
55	10
56	7
57	6
58	2
60	1
61	1
62	2
65	11
66	10
69	8
70	11
71	5
75	15
76	9
79	3
80	3
81	9
83	3
84	15
86	14
88	12
91	13
92	6
94	1
95	9
96	13
98	11
99	7
102	9
103	3
106	7
107	11
108	8
109	1
111	9
112	3
113	10
116	4
117	5
119	7
121	14
122	2
123	14
126	12
127	2
129	4
131	1
132	1
133	12
135	3
136	12
138	1
139	5
140	12
143	2
145	14
149	1
Market 85
2	12
3	3
4	12
9	1
10	13
11	9
13	9
15	1
16	5
17	15
18	14
21	7
24	13
28	12
30	14
31	14
33	7
34	10
35	8
36	12
38	2
40	6
44	7
45	2
47	2
48	9
53	2
55	13
56	11
60	6
61	1
65	7
66	2
68	1
69	2
72	1
74	8
75	6
79	5
80	2
82	15
83	14
84	11
86	10
87	1
88	12
90	12
91	1
92	8
96	1
98	14
101	10
103	13
104	1
107	3
108	13
111	4
112	6
116	14
118	10
119	5
120	10
121	2
127	15
133	6
136	10
139	15
141	1
149	6
Market 27
1	11
3	14
5	15
10	15
13	1
15	1
17	5
18	7
19	9
22	1
26	4
28	13
29	12
30	15
32	12
34	6
36	15
38	3
41	6
42	7
44	1
47	7
50	12
54	4
55	5
58	14
60	9
62	6
66	12
68	10
71	3
72	2
79	13
80	2
83	6
86	12
89	9
90	12
91	10
92	3
97	7
99	6
103	7
104	3
107	15
108	7
109	13
112	11
113	10
115	9
118	11
119	9
121	1
122	6
126	14
129	9
132	10
133	1
134	12
139	1
140	7
144	7
145	5
148	2
Market 82
1	6
3	14
4	6
5	3
7	11
9	12
10	8
11	12
13	8
15	12
18	5
19	13
22	9
24	12
26	14
28	12
29	5
30	2
31	1
32	10
33	9
35	14
36	1
37	4
41	13
43	12
45	13
47	15
48	9
50	10
53	12
54	1
55	7
56	9
58	12
59	12
60	15
62	9
64	15
65	2
66	4
68	13
69	7
71	2
72	11
79	13
82	3
83	11
86	5
89	6
91	3
93	12
96	13
97	9
98	2
99	14
101	6
103	7
104	13
107	6
108	12
109	10
112	4
113	11
115	11
116	3
118	15
119	12
120	3
121	15
124	11
126	5
127	5
129	2
131	2
134	10
136	13
139	11
140	11
141	6
144	12
146	2
148	3
149	4
150	2
Market 175
1	3
2	3
3	12
8	6
10	5
11	12
13	2
15	5
17	1
20	6
22	9
26	4
28	14
30	7
32	7
34	13
35	3
38	3
40	3
44	15
47	12
51	4
53	8
55	14
58	14
60	6
61	9
64	2
65	2
66	3
68	8
69	3
70	1
72	3
74	10
76	7
80	11
83	5
86	13
88	1
90	1
91	15
92	4
94	9
96	13
99	1
103	10
104	3
106	5
107	10
109	10
112	9
115	8
116	8
117	5
119	15
126	14
128	4
131	6
132	2
134	4
135	9
138	8
140	7
143	12
148	10
150	15
Market 128(F)
3	4
4	4
8	2
9	2
10	14
11	5
12	5
13	5
15	4
17	11
18	4
22	10
24	9
25	4
28	10
29	1
31	7
32	9
35	4
36	3
37	3
40	11
45	12
47	8
53	9
54	10
56	14
57	12
58	7
59	10
60	2
61	7
62	9
65	12
66	1
68	8
69	6
70	8
71	9
72	6
75	15
76	1
79	9
82	9
83	14
84	12
88	9
90	1
91	8
92	4
94	11
96	14
98	2
101	2
102	12
103	13
106	8
107	14
108	8
111	13
112	4
114	1
116	6
117	7
118	7
121	6
128	2
129	6
130	6
132	13
133	1
136	9
137	15
138	12
140	10
143	15
149	7
150	9
Market 62
2	4
3	4
4	8
5	11
7	3
10	13
11	3
14	11
15	2
16	4
18	3
19	7
22	11
24	10
26	13
28	15
29	8
30	13
31	5
34	7
35	8
38	11
40	14
44	11
45	9
48	11
50	2
51	3
53	6
54	6
55	7
56	15
58	9
60	5
62	14
64	13
65	13
68	11
69	3
71	14
72	15
74	13
80	3
82	12
84	8
86	12
87	5
91	1
92	13
94	11
96	14
98	5
99	2
101	11
103	15
104	15
106	6
108	14
109	13
111	6
113	2
115	10
116	2
118	3
119	10
120	4
121	13
127	15
130	15
131	1
132	8
133	13
134	14
136	3
139	6
140	15
141	2
148	15
Market 65
7	9
8	2
10	3
12	2
15	4
21	5
22	1
26	9
28	3
30	6
31	15
34	13
40	5
44	7
45	6
53	9
54	14
55	7
56	1
58	5
60	9
65	2
68	6
69	11
71	12
80	2
82	11
86	2
88	15
94	11
99	13
101	7
104	14
106	1
116	6
120	9
121	2
128	4
136	5
140	8
141	9
142	14
149	5
Market 157(F)
1	15
2	8
3	10
5	13
7	14
8	8
10	1
11	12
12	2
13	11
15	12
17	8
19	11
22	11
26	13
28	11
34	12
38	10
40	10
44	3
45	12
47	10
50	3
53	2
54	6
55	12
56	6
59	13
60	15
61	1
63	1
65	2
66	3
68	15
69	14
72	13
75	11
80	4
82	7
83	9
86	7
87	2
88	1
90	11
91	12
92	3
94	11
96	4
101	13
103	5
104	6
106	6
109	14
111	14
115	3
116	3
119	15
120	3
126	1
127	11
128	11
130	5
132	6
134	11
140	6
141	9
147	9
149	9
Market 52
1	3
2	3
3	5
4	5
5	7
7	12
9	8
10	14
11	7
13	14
14	1
15	8
16	11
17	12
18	14
21	13
22	8
24	6
26	3
28	12
30	7
32	14
34	15
36	8
40	8
44	15
45	8
47	8
48	15
51	11
54	8
55	9
56	1
60	6
62	6
64	9
65	15
66	7
68	9
69	3
71	5
72	1
74	7
79	4
80	6
81	3
83	2
84	4
86	15
90	7
92	13
94	4
98	11
99	6
103	7
104	2
106	13
107	1
108	11
109	3
112	6
113	1
115	2
116	14
117	15
118	3
119	11
121	6
123	5
126	10
127	7
131	14
132	6
138	13
139	8
140	6
141	3
145	7
148	7
149	9
Market 17
3	1
4	8
9	5
10	13
11	4
13	15
14	8
18	13
22	15
24	14
32	8
33	2
36	15
41	8
42	13
47	13
48	7
54	11
58	11
62	2
65	12
66	11
69	6
71	2
79	9
84	14
89	11
90	3
92	2
94	2
98	5
103	11
106	9
107	4
108	12
112	3
113	12
116	12
118	3
121	10
122	7
123	4
129	10
132	5
133	11
139	13
145	7
Market 149
3	12
4	7
5	2
8	10
9	8
10	13
12	12
13	10
15	6
17	10
22	2
26	13
28	3
30	13
31	15
32	3
34	1
35	5
38	4
40	9
41	9
44	6
46	6
47	14
53	1
54	1
55	5
57	6
58	4
59	4
60	8
61	14
65	8
68	6
70	15
71	2
72	6
75	11
76	2
78	8
80	4
82	11
83	6
86	4
89	6
91	2
92	9
94	14
96	9
97	9
99	15
101	6
103	10
104	9
106	8
107	10
109	15
111	2
117	6
118	6
119	6
126	10
128	11
129	10
130	15
131	4
132	15
134	4
136	1
138	2
140	10
143	10
144	12
149	7
150	14
Market 110
3	1
4	10
10	8
11	8
14	6
17	3
18	2
22	2
24	3
28	7
29	2
31	3
33	1
34	12
35	2
36	2
37	11
40	4
42	4
43	9
45	5
48	9
53	3
55	5
56	12
58	13
61	2
62	7
65	2
66	2
67	5
69	7
71	3
72	12
75	8
79	3
80	11
82	12
84	4
88	9
90	2
91	7
92	6
94	12
96	13
98	12
99	13
101	13
104	8
106	4
109	1
111	4
113	1
114	5
116	6
121	12
123	14
129	15
130	9
132	4
133	12
136	5
139	1
145	12
146	5
149	7
Market 24
2	4
3	5
4	5
8	14
10	12
11	11
12	1
16	7
17	13
18	3
21	6
22	3
26	1
28	2
29	12
31	5
34	15
35	8
36	15
37	13
40	6
42	2
45	11
51	2
53	13
54	5
56	5
58	11
60	4
61	15
62	6
65	10
69	8
71	3
74	13
75	7
79	13
82	1
86	5
87	8
88	4
90	4
91	1
92	3
95	3
96	1
98	15
99	4
103	14
106	4
108	10
109	8
111	3
113	5
116	5
118	8
119	2
120	2
121	12
129	4
130	9
131	11
132	1
133	12
135	15
136	10
142	5
145	14
149	5
Market 158(F)
2	2
3	4
4	1
8	12
10	7
11	13
12	14
15	9
17	10
22	2
28	3
30	9
34	13
35	15
40	9
44	12
45	9
50	15
53	9
54	3
56	12
57	15
59	8
60	6
61	14
62	7
63	14
65	9
68	12
69	13
70	9
72	9
74	15
75	2
80	1
82	14
86	4
88	3
90	12
91	11
92	11
94	6
96	14
99	15
101	5
104	13
106	11
109	10
111	1
116	2
119	3
121	12
128	10
130	9
131	10
132	1
134	8
135	9
140	9
143	4
147	2
149	8
Market 138
3	7
4	4
8	7
10	15
13	4
15	11
17	11
22	7
25	4
28	8
31	5
32	7
35	4
40	8
44	15
45	15
47	2
53	5
54	11
57	10
58	10
59	14
61	10
62	10
65	14
68	9
69	13
70	1
72	2
75	8
79	10
82	13
83	2
88	10
90	9
91	3
92	11
94	7
96	13
101	3
103	9
106	1
107	1
111	9
114	15
116	1
117	13
118	13
121	3
125	8
128	3
130	4
132	9
136	13
138	12
139	13
140	11
143	14
147	8
149	10
Market 80
2	10
3	3
4	1
7	8
11	4
14	11
17	9
22	8
24	6
28	10
29	8
31	10
33	7
40	3
43	4
45	5
48	11
54	1
55	12
58	12
59	12
62	14
65	4
68	9
69	15
71	9
72	12
80	10
84	5
90	14
91	8
93	15
94	12
96	14
98	12
99	4
103	9
108	3
109	12
111	14
113	4
114	3
116	5
118	14
120	1
121	11
124	4
127	9
130	12
132	14
133	13
139	10
140	4
141	14
146	5
149	8
Market 33
2	6
3	10
4	3
7	15
10	3
11	14
14	14
15	10
16	10
17	9
18	2
21	11
22	10
26	12
28	1
29	11
30	2
31	13
33	1
36	7
38	14
40	3
42	11
44	3
45	1
48	9
51	15
52	15
54	13
55	3
56	10
58	7
60	15
62	10
65	1
69	15
71	13
74	15
79	15
80	10
81	13
84	1
86	15
87	15
90	10
91	9
92	9
94	13
95	3
98	2
100	11
103	8
106	7
108	13
111	12
113	11
116	8
118	3
119	10
120	10
121	8
123	2
126	7
127	11
129	10
131	7
132	11
133	13
135	15
139	5
140	3
141	3
145	10
148	1
149	15
Market 50
1	7
2	13
4	8
7	15
10	9
11	1
14	6
15	13
16	10
18	13
19	1
24	3
25	10
28	3
29	14
31	14
33	1
34	2
37	11
38	6
40	11
43	6
44	4
45	1
48	5
49	8
50	2
52	9
54	5
55	7
56	10
58	9
59	15
60	5
62	15
63	3
68	7
69	8
71	1
72	7
74	6
79	3
80	2
81	12
84	3
87	1
90	13
91	2
92	7
94	14
96	6
98	13
99	9
100	2
103	12
104	14
106	11
109	9
111	11
113	4
114	2
116	9
118	9
119	11
120	3
124	5
125	9
127	2
130	6
132	11
133	6
134	15
136	8
139	10
140	8
141	10
145	14
146	4
147	14
149	5
Market 73
2	8
3	12
4	7
7	6
10	5
11	1
14	2
15	1
16	3
17	6
18	5
20	1
21	1
22	5
28	1
29	6
30	13
38	1
40	6
43	1
45	12
48	14
51	13
55	1
58	7
60	2
61	9
62	12
68	1
74	9
79	5
80	6
84	10
86	1
90	1
91	8
92	14
94	1
96	13
98	3
99	15
103	10
104	9
105	12
106	1
108	13
109	8
113	10
115	3
116	8
118	1
119	11
121	9
126	5
127	10
128	10
130	8
131	2
132	3
133	6
134	11
135	12
140	3
148	10
Market 160(F)
3	2
5	8
8	5
9	9
10	15
12	7
13	13
15	15
17	4
19	6
22	13
24	2
26	7
28	4
29	1
30	13
31	4
32	8
34	14
35	10
36	13
38	7
40	11
42	4
44	1
47	14
50	12
53	13
54	10
55	3
57	4
58	1
59	4
61	14
62	15
63	7
65	6
66	9
68	8
69	1
70	15
71	15
72	5
75	7
79	11
80	2
82	12
83	11
86	12
88	6
89	2
90	12
91	15
92	9
94	11
96	4
97	13
99	8
103	2
104	6
106	7
107	12
109	6
111	11
112	4
113	2
115	7
118	7
119	6
121	14
122	8
126	4
128	11
129	13
130	15
132	7
134	7
139	8
140	10
143	13
144	4
145	2
149	5
150	1
Market 100
4	3
8	13
10	6
12	8
14	12
15	13
17	14
18	14
22	12
24	6
25	6
28	2
31	1
33	7
34	11
35	8
36	4
37	11
40	9
42	8
43	13
44	7
45	7
48	12
53	3
54	7
56	3
58	2
59	9
61	2
62	13
65	4
67	3
68	14
69	10
71	2
72	1
79	11
82	14
84	10
88	7
90	11
91	15
92	2
93	8
94	3
96	3
98	9
101	2
103	14
104	13
106	5
108	3
111	11
113	14
114	6
116	3
118	2
121	12
123	13
124	1
125	3
128	3
130	3
132	4
133	5
139	4
140	13
141	4
145	6
146	12
147	6
149	11
Market 167
1	2
2	13
3	3
4	4
5	10
7	8
10	7
11	13
15	2
16	9
17	7
18	15
20	10
21	8
22	12
26	6
28	2
29	10
31	2
34	6
35	1
38	4
40	1
44	1
45	10
50	15
53	3
54	13
55	11
56	9
60	14
61	11
62	5
64	3
65	2
69	3
72	14
74	9
75	2
80	4
82	6
84	5
86	13
90	5
91	7
92	2
94	14
96	9
101	13
104	1
106	11
109	15
111	8
115	3
116	6
119	6
120	15
126	15
127	11
130	15
131	9
132	13
134	11
136	2
140	11
141	3
148	3
149	3
Market 11(F)
1	10
2	7
5	15
7	12
10	12
11	13
15	15
17	12
21	4
26	2
28	10
30	2
38	9
40	10
44	7
45	3
50	2
51	11
54	5
55	11
60	12
62	7
64	1
65	9
68	5
72	14
79	4
80	1
81	14
86	14
90	13
91	7
92	4
94	9
99	10
104	15
106	12
109	13
115	5
116	15
118	8
119	1
126	5
127	5
130	11
131	2
132	9
139	1
140	1
148	7
Market 117(F)
3	4
4	3
8	7
9	14
12	10
13	3
15	10
17	5
18	15
22	6
25	9
28	9
29	11
30	10
31	10
32	15
33	12
34	11
35	10
36	15
37	4
41	14
44	5
45	2
47	4
49	13
54	5
56	12
57	11
58	10
59	12
61	14
62	8
65	6
66	10
68	10
70	7
71	3
75	5
79	11
82	1
83	8
84	6
86	13
88	11
89	4
90	9
91	9
92	10
94	8
96	6
97	4
99	14
101	8
103	7
106	4
107	1
108	6
109	8
111	11
112	9
114	7
116	11
118	9
119	8
121	9
125	1
128	2
129	14
130	9
132	9
133	14
136	4
139	8
140	13
143	4
144	10
147	8
149	12
150	8
Market 191
3	13
4	4
9	2
10	12
13	10
17	6
18	9
22	1
24	11
28	4
29	11
32	9
36	15
40	13
41	11
42	10
47	8
54	13
58	12
65	12
66	7
68	4
72	7
79	3
83	4
89	8
90	15
94	3
98	15
103	14
104	1
107	6
108	6
112	3
113	9
118	11
121	4
122	10
129	9
130	9
132	3
139	11
144	15
145	12
Market 123
1	6
2	5
3	15
5	7
10	2
11	2
15	12
19	2
20	6
26	8
28	8
30	2
34	15
38	13
40	11
44	5
45	13
50	2
51	14
54	11
55	7
56	5
59	9
60	2
64	12
65	13
68	15
69	4
72	5
74	13
80	5
90	12
91	11
92	3
94	2
99	15
104	4
106	13
109	14
115	12
116	7
119	4
126	14
130	12
131	15
132	4
134	3
140	8
148	5
149	2
Market 141(F)
4	3
10	14
14	6
17	12
24	6
28	7
29	6
31	15
33	13
35	14
37	5
40	2
43	6
45	15
48	14
53	10
54	12
58	12
62	4
67	6
68	1
69	14
71	6
72	14
75	3
79	9
84	9
92	6
93	4
96	4
98	2
103	5
104	2
106	7
108	2
111	12
113	5
116	10
130	15
132	6
133	14
145	14
149	9
Market 108(F)
3	7
4	2
9	3
13	10
15	2
18	12
29	9
30	9
31	10
32	2
34	3
35	15
36	10
37	12
38	2
40	5
41	11
45	4
47	6
48	13
51	12
53	2
54	2
55	2
56	4
59	6
60	1
62	3
65	3
66	7
68	15
69	4
70	5
74	14
75	10
76	11
78	15
79	8
80	11
82	4
83	9
84	3
86	11
88	2
89	10
90	3
91	6
92	11
94	9
96	8
97	4
98	3
106	7
108	2
109	4
111	14
112	11
116	5
117	1
118	9
119	11
121	9
129	11
131	15
132	6
133	3
136	3
138	6
140	11
144	4
146	8
150	15
Market 180
1	4
3	6
4	8
5	15
8	15
9	6
10	11
13	8
15	9
18	5
19	6
22	7
26	5
29	3
30	12
32	1
33	3
34	9
36	10
37	5
38	14
40	9
41	1
44	11
47	10
48	4
50	6
53	15
54	15
55	4
58	9
60	8
61	4
62	7
66	2
68	14
70	9
71	2
72	7
77	5
80	8
83	9
84	10
86	14
88	9
94	10
96	1
97	2
98	6
99	15
103	11
104	14
108	5
109	11
112	15
115	7
117	14
118	14
119	4
121	8
126	2
128	11
129	7
132	10
133	13
134	15
138	3
139	12
143	11
144	13
148	1
150	9
Market 72
1	4
2	6
4	2
7	2
9	12
10	4
11	3
13	12
14	15
15	2
17	12
18	2
19	14
20	11
21	12
22	2
24	10
26	13
28	2
29	13
30	3
31	2
32	5
33	6
36	11
37	12
38	12
40	15
41	5
43	14
44	3
45	7
47	12
48	6
50	1
54	11
55	13
56	13
58	13
60	7
64	10
65	14
68	8
69	15
71	4
72	9
78	8
79	5
80	5
83	13
86	6
87	10
89	14
90	2
91	4
92	9
94	5
97	7
98	11
99	9
103	7
104	3
106	5
107	1
108	7
109	4
111	3
113	8
115	12
116	4
118	1
119	9
121	9
126	15
129	7
130	10
131	11
132	13
133	5
139	13
144	8
148	13
149	3
150	8
Market 118
3	8
4	8
8	13
11	4
13	4
15	5
17	7
22	5
25	6
28	7
30	11
31	10
32	2
34	3
35	13
36	15
40	2
44	6
45	13
47	14
49	3
53	11
54	9
58	12
59	13
61	7
62	8
65	8
66	3
68	11
69	12
71	11
72	5
75	7
79	4
80	15
82	5
83	15
84	10
88	10
90	12
91	14
94	12
96	6
101	15
103	9
104	15
106	14
107	15
111	3
112	14
114	7
116	1
117	13
118	14
121	11
125	2
128	15
130	13
131	8
132	4
133	14
136	11
138	6
139	4
140	2
143	8
144	11
149	4
Market 90
3	6
4	4
10	5
11	12
14	1
17	11
18	13
24	6
29	10
30	3
34	14
37	9
43	1
45	6
48	12
53	1
54	2
56	11
58	6
62	13
65	5
67	14
68	2
71	7
75	3
79	14
82	4
86	2
90	1
91	10
93	8
96	13
98	2
99	2
101	1
103	7
106	6
108	13
113	13
116	2
118	11
119	2
120	14
124	4
127	4
133	11
136	12
140	1
141	9
145	8
146	1
Market 172
1	12
2	3
3	14
4	14
5	1
8	6
10	10
11	3
14	7
15	5
17	11
18	7
19	4
20	6
22	5
24	6
28	5
29	5
30	13
33	11
34	5
37	2
38	6
40	3
43	6
44	5
48	12
50	10
53	3
54	5
55	2
58	8
59	7
60	6
61	3
62	4
65	4
69	12
70	7
71	6
72	7
79	4
80	10
84	8
86	2
88	9
90	2
91	9
92	9
93	3
94	7
96	12
98	13
99	12
103	3
104	11
108	10
109	3
113	14
115	15
116	1
118	5
119	12
121	3
123	14
124	13
126	15
128	1
130	7
131	4
132	9
133	2
134	2
140	9
143	3
145	3
146	3
148	2
149	1
Market 54
2	7
4	3
7	15
10	13
11	2
14	5
16	7
17	13
18	14
21	2
24	8
28	1
29	14
30	8
31	4
33	6
34	15
35	6
40	5
45	2
48	15
52	12
53	3
54	1
56	8
58	10
60	12
62	1
65	2
71	14
74	9
75	4
79	6
81	14
82	5
84	9
87	6
90	4
91	13
92	2
95	6
98	8
100	12
101	7
103	3
106	7
108	1
109	1
111	6
113	1
116	7
118	9
120	1
123	4
127	6
131	4
132	8
133	12
135	4
136	15
139	2
141	14
145	12
149	9
Market 146
1	15
2	4
3	3
4	3
5	4
7	3
10	6
11	10
12	11
15	12
16	3
17	13
20	15
21	13
22	1
25	5
27	13
28	11
29	14
30	4
31	12
34	11
35	10
38	5
40	14
44	10
45	7
51	7
52	2
53	9
54	11
55	5
56	2
59	3
60	6
61	5
62	8
64	15
65	13
68	3
69	9
72	2
74	5
75	2
79	11
80	13
81	2
82	14
86	1
87	7
88	1
91	7
92	15
95	1
96	4
99	7
100	9
101	15
104	6
106	3
109	5
111	8
114	14
115	4
116	14
118	4
119	3
120	5
121	5
125	13
126	2
127	7
128	15
130	10
131	15
132	2
134	15
135	7
136	10
140	1
141	8
143	9
147	6
148	9
Market 68
2	15
3	8
4	6
7	4
9	5
10	2
11	8
13	14
14	12
17	4
21	15
22	6
24	5
26	6
28	3
29	9
30	2
31	7
32	13
33	7
34	8
36	4
37	6
38	4
40	9
42	12
43	5
47	5
48	13
54	14
55	4
56	11
58	3
60	9
62	4
65	2
66	1
68	1
69	5
71	2
79	3
83	9
84	12
86	6
89	7
91	1
92	7
93	9
94	7
97	5
98	8
99	6
103	14
106	15
107	15
108	7
109	12
111	5
112	4
113	12
116	7
117	4
118	3
120	9
121	8
122	8
124	8
127	7
129	11
130	6
132	12
133	11
138	10
139	10
140	13
141	15
144	5
145	5
146	1
148	15
149	6
150	5
Market 131
4	9
10	15
14	15
15	11
17	9
18	5
22	2
24	15
25	5
28	2
29	13
30	14
31	4
33	15
35	4
37	11
38	3
40	3
43	14
44	14
45	13
48	8
50	1
53	14
55	11
58	3
59	9
61	5
62	4
63	4
65	11
69	3
71	3
75	8
79	11
82	9
84	6
85	15
86	12
88	15
90	4
92	9
93	3
94	2
96	13
98	8
99	7
101	6
103	6
104	6
106	11
108	15
109	10
111	15
113	1
118	11
119	11
123	11
124	11
125	15
132	6
133	5
136	15
139	6
140	12
145	5
146	12
147	12
Market 184
1	13
3	3
4	13
5	3
15	3
17	12
22	12
25	4
28	9
30	5
34	10
38	2
40	15
44	15
47	11
50	7
53	14
55	11
59	4
61	4
63	10
64	1
65	1
66	1
68	1
70	6
72	2
80	5
86	5
88	9
90	5
92	15
94	5
96	8
99	9
104	3
109	13
114	10
115	5
116	13
119	11
121	1
125	1
126	7
130	7
132	14
134	6
140	10
143	12
147	14
148	5
Market 78(F)
2	15
3	2
4	11
6	1
7	7
9	4
10	2
11	13
13	2
14	7
17	4
18	9
20	8
21	13
22	3
24	9
26	12
28	10
29	4
31	11
32	1
34	3
35	5
36	3
37	15
38	8
40	10
41	15
42	6
43	5
44	12
45	10
47	11
48	5
51	11
54	6
55	11
56	2
58	6
60	13
62	4
65	4
66	7
68	12
69	10
71	15
74	8
80	12
82	6
83	1
86	9
87	5
89	7
90	14
91	3
92	14
94	13
96	1
97	4
98	11
99	10
103	15
106	6
107	7
108	14
112	8
113	1
115	4
116	13
118	15
119	4
120	3
121	2
122	5
126	13
127	14
129	15
130	7
131	12
132	11
133	14
135	9
136	9
139	3
140	10
141	15
144	6
145	7
148	5
149	3
150	10
Market 135
2	1
4	1
6	8
7	5
9	12
10	2
11	1
13	5
16	5
18	14
21	14
26	12
28	4
29	9
30	13
32	12
33	3
34	11
36	4
38	4
39	2
45	15
48	14
51	3
54	4
55	10
56	13
62	6
65	1
71	3
79	5
80	1
81	8
83	14
84	12
86	12
90	8
91	12
92	7
94	10
95	15
98	6
99	12
103	13
104	9
106	9
108	10
119	2
127	8
129	14
131	2
132	11
133	12
139	4
140	14
148	6
149	3
Market 170
1	15
2	6
3	8
4	7
6	2
9	8
10	11
11	13
13	5
14	12
15	13
17	7
18	11
19	13
20	9
22	2
24	4
26	8
28	1
29	14
30	5
32	8
33	4
34	15
35	10
36	5
38	7
40	13
41	6
44	9
48	3
50	15
51	13
53	5
54	15
55	11
58	11
60	8
61	4
62	12
65	5
66	8
68	4
69	10
70	8
71	13
72	14
74	1
75	2
78	14
79	12
80	12
83	11
86	13
88	10
89	5
90	2
91	11
92	6
94	12
96	9
97	9
98	6
99	3
103	1
104	3
105	2
107	1
108	7
109	3
111	2
112	9
113	4
116	3
118	14
119	13
121	4
123	13
126	13
128	11
129	8
131	14
132	3
133	11
134	7
135	10
138	3
139	3
140	5
143	8
144	2
148	5
149	11
150	14
Market 183
3	5
4	3
9	8
10	5
13	10
17	12
18	1
22	11
24	4
25	13
28	2
29	13
33	9
36	9
37	6
40	2
41	1
43	6
47	15
48	7
49	1
54	7
58	6
59	2
60	14
62	6
65	9
66	2
68	3
70	15
71	3
79	2
83	3
84	15
88	1
89	1
90	8
91	6
94	3
96	13
97	3
98	11
99	7
103	5
104	11
107	14
108	4
109	15
112	12
114	10
116	4
124	12
125	13
128	4
130	14
132	13
133	4
139	11
140	7
143	7
144	15
146	4
147	7
150	14
Market 178
1	5
3	8
10	10
12	9
15	6
17	6
19	9
22	6
26	15
28	15
30	6
31	5
34	15
35	3
38	7
40	1
44	8
45	10
50	10
53	10
54	2
55	1
56	9
58	1
61	12
62	15
65	1
68	7
69	10
70	14
71	9
72	1
75	6
79	15
80	10
82	9
86	9
91	2
92	13
94	13
96	14
99	6
101	6
103	12
104	14
106	12
116	15
119	9
121	8
126	10
128	11
130	8
132	7
134	8
140	12
141	12
143	1
149	3
Market 193
1	10
3	10
4	9
10	7
14	9
15	8
17	2
18	3
20	8
22	2
24	1
25	15
26	8
28	1
29	9
30	5
33	15
34	2
37	9
38	12
43	11
44	13
48	11
50	10
54	10
58	15
59	7
60	13
62	13
64	4
65	15
68	2
69	7
72	5
79	6
80	8
84	4
86	10
90	6
91	15
92	9
93	5
96	13
99	1
103	4
104	11
108	6
109	13
113	15
114	8
115	1
116	14
118	9
119	7
124	3
126	1
130	1
132	7
133	13
134	8
139	10
140	3
146	7
148	5
Market 168
1	13
3	7
5	4
8	13
10	7
12	9
15	9
17	6
19	14
22	7
26	3
28	4
30	13
31	10
35	1
38	13
40	9
44	5
45	15
53	5
54	5
55	9
56	11
57	2
60	3
61	6
64	3
65	3
68	14
69	10
70	2
72	14
75	5
80	12
82	10
86	9
88	15
90	15
91	8
92	2
94	10
96	6
99	4
101	15
104	6
106	10
109	10
111	14
115	8
116	6
121	14
126	8
128	5
130	7
132	7
134	13
136	11
140	12
143	8
148	11
149	12
Market 23
2	12
3	5
7	7
10	2
11	5
15	7
16	5
17	1
21	14
22	1
26	8
28	3
30	4
31	1
34	1
35	12
40	12
51	8
52	9
56	9
60	10
65	11
74	15
81	4
86	14
87	3
91	9
92	14
95	9
96	2
99	13
100	6
104	11
106	9
109	13
111	5
119	5
120	1
127	10
131	14
132	8
135	3
136	14
141	14
149	8
Market 116
2	14
3	14
4	14
7	6
8	14
10	15
11	8
15	7
17	3
18	12
20	1
21	4
22	11
26	10
28	6
29	10
30	3
31	6
33	8
34	3
35	14
37	5
38	3
40	14
44	6
45	12
51	7
53	6
54	7
55	2
56	6
58	1
59	1
60	14
61	9
62	3
65	2
69	15
72	5
75	10
79	2
80	10
82	4
84	4
86	8
87	7
88	5
90	14
91	2
92	6
94	14
96	3
98	2
99	12
101	3
103	7
104	1
106	1
108	15
109	5
111	11
114	6
116	12
118	7
119	12
120	2
121	6
126	9
127	10
128	2
130	4
131	7
132	11
133	5
136	6
139	7
140	6
141	9
149	5
Market 196
2	15
3	8
5	9
6	2
10	3
11	13
13	8
15	7
16	10
17	2
18	13
20	12
21	12
22	4
26	3
28	3
29	13
30	11
32	2
34	14
38	13
40	9
44	12
45	4
47	15
50	3
51	6
55	14
58	2
60	12
61	8
62	9
64	11
65	4
66	14
68	5
69	4
71	9
72	3
74	1
79	11
80	6
83	4
86	15
91	5
92	4
94	7
103	7
104	14
105	13
107	7
112	4
116	5
117	1
118	3
119	8
121	14
126	13
127	14
131	14
134	3
135	8
138	2
139	2
140	7
148	7
Market 130
2	1
3	14
4	13
5	3
8	7
10	9
11	7
12	5
13	5
14	5
15	6
17	3
20	9
22	2
24	4
25	12
26	8
28	7
29	14
30	7
31	11
32	13
33	5
34	1
35	12
36	8
37	1
38	15
40	11
42	13
44	13
45	12
47	8
48	4
50	14
51	2
53	11
54	7
55	9
58	8
59	5
60	10
61	7
62	9
63	2
65	3
66	4
67	13
68	10
69	13
71	4
72	15
74	11
75	8
79	15
82	8
83	14
84	5
85	9
86	15
88	7
89	1
90	15
91	10
92	3
94	11
96	8
98	3
99	2
101	4
103	15
104	4
106	15
108	6
109	4
111	14
113	1
114	3
115	13
116	6
118	9
119	9
121	6
122	4
123	1
125	5
126	4
128	2
129	12
130	10
131	3
132	14
133	8
134	3
135	14
136	3
139	2
140	6
145	3
146	8
147	4
148	10
149	4
Market 169
1	9
3	4
5	9
8	11
9	13
13	7
15	10
17	7
19	13
26	8
28	5
30	3
31	6
32	15
34	12
35	13
36	7
38	4
40	4
44	8
47	4
50	1
53	2
55	15
57	10
58	15
61	8
64	15
65	2
66	10
72	1
75	8
76	2
80	6
82	4
83	11
88	5
90	1
92	11
96	4
102	9
103	3
104	4
106	3
107	2
109	5
111	10
112	5
116	11
117	8
119	10
121	2
128	9
130	11
132	8
134	13
137	4
140	7
148	8
149	14
150	15
Market 18
2	9
3	8
4	14
10	1
11	5
14	15
15	11
16	1
18	14
21	10
22	15
24	10
26	12
28	3
29	3
30	8
33	2
34	8
36	6
37	2
42	14
43	14
44	4
51	2
54	1
58	2
60	2
62	11
65	12
66	8
67	15
68	13
69	6
71	7
74	6
79	1
84	4
86	2
90	3
91	3
92	12
93	4
94	14
98	6
99	7
103	8
104	2
108	10
109	6
113	15
116	2
118	9
119	6
121	3
123	5
127	5
129	11
130	3
131	12
132	6
133	5
135	4
139	2
140	5
145	9
146	6
Market 150
3	4
8	4
9	8
10	7
12	5
13	2
15	5
17	2
18	13
22	12
24	5
28	8
29	8
32	14
34	5
35	8
36	6
40	11
41	12
42	4
45	15
46	7
47	13
53	9
54	8
55	12
56	14
59	8
61	12
62	8
65	6
66	7
68	12
69	9
70	13
72	3
75	7
80	6
82	12
83	8
88	3
89	5
90	5
91	3
92	12
94	5
97	9
98	14
99	9
102	8
103	3
104	8
107	8
108	2
109	10
111	6
112	4
113	10
114	15
116	8
118	4
121	10
122	6
125	15
128	2
129	9
130	4
132	11
136	7
139	7
140	2
143	7
144	13
147	9
149	12
Market 2
2	7
3	8
7	9
10	9
11	14
13	7
16	12
18	7
21	1
26	3
28	10
29	3
30	3
32	6
34	11
36	6
38	8
40	6
42	6
45	6
47	4
54	6
55	12
58	15
62	11
65	9
66	13
69	9
74	11
79	14
81	14
83	6
86	6
89	12
91	14
92	2
94	7
95	13
98	4
99	14
103	15
108	5
109	3
113	7
116	5
118	7
119	1
122	6
127	12
129	2
131	4
132	9
133	8
135	4
139	13
140	2
141	3
148	1
149	3
Market 181
1	14
3	14
4	9
5	14
8	8
9	12
10	9
12	13
13	3
14	6
15	3
17	9
18	14
19	5
22	11
24	3
28	5
29	11
30	14
31	2
33	13
34	13
35	12
36	14
38	9
40	13
44	4
45	6
47	10
48	7
50	7
53	7
54	2
55	10
58	8
60	14
61	11
64	7
65	10
66	6
68	10
69	4
71	1
72	5
79	11
80	5
82	5
83	12
84	15
86	10
88	1
89	4
90	3
96	2
98	1
99	8
101	2
104	6
106	7
107	14
108	1
109	6
111	10
113	1
115	4
116	10
118	1
119	2
121	13
122	4
123	3
126	8
129	3
130	11
132	1
133	12
134	1
136	15
139	7
143	13
145	3
148	15
149	14
Market 164
1	9
3	13
5	14
8	12
10	9
11	1
15	9
17	7
19	7
20	8
22	11
26	10
28	14
30	13
31	13
35	12
36	11
38	8
40	6
45	4
50	11
53	7
54	4
55	14
56	14
58	8
61	4
65	7
66	9
68	12
69	6
70	15
71	10
72	1
80	12
86	6
88	14
90	1
92	1
94	13
96	1
99	8
101	8
103	3
104	7
106	4
109	14
111	11
115	15
116	5
118	2
119	12
121	9
126	7
128	7
130	15
131	10
132	10
134	9
136	6
139	12
140	1
143	2
148	11
149	7
Market 44
2	7
10	13
11	13
14	2
16	6
17	9
18	15
21	15
24	7
28	9
29	2
31	5
34	8
35	13
37	11
40	11
43	13
45	4
48	12
52	9
53	9
54	13
58	14
61	7
62	14
65	5
67	8
71	15
74	3
75	10
79	8
81	11
82	13
84	15
87	3
90	15
91	2
92	8
94	9
95	12
96	8
98	12
100	2
101	3
103	6
106	7
109	15
111	11
113	7
116	7
118	10
120	10
123	15
130	7
131	15
132	15
133	10
135	1
136	3
139	5
141	10
145	14
149	14
Market 41
1	6
5	10
10	1
11	11
15	10
17	3
18	5
19	7
26	10
28	9
29	12
30	5
34	11
38	13
44	13
50	15
54	13
55	1
58	8
59	4
60	3
62	13
63	13
64	10
65	8
68	15
71	1
72	11
79	1
80	8
86	2
90	12
91	8
92	13
94	10
99	3
103	7
104	15
109	3
115	2
116	3
118	1
119	9
126	9
130	1
131	9
132	13
134	15
139	3
140	13
148	15
Market 189
1	10
2	6
3	9
8	5
10	12
11	11
12	15
15	4
17	6
22	14
26	6
28	7
30	10
31	12
34	11
35	7
40	1
44	14
45	8
47	10
50	6
51	3
53	12
54	3
55	7
57	12
58	14
61	8
65	14
66	12
68	12
70	10
71	3
72	10
74	8
75	14
80	1
82	4
86	5
88	2
91	8
92	12
94	9
96	8
99	2
101	1
102	12
103	4
104	5
106	2
109	13
111	7
116	6
119	2
121	3
128	5
131	8
132	4
134	11
135	1
136	11
137	15
140	3
143	1
148	9
149	7
Market 122
1	10
2	6
3	12
4	7
8	6
9	4
10	5
11	1
12	11
15	10
17	9
18	2
19	15
21	5
22	8
25	1
28	15
29	7
30	8
31	15
32	2
33	14
34	2
36	8
37	13
38	2
40	13
44	10
45	15
47	7
48	2
50	13
54	5
55	13
56	1
58	7
59	9
60	1
61	11
62	5
63	15
65	15
68	11
69	12
72	4
75	9
79	1
80	14
83	13
84	14
88	2
90	13
91	4
92	7
94	15
96	1
99	10
101	1
103	2
104	9
106	8
107	9
108	1
109	15
111	7
112	9
114	12
116	12
118	15
119	5
121	13
125	2
127	1
128	10
130	15
132	1
133	12
134	5
136	10
138	2
140	6
147	10
149	15
150	14
Market 5(F)
2	4
3	3
4	4
8	7
10	6
11	1
12	6
13	7
15	9
18	11
22	13
24	6
28	9
29	8
31	9
32	9
35	15
36	2
40	14
42	8
46	2
47	11
54	6
56	10
57	1
58	15
61	1
62	10
65	6
66	9
69	13
70	11
71	15
75	10
76	2
79	13
88	7
90	15
91	3
92	12
98	15
101	4
102	13
103	9
104	14
106	2
107	11
108	12
111	3
112	6
113	12
116	15
117	15
118	15
121	8
122	15
128	1
129	5
132	14
133	2
136	5
138	2
139	6
143	4
145	4
149	5
150	2
Market 114
3	13
4	4
5	10
6	1
8	11
10	4
11	2
15	14
17	14
18	11
20	4
21	14
22	9
26	1
28	15
29	12
30	8
31	3
33	14
34	6
35	6
37	2
38	3
44	7
45	15
48	8
51	5
53	14
54	12
55	6
59	6
60	1
61	15
62	8
65	3
66	11
68	8
69	13
72	15
74	7
75	13
79	9
82	10
84	15
86	15
88	1
90	8
91	8
92	10
94	4
96	3
98	6
99	10
101	10
103	7
104	3
105	11
106	14
108	6
109	7
111	12
114	1
115	4
116	6
118	5
119	10
121	12
126	6
127	2
130	5
131	3
132	10
133	13
134	10
135	3
136	3
140	7
148	5
149	14
Market 51(F)
1	4
3	7
4	3
5	11
10	3
17	12
18	13
19	9
22	11
24	4
26	9
28	15
29	12
30	12
34	13
38	10
40	2
44	4
50	5
53	4
54	11
55	7
58	7
59	13
60	5
61	5
62	3
63	2
64	3
65	7
68	14
69	14
71	14
72	11
79	8
80	13
86	2
88	8
90	3
91	15
92	9
94	9
96	11
98	5
99	6
103	6
104	4
106	13
108	6
113	11
114	13
116	10
118	6
119	3
125	8
126	6
130	7
132	1
133	8
134	4
139	13
140	2
145	9
147	4
148	11
Market 113(F)
1	11
3	4
5	1
8	11
10	14
11	6
12	12
13	8
15	13
17	5
18	1
19	12
20	1
22	13
24	3
26	10
28	8
29	8
30	12
31	15
34	8
35	14
36	14
38	15
40	5
42	8
44	10
45	5
47	15
50	13
51	9
53	1
54	15
55	5
56	13
58	13
61	6
64	13
65	15
66	8
68	9
69	15
71	9
72	3
75	3
79	1
80	15
82	2
83	1
86	1
89	15
90	5
91	8
92	10
94	8
96	1
101	9
103	2
104	2
106	8
107	1
109	8
111	9
115	13
116	8
118	14
119	7
121	3
122	12
126	13
128	10
129	3
130	7
131	15
132	1
134	11
136	13
139	5
140	2
145	7
148	3
149	3
Market 132
2	8
3	15
4	4
7	6
8	1
10	3
11	14
15	13
16	10
17	4
18	10
21	3
22	1
25	12
28	14
29	11
30	3
31	9
33	14
34	1
35	10
43	7
44	3
45	10
48	13
49	1
50	10
53	8
54	14
55	2
56	10
59	13
60	14
61	15
62	1
63	11
65	3
68	3
69	12
72	5
74	3
75	13
79	6
80	6
82	4
84	4
85	14
88	5
90	14
91	11
92	4
94	10
96	2
98	5
99	2
101	13
104	11
106	14
108	4
109	4
111	5
114	4
118	3
119	13
120	14
121	7
124	7
125	11
127	4
128	10
130	12
132	15
133	3
134	12
139	2
140	4
141	9
146	2
147	4
149	10
Market 111
2	12
3	8
4	7
7	2
8	13
10	9
11	4
12	5
14	15
15	5
16	15
17	2
18	15
21	2
22	15
24	7
25	10
28	11
29	13
30	7
31	8
33	13
34	9
35	9
37	8
40	9
43	13
45	9
47	3
48	1
53	6
56	10
58	2
59	8
60	13
61	6
62	6
65	15
66	5
68	15
69	8
72	12
74	10
75	6
79	4
82	6
84	8
86	7
88	2
90	10
91	6
92	15
93	11
94	9
96	8
98	4
99	10
101	10
103	3
104	3
106	14
108	4
109	10
111	14
113	5
116	11
118	11
121	5
124	12
127	14
128	11
130	1
131	7
132	9
133	14
136	13
139	12
141	1
143	2
146	10
149	5
Market 84
2	5
4	10
7	9
11	14
18	4
21	4
24	1
26	6
28	12
30	6
31	13
33	7
34	1
35	14
37	13
38	5
40	9
43	14
48	8
51	1
53	2
54	14
55	13
56	6
58	12
60	15
62	8
65	13
68	1
69	3
71	5
74	5
79	15
81	1
82	2
90	13
91	9
92	11
93	10
94	4
95	14
96	6
98	6
99	5
101	13
103	9
106	9
108	12
111	8
113	7
116	10
118	11
119	5
120	7
127	13
130	15
131	7
132	4
133	12
135	14
136	5
139	12
140	7
141	5
145	15
146	8
148	14
149	4
Market 126
2	5
3	2
4	13
7	3
8	15
10	3
11	3
12	13
15	3
17	12
18	11
21	1
25	3
28	1
29	10
31	10
33	9
35	14
37	5
45	8
53	12
56	1
59	13
60	6
61	11
65	8
68	2
69	10
72	4
74	3
75	7
82	15
84	1
88	6
90	5
91	2
92	15
94	9
96	10
101	6
104	14
106	1
111	3
116	4
118	7
120	6
128	11
130	13
133	9
136	8
140	8
141	9
Market 179
3	7
8	8
10	1
11	13
12	4
13	9
17	11
22	8
28	10
31	12
32	15
35	3
40	1
45	4
53	14
57	2
58	7
60	12
61	13
65	5
66	10
68	4
70	5
72	3
75	1
76	8
82	2
83	13
88	14
90	10
91	10
92	15
96	1
101	13
103	1
104	10
106	9
107	4
111	14
112	10
116	11
121	9
128	11
130	10
132	14
136	4
138	14
143	11
149	4
Market 145(F)
2	2
3	13
4	11
6	13
8	11
10	2
11	6
12	4
15	3
16	9
17	11
18	11
20	4
21	3
22	9
26	2
28	4
30	10
31	12
34	9
35	7
38	11
40	15
44	3
45	2
47	2
53	8
54	5
55	5
57	5
60	2
61	8
62	3
65	3
69	14
74	14
75	14
80	11
81	3
82	13
86	1
88	2
91	7
92	11
94	5
96	13
99	2
101	8
105	2
106	3
109	7
111	8
116	8
118	1
119	4
121	3
126	7
127	7
128	9
131	9
132	3
135	15
136	14
140	3
143	11
148	10
149	11
Market 148
2	7
3	1
4	4
8	5
10	8
11	1
12	1
15	5
17	14
18	14
20	13
22	6
26	3
28	9
30	2
31	7
34	13
35	7
38	12
40	8
44	2
45	6
47	10
51	12
53	1
54	11
56	6
57	6
59	13
60	15
61	6
62	8
65	9
66	15
68	12
69	13
70	13
72	2
75	6
79	8
80	12
82	1
86	1
88	7
90	10
91	8
92	1
94	5
99	1
101	14
102	8
104	8
106	10
109	4
111	8
114	1
116	11
118	13
119	9
121	15
125	9
126	4
128	4
130	6
131	11
132	13
133	8
136	8
137	12
140	13
143	5
147	10
148	5
149	5
Market 91
3	2
4	12
10	3
11	13
15	10
17	7
18	7
22	15
25	10
26	15
28	15
29	4
30	12
33	10
34	14
37	4
38	1
43	5
44	4
48	9
49	4
54	7
55	9
58	8
59	1
62	7
65	10
68	5
71	7
72	2
79	3
80	5
84	1
86	1
90	14
91	6
92	6
94	10
98	14
99	14
103	9
104	8
108	14
109	11
114	5
116	2
118	4
119	6
121	12
124	8
125	8
130	14
132	3
133	2
134	13
139	6
140	5
146	6
147	10
Market 155
1	4
2	8
3	1
5	11
6	5
10	7
11	7
15	10
16	14
17	14
19	12
20	7
21	13
22	3
26	7
28	10
29	5
30	11
31	14
35	13
38	9
40	8
44	8
45	7
50	13
51	14
53	13
54	15
55	1
59	1
60	3
61	7
62	9
63	13
65	12
69	5
72	9
74	3
75	3
79	6
80	13
82	8
86	11
88	2
90	2
91	10
92	15
96	4
99	3
104	15
105	3
106	9
109	10
111	15
115	10
116	9
118	9
119	4
126	5
127	7
130	12
131	10
132	1
135	3
139	8
140	4
147	11
148	13
149	11
Market 63
6	7
7	11
10	15
15	5
16	13
17	12
20	4
21	1
26	8
28	7
30	11
31	7
35	11
36	1
38	11
40	4
44	13
45	14
51	10
53	12
54	14
55	3
56	15
58	4
62	13
65	5
66	8
68	12
69	13
71	3
74	5
80	6
81	7
86	5
87	2
91	7
92	8
94	8
96	5
99	12
101	2
103	4
104	14
106	6
109	3
111	9
116	15
118	2
119	11
120	7
126	3
127	15
129	13
131	4
136	4
140	1
149	6
Market 112
1	4
3	3
4	11
7	8
8	6
10	8
12	12
17	5
18	15
19	8
24	12
25	2
26	5
28	12
29	9
30	7
31	8
33	6
34	1
35	10
37	13
38	11
40	14
44	7
45	14
48	1
49	5
50	14
53	5
54	3
55	13
56	2
58	6
59	5
61	6
62	1
63	1
68	7
69	13
71	2
72	14
79	1
80	1
82	2
84	8
86	3
88	3
90	5
91	5
92	13
96	6
98	14
99	6
101	9
103	8
104	15
106	8
108	8
109	13
113	14
114	13
116	14
118	10
120	13
121	4
125	8
127	13
128	7
130	11
132	9
133	6
134	11
136	15
140	5
141	2
143	7
147	15
149	13
Market 9
3	11
4	15
10	6
15	7
18	14
25	6
29	1
30	3
33	9
34	10
37	2
38	1
43	15
44	12
48	3
49	6
54	15
55	11
58	8
59	8
62	14
68	6
69	9
72	15
79	14
80	14
84	2
86	3
90	4
91	2
94	3
98	1
99	2
103	14
104	13
106	7
108	14
114	4
116	7
118	1
130	15
132	15
139	7
140	14
146	14
147	15
Market 89
4	13
9	10
10	7
11	11
13	2
14	3
15	9
18	6
22	13
24	7
28	5
29	11
32	5
33	6
36	3
40	2
41	9
42	5
47	14
48	2
53	4
54	4
58	9
60	2
62	9
65	7
66	4
67	7
68	9
69	15
71	14
72	3
79	9
83	12
84	14
89	5
90	4
91	11
92	14
96	14
97	13
98	14
103	5
104	12
106	12
107	11
108	13
112	13
113	6
116	15
118	7
121	9
122	4
123	15
127	1
129	7
130	4
133	7
139	12
144	1
Market 121
4	12
5	4
10	1
11	4
14	14
15	4
20	1
24	12
26	13
28	6
29	9
30	8
33	15
37	1
38	14
40	3
43	13
44	7
45	4
48	6
54	12
55	10
56	7
58	6
59	10
60	2
62	3
65	8
68	9
69	13
71	15
79	11
80	13
84	12
86	7
90	11
91	6
92	4
93	10
94	8
98	13
99	14
103	15
104	6
108	3
109	4
113	6
114	4
115	8
116	3
124	9
130	1
131	3
133	10
139	2
140	11
146	15
148	15
149	7
Market 147
3	6
4	1
5	15
7	10
8	10
13	15
15	14
17	1
26	15
28	3
30	6
31	6
32	4
34	4
35	5
36	9
38	4
44	4
45	8
53	1
54	5
56	12
58	9
60	7
61	14
62	9
64	14
68	6
69	4
72	9
75	9
80	2
83	5
86	4
88	10
91	9
92	12
94	2
96	5
99	12
101	8
103	10
104	2
106	8
109	3
111	13
116	12
119	8
120	5
121	5
126	9
127	8
128	9
131	15
132	3
134	4
136	10
140	13
141	10
142	7
148	3
149	4
Market 56
2	13
3	8
4	6
7	15
8	9
10	11
11	13
12	12
16	12
17	11
21	2
22	12
24	6
26	15
28	8
29	11
30	5
31	2
32	2
33	14
34	12
35	15
36	6
37	5
40	13
43	12
45	8
47	7
48	3
53	10
54	7
55	6
60	12
61	12
62	5
65	9
66	5
68	15
69	9
71	7
74	8
75	12
82	14
83	10
84	5
86	9
88	10
90	3
91	1
92	8
93	5
96	3
101	3
106	4
108	14
109	2
111	1
113	11
116	11
118	15
119	9
120	7
123	7
127	9
128	7
129	7
133	10
136	7
137	14
139	6
140	7
141	6
143	8
148	2
149	12
Market 48
2	15
3	11
4	11
5	5
7	5
9	12
10	12
11	3
13	4
14	11
15	7
16	5
17	10
18	4
20	3
21	12
22	14
24	9
26	14
30	1
32	14
33	15
34	1
38	4
40	13
42	1
44	4
45	10
47	7
48	10
54	13
55	5
56	10
58	13
60	1
62	6
64	15
65	10
66	5
69	2
71	6
74	13
79	11
80	2
81	5
83	8
84	6
89	12
92	15
94	8
95	15
98	13
99	11
104	10
108	6
109	15
113	1
115	14
118	2
119	14
121	4
122	13
123	9
126	6
129	6
131	9
132	13
133	1
134	13
135	9
139	9
140	12
145	14
148	13
149	4
Market 139
8	3
9	15
10	14
11	7
13	3
17	6
22	15
28	11
32	15
35	6
36	14
40	14
41	11
47	4
53	1
54	4
58	2
61	1
62	6
65	10
66	6
69	1
71	15
75	8
77	12
79	7
83	15
88	15
89	3
90	13
91	11
92	7
96	10
103	15
107	2
111	13
112	4
116	15
117	8
118	11
121	9
129	14
132	7
138	8
139	7
144	15
149	11
150	8
Market 176(F)
1	7
2	5
3	5
6	12
7	12
8	4
9	6
10	15
11	9
13	11
15	2
16	13
17	10
19	4
21	1
22	13
26	11
28	10
30	1
32	9
34	9
35	9
36	7
38	7
39	4
40	10
44	10
45	6
47	2
50	15
51	3
53	2
54	5
55	5
56	8
58	6
60	12
61	14
62	5
65	2
66	10
68	11
69	9
70	10
71	5
72	10
74	11
80	3
81	5
83	12
86	9
88	5
90	6
91	11
92	6
94	3
95	2
96	1
99	1
103	1
104	1
105	4
106	1
107	9
116	6
118	11
119	15
121	9
127	7
128	10
129	14
130	7
131	7
132	12
134	12
135	15
138	9
140	14
141	5
143	5
144	4
148	13
149	12
150	5
Market 38
4	2
7	5
10	11
11	2
14	10
15	12
16	14
18	10
21	9
24	5
26	9
28	5
29	1
30	4
32	2
33	1
34	12
40	15
42	11
44	7
45	7
48	4
52	12
54	4
55	14
58	7
60	9
62	4
65	8
66	8
68	14
69	6
71	15
72	15
74	8
79	5
80	11
81	5
83	5
84	11
87	11
90	7
91	9
92	7
94	12
95	4
99	12
100	12
103	8
104	1
106	3
108	14
109	6
113	13
116	2
118	8
119	1
120	5
123	8
127	9
129	9
131	8
133	12
134	7
139	6
140	11
141	6
145	12
149	14
Market 36(F)
2	5
3	10
4	11
7	5
8	13
9	7
10	5
11	3
13	5
14	14
16	11
17	3
18	13
21	8
22	11
24	6
28	10
29	14
30	13
31	5
32	12
33	6
34	7
35	12
36	8
40	3
42	4
47	11
48	5
52	4
54	13
56	8
57	3
58	3
60	3
61	13
62	1
65	3
66	3
69	3
70	12
71	6
74	14
75	13
76	15
81	6
83	6
84	5
87	8
88	13
90	4
92	11
94	9
95	2
96	12
98	15
100	1
103	9
104	13
106	10
107	12
108	1
109	13
111	3
112	8
113	15
117	8
118	4
120	6
121	13
123	8
127	9
128	14
131	2
132	7
133	14
135	7
137	14
138	11
139	9
141	13
143	13
144	1
145	9
150	7
Market 163
1	8
2	12
3	4
4	14
6	14
10	6
11	14
13	11
15	12
17	15
19	15
20	7
22	9
26	6
28	13
29	1
30	13
31	10
33	8
34	7
35	3
37	13
38	2
40	11
44	6
45	8
47	13
49	4
50	8
51	7
53	11
54	5
55	4
58	7
59	1
60	12
62	11
63	9
65	1
66	2
68	2
69	3
72	15
74	13
79	13
80	2
83	12
84	15
90	15
91	8
92	1
94	11
96	9
98	15
99	5
103	4
104	13
106	15
109	15
114	5
116	1
118	2
119	10
125	1
128	3
131	2
132	11
134	1
135	6
137	10
140	14
143	4
148	5
149	4
Market 94
2	10
3	3
4	12
6	10
7	12
10	6
11	4
15	8
16	9
17	3
18	2
21	3
25	11
26	7
28	15
29	6
30	3
31	8
34	8
35	2
37	9
38	3
39	11
40	10
43	10
45	5
51	13
54	9
55	9
56	11
60	12
61	6
62	9
65	3
68	4
69	8
72	8
74	10
75	12
79	1
80	6
81	6
82	7
84	14
86	3
91	2
95	1
96	13
98	6
101	4
104	10
105	15
106	13
108	3
109	2
111	7
114	9
116	1
118	8
119	14
121	7
124	9
127	2
130	4
131	1
133	4
134	1
135	14
136	8
139	6
140	2
141	5
146	12
149	4
Market 25
2	7
3	14
7	15
11	7
15	5
16	7
17	15
21	7
22	3
26	1
28	9
30	6
31	7
35	4
36	9
38	10
40	4
44	8
45	14
46	3
51	2
53	6
54	1
55	3
57	11
58	6
60	2
62	7
70	8
75	8
80	2
82	6
86	6
88	8
91	15
92	12
94	4
95	14
96	14
101	4
102	3
103	4
104	15
106	7
109	1
116	13
119	4
121	15
127	9
128	12
131	12
132	1
135	3
136	11
140	13
141	7
143	13
149	2
Market 49
2	5
3	11
4	1
7	5
9	11
10	5
11	1
13	1
14	2
15	14
18	14
21	14
24	6
28	5
29	8
30	7
31	4
32	2
33	12
34	5
35	3
36	11
37	8
38	1
40	10
43	3
44	8
45	1
47	11
48	9
52	1
53	1
54	7
55	13
56	12
58	10
60	15
62	5
65	12
66	13
67	4
68	15
69	8
71	1
72	5
74	4
79	4
80	12
81	15
82	5
84	13
86	10
87	8
89	10
90	14
91	15
92	15
93	14
94	7
96	4
98	9
99	8
100	11
101	5
103	14
104	12
106	2
108	8
109	13
111	8
113	13
116	2
118	12
119	9
120	4
123	12
124	15
127	13
129	3
130	14
131	3
132	6
133	13
134	8
136	3
139	15
140	1
141	13
145	7
146	13
149	7
Market 10
1	13
2	3
3	9
5	3
9	14
10	12
11	14
13	3
15	9
17	7
18	10
19	3
22	2
26	6
28	8
29	9
32	5
34	6
36	12
38	15
44	4
47	12
50	3
54	15
55	5
58	3
59	13
60	11
63	15
64	6
65	14
66	15
68	12
69	11
71	13
74	15
79	4
80	1
83	12
86	11
90	9
91	7
92	5
94	7
98	7
99	1
103	2
104	5
107	7
109	12
112	14
114	5
115	11
116	8
119	5
121	14
125	8
126	11
129	14
130	3
131	8
133	6
134	15
139	11
140	8
144	7
147	9
148	7
150	4
Market 142
1	3
3	14
4	3
5	3
8	11
10	3
15	9
17	14
18	10
19	11
22	3
24	10
25	2
26	15
28	9
29	8
30	10
31	15
33	10
34	2
35	4
37	11
38	4
40	8
43	9
44	14
45	15
48	10
50	10
53	4
54	9
55	1
58	2
59	6
60	3
61	1
62	1
63	9
64	5
65	9
68	1
71	10
72	3
75	3
79	5
80	1
82	12
84	5
86	13
88	15
90	14
92	6
94	10
96	12
98	7
99	12
101	15
103	15
104	5
106	2
108	9
109	6
111	15
114	11
115	15
118	6
119	8
121	7
124	2
125	8
126	3
128	10
130	12
132	8
133	10
134	3
136	6
139	9
143	3
146	7
147	11
148	9
149	14
Market 76
2	10
3	11
4	1
6	1
7	3
8	4
10	10
12	13
17	11
18	4
21	14
22	8
24	2
26	10
28	7
29	11
30	2
31	4
33	12
34	12
35	15
37	11
38	4
40	13
43	9
45	9
48	10
51	4
53	4
55	4
56	12
57	4
58	14
60	4
61	11
62	8
65	13
68	5
69	11
71	11
74	7
75	1
79	10
80	1
82	2
84	4
86	9
87	12
90	15
91	9
92	8
94	8
96	10
98	8
99	6
101	5
103	15
106	6
108	1
109	5
111	3
116	3
118	6
119	10
120	6
121	1
127	15
128	7
130	10
131	4
132	3
133	9
135	11
136	10
141	10
148	13
149	2
Market 19(F)
3	14
4	9
10	7
11	12
14	6
17	4
18	3
24	3
25	2
28	9
29	5
30	11
31	7
33	2
34	10
35	6
36	13
37	5
40	13
42	5
43	4
44	1
45	15
48	9
53	11
54	2
59	6
62	3
65	13
66	4
68	13
71	14
72	10
79	15
82	9
84	10
86	3
90	9
91	8
92	11
93	15
94	15
96	13
98	7
99	4
101	11
104	5
106	10
108	14
109	13
114	5
116	4
119	12
123	8
125	12
129	8
130	12
132	1
133	8
136	2
139	5
140	5
145	3
146	12
149	7
Market 45(F)
3	5
4	8
8	1
10	6
12	12
15	13
18	6
22	14
28	9
29	15
34	10
35	14
40	7
44	1
45	1
47	11
53	6
54	4
56	8
58	13
59	14
61	14
62	7
65	12
66	3
68	14
69	15
72	9
75	5
79	12
80	12
82	10
88	9
90	5
91	8
94	11
96	8
99	2
101	12
103	4
104	11
106	4
109	11
111	5
114	4
116	7
118	10
121	7
128	15
130	6
132	15
136	5
139	7
140	11
142	8
145	10
149	15
Market 125
2	15
4	6
7	15
8	9
10	11
11	2
12	14
15	15
16	15
17	2
18	10
21	1
22	14
26	1
28	14
29	4
30	5
31	7
35	15
37	6
38	7
40	11
45	2
51	15
53	12
54	14
58	7
59	10
60	10
61	10
62	5
65	10
68	7
69	14
72	11
74	4
75	8
79	3
82	9
84	15
86	6
90	12
91	3
92	14
94	11
95	1
99	14
100	10
101	15
103	12
104	9
106	10
109	7
111	1
114	5
116	1
118	14
119	12
120	13
121	6
127	3
128	15
130	3
131	15
132	10
135	15
136	7
140	11
141	2
143	11
148	11
149	15
Market 190(F)
1	13
3	1
5	5
10	4
11	7
13	2
15	12
17	1
18	8
22	15
26	4
28	13
29	8
30	15
32	14
34	14
36	3
38	8
40	15
41	12
44	12
45	9
47	4
50	6
54	1
55	14
56	7
58	11
61	14
62	14
64	2
65	8
66	5
68	9
69	14
70	7
71	15
72	8
76	2
78	12
80	11
83	8
86	6
88	12
89	3
90	1
91	5
92	2
94	5
96	8
97	9
99	9
103	6
104	12
106	5
107	12
109	13
112	13
115	2
116	12
117	9
118	8
119	5
121	12
126	5
128	10
129	8
132	1
138	6
140	5
143	4
144	5
148	11
149	6
150	11
Depot
