TPP_FSO_CapEuclideo.300.100.1.2
Total Cost:444644
|M*|: 299
Depot
Market 114
4	12
6	1
14	4
15	1
20	14
28	6
29	13
33	15
37	7
38	5
41	12
45	13
47	14
51	3
53	7
54	11
55	1
57	10
59	6
60	10
62	7
65	4
69	12
70	9
71	11
73	2
75	7
76	3
81	13
82	10
83	1
84	2
86	7
87	15
88	15
97	14
99	12
Market 167
2	8
4	15
6	8
8	5
9	3
13	7
15	12
16	13
17	2
19	3
20	12
28	9
31	8
33	12
40	9
41	2
43	15
49	7
51	11
55	12
57	1
62	9
63	4
72	4
74	2
78	15
79	1
80	8
81	9
83	14
84	14
89	9
90	9
91	13
92	4
99	10
100	5
Market 32
4	5
5	8
6	15
15	3
16	4
17	9
20	15
21	3
29	12
31	4
33	2
37	4
38	6
45	3
46	12
47	9
53	14
54	3
60	6
71	9
73	14
75	1
76	10
82	12
83	14
84	3
87	3
88	4
95	12
96	3
Market 54
2	3
4	9
6	1
8	8
11	15
16	3
17	5
20	4
23	12
25	10
29	3
31	15
33	13
38	11
40	13
41	9
47	5
51	10
54	14
55	15
56	14
57	14
60	6
62	14
65	5
71	3
72	13
73	9
78	14
80	5
81	13
83	3
84	8
88	12
89	5
98	2
99	5
Market 208
4	12
6	4
8	11
13	1
17	12
25	15
29	10
31	11
32	2
33	1
38	14
41	5
43	6
47	5
48	9
54	10
55	5
57	7
60	13
62	11
65	10
71	3
72	10
73	12
74	3
76	4
79	10
80	7
81	5
82	6
83	6
88	9
89	3
90	12
91	12
92	1
97	1
98	12
99	1
Market 198
2	3
4	12
5	13
11	13
12	14
14	9
15	12
16	8
17	9
20	13
28	11
29	2
31	12
33	11
36	7
41	11
42	4
43	9
46	9
50	1
52	9
54	10
57	14
58	14
60	14
63	10
65	8
68	4
71	12
73	4
74	10
75	14
78	5
80	1
81	13
82	10
83	5
84	14
86	13
88	5
91	4
93	7
95	4
Market 95
4	7
6	9
7	6
8	1
14	12
16	7
20	15
23	15
24	7
25	3
28	6
33	9
40	5
41	9
43	10
47	9
48	1
54	6
55	13
61	3
62	9
71	9
72	12
74	10
78	12
81	8
83	8
86	1
88	8
89	1
98	4
99	10
Market 27
4	1
6	12
12	10
13	10
14	6
15	14
16	3
17	14
19	12
20	2
25	6
26	7
31	13
33	10
37	7
38	12
41	14
42	5
43	13
44	10
47	6
49	3
51	7
53	15
54	10
55	9
57	6
60	7
62	1
64	12
65	10
69	2
71	5
73	6
74	15
75	9
79	3
80	6
81	14
83	6
84	5
87	14
88	3
91	9
92	14
94	1
99	11
Market 246
2	2
4	3
5	12
6	7
14	7
15	1
18	2
19	10
20	15
25	7
26	1
28	3
29	7
31	1
33	14
34	13
35	12
37	11
41	14
45	8
47	5
49	2
53	10
54	10
55	10
57	13
60	3
61	4
62	7
65	8
66	1
71	8
73	4
74	10
75	15
79	5
81	14
82	3
83	11
84	11
85	7
86	7
88	13
94	4
95	13
98	12
Market 215
1	11
4	11
6	7
11	3
15	2
16	5
17	11
20	14
22	3
25	4
26	15
28	11
31	1
33	5
37	6
38	1
41	4
44	8
48	15
49	2
51	11
53	4
54	5
55	13
56	1
57	14
61	8
63	13
65	7
69	15
71	11
74	6
75	4
79	13
80	2
81	14
82	1
83	3
84	7
87	5
88	4
89	10
91	15
94	2
98	15
99	9
100	13
Market 11
2	13
4	7
6	11
11	7
12	2
13	2
14	7
15	12
17	15
18	14
19	9
23	9
26	10
28	1
31	6
33	10
41	8
42	12
43	14
47	2
50	7
51	6
52	1
56	13
57	14
60	2
63	10
65	7
66	14
73	6
74	5
75	11
78	14
80	7
81	10
83	14
84	9
86	14
91	2
92	8
98	3
Market 124
10	13
13	13
15	8
17	6
19	9
25	3
26	14
28	1
35	9
41	14
43	14
49	7
51	12
54	15
55	11
57	3
63	1
65	1
66	5
73	6
74	14
79	8
84	12
85	1
86	15
88	10
91	13
92	14
100	13
Market 179
1	10
4	10
6	1
14	8
17	15
20	11
25	8
28	5
29	7
31	6
33	3
41	3
44	15
45	1
49	10
53	7
56	4
60	5
63	6
69	10
70	5
73	10
75	2
81	14
82	1
84	4
87	10
88	6
91	4
100	6
Market 283
2	11
4	11
6	1
15	12
20	10
26	1
30	3
31	8
33	15
38	5
47	1
51	4
54	5
57	2
60	5
61	2
71	10
73	12
74	5
76	7
77	11
81	15
82	4
83	4
84	10
88	11
97	13
Market 213
4	13
6	11
13	5
14	15
16	1
19	7
20	10
23	4
25	11
28	14
31	5
33	10
34	2
35	4
37	12
39	5
41	14
47	1
51	9
52	2
53	15
54	2
55	9
57	11
60	15
61	8
62	2
65	11
67	10
69	5
73	6
74	2
75	4
78	11
79	9
81	8
82	9
83	2
84	7
85	7
86	15
88	11
94	1
98	9
99	10
Market 136
4	5
6	12
8	9
13	14
15	9
16	2
19	11
20	11
23	15
25	4
28	4
31	6
33	9
34	1
39	15
40	15
43	14
47	12
49	4
51	13
53	13
54	14
55	9
57	8
60	10
61	2
62	2
65	10
71	15
72	10
73	11
75	15
78	5
79	8
81	5
82	9
83	3
84	9
85	5
88	13
90	4
92	6
98	14
Market 216
4	9
8	15
15	6
16	13
17	7
20	5
25	12
28	7
31	2
33	11
38	4
41	10
47	12
48	9
49	9
54	3
55	10
57	13
60	7
62	9
65	5
72	5
73	1
79	14
82	8
83	2
88	2
89	1
99	10
Market 203(F)
4	9
5	15
6	10
14	11
20	13
21	14
25	6
29	4
31	1
33	4
37	6
38	2
41	7
45	1
47	11
49	13
53	3
54	2
55	14
60	10
62	3
70	3
71	1
75	12
76	15
79	15
81	12
82	13
83	2
84	5
87	15
88	6
90	7
94	11
95	4
Market 112(F)
4	12
6	4
14	1
16	13
17	8
20	13
21	12
23	10
29	12
31	15
33	5
37	2
38	4
39	1
40	4
41	2
44	15
47	9
53	3
54	2
55	10
60	7
61	7
62	1
69	4
71	10
75	11
76	8
78	7
81	12
82	15
83	15
84	9
86	7
88	13
91	7
94	3
98	7
Market 254
2	13
4	3
5	5
13	15
15	2
16	1
17	6
19	10
20	1
25	4
26	6
28	14
31	2
35	14
37	3
38	13
43	6
47	4
51	11
54	1
55	1
60	3
62	14
66	2
73	9
74	9
76	7
81	13
82	10
83	4
84	15
85	4
86	5
88	15
91	7
92	15
Market 264
1	13
4	9
6	1
11	12
15	1
16	7
17	6
20	6
25	15
28	9
31	4
33	13
41	5
47	11
49	9
54	9
55	11
56	7
62	14
63	13
71	2
74	14
79	3
80	11
81	15
83	2
84	15
86	6
88	11
90	15
91	10
100	15
Market 20
1	15
4	10
9	5
10	14
11	4
13	14
16	6
17	4
25	3
28	2
31	11
35	1
41	11
43	4
49	4
51	11
52	10
55	11
56	13
57	9
58	11
62	11
68	5
73	1
74	8
78	10
80	9
81	13
83	2
84	2
86	10
90	4
91	14
92	2
93	8
99	8
100	12
Market 165
2	7
3	2
4	3
7	10
12	3
13	4
15	13
16	7
17	9
19	1
20	7
24	13
28	12
29	10
31	9
33	1
35	10
41	2
42	1
43	6
48	6
51	2
55	11
57	11
60	5
62	10
65	1
72	6
73	2
78	11
80	2
81	5
82	1
84	3
85	10
86	1
89	8
91	5
99	10
Market 296
1	15
2	6
4	1
11	14
12	3
16	1
17	12
20	5
25	14
26	9
31	11
33	11
41	4
42	8
49	13
50	4
51	4
55	7
57	6
62	14
63	8
64	4
72	15
73	12
74	14
78	7
80	1
81	14
83	2
84	2
91	2
100	8
Market 57
4	1
13	9
14	4
16	12
19	8
20	3
23	14
25	15
28	6
29	4
31	5
33	10
37	14
40	12
41	8
43	10
44	8
47	1
53	12
54	2
55	9
57	13
60	5
61	3
65	15
69	12
70	14
71	8
74	5
75	1
78	11
82	10
83	10
85	5
87	3
88	2
92	3
94	6
98	8
Market 168
1	13
4	6
6	13
8	7
16	8
17	3
20	7
23	11
25	4
28	13
31	12
33	5
37	10
40	4
41	5
47	7
48	3
49	13
55	12
56	9
62	12
63	11
72	3
73	6
78	14
79	14
80	6
81	9
83	3
84	15
88	11
89	6
91	3
98	12
99	5
Market 79
4	2
5	8
6	6
13	2
14	14
15	9
16	7
19	10
20	10
23	12
28	10
29	7
31	7
33	13
35	10
37	13
39	12
40	15
41	7
45	6
47	9
51	15
52	11
53	3
54	6
55	8
57	3
58	13
60	10
61	7
62	4
66	8
68	5
70	2
71	10
72	14
73	13
78	14
81	15
82	3
83	3
84	5
86	13
87	4
88	14
92	6
93	2
95	4
98	2
Market 196
4	9
6	13
8	10
14	5
16	2
17	8
19	1
20	11
25	2
28	4
29	11
31	4
32	13
33	13
35	7
37	7
38	13
41	1
43	11
44	7
49	13
52	12
53	15
54	7
58	5
59	1
60	11
62	5
68	11
69	2
71	4
74	6
75	10
79	2
81	10
82	14
83	15
84	1
86	3
88	10
90	10
93	6
94	3
97	12
99	10
Market 53
1	6
3	8
4	3
8	4
10	7
11	2
13	10
15	11
16	4
17	4
19	5
25	15
27	7
28	12
31	2
33	11
41	10
43	6
48	9
54	15
55	5
56	13
57	2
62	15
63	1
65	4
72	6
74	9
79	7
80	5
81	2
83	12
84	12
85	3
86	6
88	3
89	3
90	4
91	15
92	1
99	9
Market 206(F)
2	12
4	6
6	10
8	1
11	11
12	4
15	6
16	13
17	3
18	3
20	5
21	9
25	14
26	7
31	8
33	12
38	15
41	12
42	7
47	9
48	13
50	10
51	4
54	6
55	10
56	4
57	14
61	12
62	15
63	2
65	15
72	13
73	3
74	8
76	14
79	8
80	3
81	7
82	3
83	6
84	9
88	5
89	2
91	14
98	10
99	12
Market 5
2	9
4	1
8	12
11	2
14	9
16	4
17	3
18	14
20	2
24	9
25	11
26	3
28	5
31	9
32	15
33	8
37	14
41	3
47	4
48	8
49	13
51	10
55	5
56	12
60	11
62	2
63	15
65	12
71	14
72	12
73	1
74	2
78	5
79	15
81	10
82	7
83	5
84	15
87	12
88	3
89	7
90	8
94	14
99	8
100	6
Market 293
2	11
4	11
9	1
12	4
18	12
28	11
29	15
33	4
37	3
41	8
42	5
43	14
44	15
45	10
51	10
55	4
57	13
58	15
62	12
65	12
68	6
70	2
73	13
74	3
75	3
79	2
81	4
84	12
86	7
87	10
90	13
91	6
94	13
99	4
Market 56
2	5
4	6
5	10
6	2
11	9
13	11
15	15
17	8
19	13
20	3
21	2
25	11
26	15
28	11
29	2
31	14
33	12
38	11
41	5
43	7
47	10
49	15
51	11
54	15
55	4
56	1
57	9
60	8
62	11
63	4
65	10
71	15
72	9
74	11
76	4
81	1
82	4
83	11
84	3
85	11
86	6
88	13
91	11
92	10
97	12
100	6
Market 63(F)
2	13
4	15
6	7
11	5
12	13
15	1
16	12
17	13
20	14
21	1
23	7
25	10
26	1
29	15
31	3
33	9
38	4
40	5
41	10
42	1
47	2
49	14
51	3
54	1
55	3
56	8
57	10
60	6
61	7
62	9
63	2
64	4
71	6
73	9
77	8
78	2
79	4
80	5
82	15
83	12
84	11
88	10
90	15
91	8
98	1
Market 144
5	11
6	12
15	5
16	7
17	10
23	14
25	15
29	10
31	15
33	12
37	11
39	3
40	15
41	14
46	6
54	6
55	1
57	7
60	8
61	13
62	10
71	13
72	1
73	3
74	4
75	8
82	14
83	10
84	11
88	8
89	9
95	10
98	4
Market 37
4	11
5	14
6	15
9	2
15	15
16	10
17	1
20	1
25	7
26	1
28	9
31	1
33	5
37	8
38	13
41	9
47	8
49	14
51	15
54	13
55	13
57	3
60	2
61	1
62	7
65	12
71	5
73	10
74	3
75	14
76	10
78	9
79	11
80	1
81	4
82	1
83	6
84	3
88	2
89	14
90	2
91	10
98	1
99	13
Market 18
2	5
4	6
12	6
14	6
15	2
17	8
19	11
20	3
21	1
26	11
28	13
31	9
33	3
34	5
35	15
38	10
41	10
42	2
43	15
47	2
51	12
52	13
53	1
54	1
57	1
58	5
59	13
61	4
64	12
65	5
66	2
68	10
69	13
71	4
73	15
74	6
75	13
80	9
81	3
83	2
84	3
85	7
86	2
87	8
88	1
91	14
92	3
93	9
94	4
98	9
Market 122
4	10
11	8
14	7
15	1
17	1
20	9
25	11
26	10
28	15
29	13
31	6
33	1
37	8
41	11
43	8
44	7
45	13
52	6
53	13
54	8
56	11
58	9
60	2
63	10
69	13
70	1
71	1
73	5
74	6
75	10
80	15
81	9
82	14
83	15
84	4
86	12
87	4
88	7
91	7
94	12
Market 170
5	4
6	3
9	7
14	1
15	11
16	14
17	15
20	2
25	2
28	1
31	8
33	3
37	12
38	3
41	1
45	1
49	6
51	13
54	14
55	8
57	7
60	2
62	15
71	14
75	15
76	7
79	11
81	6
82	2
84	4
88	12
95	11
97	11
100	3
Market 285
2	14
4	11
6	3
12	6
14	15
15	8
17	3
19	2
20	9
21	12
26	6
28	8
31	6
33	12
35	7
37	12
38	2
42	10
43	11
44	7
47	1
51	9
54	4
55	6
57	6
59	4
60	3
64	13
66	3
69	15
71	1
73	4
74	9
75	8
76	12
80	1
81	10
82	15
84	6
87	8
88	8
91	2
92	1
94	6
98	1
Market 118
2	1
4	14
6	9
9	1
10	14
15	7
16	13
17	15
20	10
21	6
25	7
31	9
33	5
38	6
41	1
42	2
47	6
49	10
51	10
54	14
55	9
57	3
62	12
64	12
71	6
73	11
75	14
76	7
79	4
81	12
82	2
84	7
88	5
90	2
91	12
97	5
99	14
100	10
Market 169(F)
13	7
15	14
17	10
20	6
21	14
23	14
25	5
31	4
33	12
37	10
38	4
39	3
41	12
43	1
47	14
49	9
51	10
53	9
54	15
55	3
57	2
61	1
65	1
71	14
73	3
74	5
75	3
76	12
78	6
79	8
81	2
82	14
83	8
84	4
88	9
92	11
98	12
Market 270(F)
4	11
13	1
15	4
19	8
20	8
21	13
23	3
25	13
33	4
34	14
35	6
38	4
39	8
41	1
43	10
47	3
49	8
51	4
54	5
57	15
60	3
61	2
65	14
71	15
73	8
74	15
75	4
78	15
81	10
82	5
83	6
84	2
85	13
86	12
88	10
91	15
92	2
Market 55
2	6
4	2
6	9
15	13
16	11
19	8
20	6
21	3
23	5
26	11
28	5
31	6
33	15
38	1
39	2
41	6
49	4
51	8
54	10
55	14
61	1
62	8
71	6
73	5
74	8
76	2
77	5
81	1
83	6
88	15
89	5
92	2
98	10
Market 45
8	10
9	4
15	5
16	11
17	14
20	7
25	5
31	7
32	5
33	13
37	3
41	11
45	9
49	10
54	5
60	11
62	15
70	9
71	3
72	2
73	11
75	4
78	15
82	7
83	6
84	1
87	1
88	9
89	5
90	5
91	2
99	14
Market 102
4	15
8	5
9	3
14	14
15	9
16	12
17	6
20	14
25	4
28	11
29	3
31	1
33	2
37	10
41	15
45	7
49	13
53	7
54	4
55	11
60	13
62	10
69	8
70	5
71	7
73	3
74	12
75	4
79	11
81	12
82	6
83	6
84	10
87	7
88	3
89	7
90	13
94	8
99	10
100	11
Market 218
4	5
6	7
8	9
14	15
15	10
16	14
17	1
20	9
21	3
23	1
25	11
28	11
30	5
33	7
37	10
38	7
41	5
49	8
54	15
55	6
57	9
60	8
69	13
71	6
73	6
74	10
78	3
79	1
81	8
83	6
84	11
88	10
89	12
94	4
97	7
98	11
99	15
Market 98
4	10
5	13
14	11
15	9
16	3
20	14
28	14
29	1
31	14
33	5
37	10
41	1
44	9
45	12
47	11
53	14
55	5
59	14
60	12
69	2
71	5
72	6
75	13
76	6
81	6
83	7
84	12
87	8
88	7
89	3
94	3
Market 259
4	6
5	14
6	6
15	8
20	7
21	10
23	15
28	11
29	8
31	10
33	2
38	8
47	15
51	14
54	13
55	3
57	8
60	11
62	4
65	13
71	6
73	13
74	9
76	15
78	6
81	15
82	9
83	2
84	10
88	1
97	12
98	9
Market 243(F)
2	15
5	1
6	4
11	8
14	14
15	12
17	1
20	10
26	10
28	2
29	1
31	9
37	13
38	4
41	4
43	4
46	9
47	5
50	12
54	2
63	4
71	12
73	7
74	3
76	14
80	8
81	2
82	9
84	12
94	5
95	8
97	2
Market 271
2	4
4	11
6	14
11	11
12	1
14	1
15	5
17	5
18	14
20	10
21	12
25	15
26	15
28	14
31	6
33	5
37	11
38	3
41	3
45	12
49	12
50	14
51	7
54	4
55	2
56	2
57	10
59	3
60	6
62	6
63	11
69	15
70	3
71	14
73	8
74	15
75	1
76	15
79	1
80	4
81	8
82	14
84	11
86	13
87	3
91	8
98	6
99	11
Market 119
4	7
6	4
8	5
13	15
15	15
16	6
19	11
21	10
23	3
25	14
26	12
28	3
31	2
33	1
40	8
41	7
43	13
47	8
51	13
52	9
54	10
55	8
57	14
62	12
65	14
71	1
72	8
74	9
78	10
79	11
81	1
82	14
83	3
84	6
86	6
88	1
89	2
91	1
99	12
Market 190
2	9
4	3
6	9
11	4
12	11
13	10
15	15
17	6
19	10
20	9
26	12
28	6
31	4
33	11
35	10
37	1
41	2
42	4
43	8
47	14
50	15
51	13
54	15
56	9
57	6
63	6
65	11
71	8
73	6
74	5
80	3
81	14
83	3
84	14
85	15
86	5
88	13
91	3
92	13
98	12
Market 200
4	3
6	1
8	8
13	13
14	10
15	12
16	6
19	8
20	12
23	4
28	2
31	8
33	3
35	14
37	7
38	8
41	6
43	8
47	10
48	5
49	11
52	7
53	12
54	13
55	4
57	3
60	12
62	5
66	5
71	6
72	12
73	9
74	13
75	12
76	6
78	4
79	2
81	12
82	3
83	1
86	6
88	14
89	1
90	6
92	8
94	3
98	15
99	5
Market 182
1	12
2	15
4	7
6	14
11	15
12	15
13	4
15	1
17	1
19	15
20	3
25	4
26	13
28	8
31	5
33	14
38	1
41	3
42	1
43	15
47	11
49	10
51	2
54	4
56	7
57	5
60	15
63	8
64	8
65	3
71	10
73	5
74	10
80	10
81	4
82	4
83	7
84	12
85	11
86	3
88	10
91	5
92	7
Market 30
4	5
6	4
8	10
20	3
23	2
25	4
29	3
31	6
38	9
40	13
41	15
47	7
48	14
54	3
55	7
60	5
61	10
62	9
71	1
72	12
73	11
76	14
82	3
83	15
84	2
88	5
97	9
98	12
99	6
Market 282
4	11
6	6
7	2
9	9
10	1
14	6
15	7
16	8
17	3
20	12
23	5
25	7
28	9
33	14
37	13
39	3
40	6
41	2
45	12
47	1
49	7
53	7
54	5
55	5
60	13
61	8
62	5
63	10
71	7
72	4
73	9
74	11
75	10
78	9
79	14
81	7
82	4
83	8
84	11
87	11
88	6
89	2
90	8
91	3
94	7
98	11
99	13
100	4
Market 192
2	6
4	15
6	13
7	15
8	9
12	9
14	14
16	6
17	3
19	14
20	13
24	5
25	3
28	15
29	11
31	12
33	5
35	5
37	15
38	5
40	14
41	14
42	5
43	15
45	7
47	6
48	11
51	13
52	9
53	4
55	6
58	15
60	13
61	10
62	2
64	2
68	1
70	2
71	13
72	6
73	3
75	7
78	12
79	3
80	4
81	9
82	6
83	6
84	4
86	3
87	7
88	12
89	5
91	5
93	15
94	10
98	9
99	15
Market 128
2	7
4	7
6	13
14	1
15	2
16	15
20	14
21	12
23	15
29	6
31	14
33	4
37	15
38	8
40	6
44	10
47	2
51	12
53	3
54	3
55	7
57	5
59	10
60	9
61	4
62	13
69	11
72	14
75	2
76	7
77	7
78	4
81	7
82	12
83	2
84	2
86	12
87	4
88	14
94	10
98	8
Market 97
4	12
5	1
6	3
8	3
14	10
15	8
16	1
23	12
28	7
29	12
33	15
37	14
38	4
40	9
41	4
43	1
45	10
46	5
47	2
48	4
52	1
54	15
55	9
60	10
70	15
71	9
72	11
73	7
74	15
75	13
76	12
78	10
79	5
81	3
82	8
83	13
84	15
86	10
87	15
88	15
95	12
96	13
98	2
99	4
Market 48
4	12
5	6
6	1
13	12
15	3
17	11
19	10
20	15
22	6
26	8
28	3
29	6
31	14
33	2
34	11
37	15
38	6
43	14
46	9
47	6
51	4
54	4
56	11
57	6
60	7
61	9
65	3
71	8
74	14
75	8
76	2
78	11
80	9
81	8
82	15
83	5
84	1
85	9
88	7
91	6
92	13
95	11
97	3
98	9
Market 214(F)
2	11
12	10
13	5
14	14
16	1
17	12
18	4
20	10
25	7
26	3
28	14
31	12
33	12
37	13
41	8
51	1
53	10
54	4
55	13
57	13
60	7
62	14
65	13
71	6
72	15
73	4
74	12
75	12
79	8
80	6
81	9
83	13
84	15
87	15
89	14
91	12
92	6
94	3
Market 276
4	8
5	14
6	10
14	6
15	7
17	9
20	4
21	12
28	6
29	3
31	5
33	8
37	11
38	6
41	12
45	3
46	9
47	1
53	13
54	5
60	3
70	15
71	3
73	14
75	7
76	4
81	15
82	9
84	5
87	9
88	15
94	5
95	3
97	3
Market 146
4	9
5	15
15	15
17	11
20	1
29	14
31	8
33	7
41	12
45	13
46	12
53	9
54	8
55	12
60	10
63	5
70	15
71	1
73	10
74	15
75	12
80	4
81	9
82	9
83	14
84	13
88	4
91	3
94	8
95	4
Market 225
2	11
4	8
6	13
7	8
9	3
14	14
17	11
23	9
24	3
25	8
26	11
28	2
31	4
33	4
40	10
41	4
43	15
49	2
51	11
53	11
55	15
57	12
60	10
62	15
65	9
72	1
73	5
74	4
75	4
78	10
80	12
81	10
83	11
87	3
89	15
90	2
91	11
94	13
98	7
99	13
100	10
Market 139
2	11
4	6
6	7
8	2
14	15
15	8
16	11
17	5
20	14
25	13
26	8
28	4
31	1
33	8
37	5
41	8
43	1
44	2
47	13
50	9
52	9
53	4
54	15
55	7
56	10
57	6
59	10
60	4
62	11
68	2
69	6
71	11
73	8
74	11
75	10
79	3
80	1
81	13
84	5
86	6
88	3
91	5
92	8
94	5
98	13
99	6
Market 199
1	11
4	13
5	5
6	13
8	3
9	12
11	15
15	7
16	7
17	2
25	13
28	4
29	6
31	15
33	6
37	4
38	1
41	14
46	3
47	2
51	9
55	12
56	5
57	4
60	4
62	11
63	4
71	9
73	1
74	12
76	6
79	6
80	6
81	15
82	3
83	14
84	1
88	9
90	4
91	3
96	13
98	15
99	12
100	7
Market 78
4	11
6	11
16	10
17	9
20	14
25	15
31	12
32	14
33	10
41	8
47	5
48	2
49	9
55	6
62	1
72	14
73	5
79	14
81	11
82	13
83	7
84	2
88	10
89	8
90	13
99	7
Market 80
4	10
6	4
14	13
15	1
20	2
21	13
28	14
29	1
31	15
33	11
37	5
44	3
45	11
47	12
53	12
60	3
69	4
70	10
71	11
73	1
75	1
76	9
81	8
82	1
83	15
84	4
87	15
88	4
91	10
97	12
98	7
Market 107(F)
2	14
4	11
6	8
13	3
14	7
15	13
19	5
21	9
25	9
26	15
28	10
31	10
33	5
35	4
37	8
38	11
41	1
43	10
47	11
49	1
51	5
52	7
57	13
58	11
60	3
66	14
68	9
71	10
73	10
74	6
75	8
76	8
80	1
81	11
82	15
83	7
84	5
86	3
88	15
91	9
92	8
94	8
97	7
98	7
Market 110
2	11
6	7
7	13
8	11
9	12
15	1
16	2
17	11
20	9
23	11
25	1
26	10
31	11
32	5
33	5
38	2
40	3
41	2
47	9
49	4
51	5
54	2
57	13
60	10
62	8
71	15
72	4
73	6
76	15
78	1
79	13
81	13
82	12
83	14
84	11
88	3
90	9
98	3
99	10
100	3
Market 266
4	11
6	2
7	11
15	4
16	11
20	14
23	13
28	12
31	11
33	8
38	3
39	5
40	3
47	3
54	10
57	12
60	12
61	11
62	15
71	12
72	14
73	3
74	13
76	5
78	5
81	10
82	9
83	7
84	2
88	4
89	11
97	5
98	4
Market 289
1	10
5	10
6	13
8	4
9	12
11	12
13	8
15	9
16	6
17	15
19	7
20	8
25	4
28	5
31	15
33	9
35	2
37	6
41	11
43	2
47	15
49	14
51	8
54	4
55	8
56	10
57	14
60	11
61	8
62	7
63	4
66	2
71	10
74	6
79	14
80	6
81	15
82	4
83	9
84	2
86	8
88	6
89	5
90	14
91	1
92	9
95	4
98	3
Market 51
2	7
4	13
6	4
8	13
12	13
14	7
15	9
16	14
17	15
19	2
20	13
26	3
28	4
31	3
33	9
34	4
37	5
41	10
43	12
47	13
49	10
51	2
55	8
57	12
62	9
65	6
71	1
73	10
74	10
79	15
81	8
83	9
84	5
85	6
86	15
88	12
89	14
92	4
99	9
Market 145
4	7
6	7
13	3
14	7
15	15
17	10
19	10
20	6
21	15
23	8
25	1
28	4
29	10
33	10
37	4
41	14
43	12
45	10
47	6
49	1
51	11
53	13
54	6
55	12
57	15
60	12
61	13
70	11
71	4
73	7
74	10
75	8
76	13
77	15
78	4
79	12
82	4
84	11
87	4
88	13
92	13
94	1
97	1
98	5
Market 4
1	4
2	2
4	4
5	4
6	5
8	8
9	1
11	4
13	9
15	15
16	1
17	12
19	5
20	11
23	8
25	6
26	6
28	2
29	9
31	5
33	8
38	14
40	11
41	7
43	7
47	12
49	8
51	9
54	14
55	13
56	10
57	3
60	7
61	7
62	1
63	11
65	2
71	4
72	14
73	9
74	4
76	7
78	5
79	2
80	12
82	4
83	6
84	14
85	8
88	4
89	14
90	14
91	12
92	11
97	8
98	13
99	10
100	3
Market 268
2	11
4	5
5	9
6	5
11	15
13	12
14	5
15	6
16	2
17	9
19	10
20	5
21	10
23	4
25	8
26	13
28	5
29	2
31	2
33	5
37	7
38	7
40	10
41	8
43	4
45	5
47	9
49	6
51	3
53	11
54	6
55	5
56	14
57	6
60	12
62	7
63	13
70	5
71	9
72	15
73	2
74	8
75	14
76	15
78	12
80	9
81	8
82	11
83	8
84	3
86	13
87	1
88	6
91	5
92	1
94	6
95	11
98	11
Market 286
4	15
8	8
13	9
14	11
16	15
19	7
20	4
25	14
33	15
43	8
48	9
51	13
52	10
57	11
58	1
66	14
68	2
73	9
74	10
79	10
81	2
82	8
83	1
86	2
88	3
89	9
93	1
99	3
Market 299
4	7
6	10
8	10
14	1
15	9
16	14
19	10
20	8
21	11
23	15
25	4
28	14
31	6
33	12
35	4
38	3
39	15
40	1
41	13
43	6
48	14
51	7
52	1
54	7
57	3
58	7
60	9
61	7
62	7
68	6
72	3
74	6
76	10
78	5
81	2
82	5
83	12
86	15
88	9
89	1
93	6
98	10
99	3
Market 67
1	14
3	11
4	12
11	10
13	3
14	12
16	7
17	8
19	10
20	7
25	7
26	4
28	10
29	9
31	6
33	3
35	8
37	15
41	11
43	3
45	15
51	6
55	2
56	13
57	15
60	6
62	9
63	2
65	8
66	1
70	9
72	12
73	10
74	4
75	5
78	9
80	15
81	5
82	5
83	4
85	10
86	8
87	1
89	15
91	12
92	11
100	9
Market 197
4	13
13	2
15	3
19	4
20	11
26	4
28	9
29	14
33	1
35	8
38	9
42	11
43	14
47	11
51	9
54	9
55	4
56	12
57	9
60	10
63	2
65	4
66	12
71	1
73	10
74	9
76	6
80	3
82	2
83	13
85	1
86	2
88	9
91	5
92	9
Market 143
8	5
14	9
15	2
16	8
19	13
21	7
23	9
25	10
31	10
32	7
33	6
35	1
38	8
40	3
41	3
43	13
47	3
48	6
49	7
52	4
54	8
55	10
58	11
60	4
62	2
68	15
71	3
72	3
73	9
74	9
76	5
78	3
79	9
81	4
82	4
84	2
86	6
88	14
90	15
93	3
98	13
99	3
Market 14
4	15
5	3
6	15
14	4
15	1
16	3
20	7
23	13
28	9
29	5
31	10
33	13
37	11
39	12
40	6
41	9
46	9
47	13
51	15
54	3
55	12
57	14
60	1
61	9
62	6
71	3
72	14
78	3
79	13
82	7
83	9
84	7
88	3
89	6
95	1
98	1
Market 101
1	12
2	8
4	7
6	14
11	10
13	1
15	3
17	14
19	12
20	13
22	11
23	12
26	2
28	13
29	14
31	4
33	5
38	8
40	10
41	13
43	9
47	10
49	11
50	1
51	7
53	4
54	10
55	11
56	3
57	15
60	6
62	11
63	3
70	2
71	5
72	6
73	2
74	10
75	4
78	9
79	15
80	5
81	5
82	7
83	3
84	7
87	4
88	9
98	13
100	10
Market 69
1	1
4	3
5	8
6	6
9	1
10	2
11	15
13	2
15	12
19	4
20	1
28	6
29	6
31	1
33	14
37	4
38	6
41	12
43	5
46	10
47	12
49	1
51	3
53	10
54	9
55	10
56	3
60	3
62	13
63	10
69	2
71	1
73	12
74	12
75	9
79	2
80	8
81	3
82	8
83	4
84	11
87	15
88	12
90	5
91	10
92	11
94	11
96	1
98	5
99	12
100	12
Market 279
2	6
4	6
6	12
12	8
13	1
15	15
16	1
17	8
18	2
20	13
23	2
26	12
28	13
29	7
31	15
33	1
35	7
38	5
40	5
41	3
42	14
43	14
47	3
51	1
54	13
55	5
57	5
60	9
62	10
64	13
65	4
71	3
72	5
73	7
74	10
78	2
80	9
81	10
82	9
83	8
84	11
86	11
88	13
89	8
91	1
92	9
98	14
Market 183
4	9
6	9
8	6
9	7
10	2
14	5
16	9
17	4
20	8
25	14
28	6
29	3
31	6
33	2
37	11
41	9
47	4
49	2
54	6
55	7
60	5
62	14
63	4
71	9
73	14
75	8
79	2
81	7
82	10
83	6
84	13
88	7
90	9
91	13
94	6
99	1
100	12
Market 280
2	14
4	9
10	4
11	10
14	10
17	3
20	2
25	2
28	2
33	7
41	4
45	15
49	14
51	14
53	13
55	12
56	14
60	5
63	4
70	14
73	14
75	12
79	4
80	10
81	4
82	1
83	8
84	5
87	2
91	15
Market 281
6	12
8	4
9	12
15	3
16	6
17	2
23	5
28	12
31	10
33	13
37	8
39	13
41	3
43	4
44	4
47	11
48	9
49	14
51	14
53	13
54	14
55	4
57	7
59	1
61	14
62	15
65	13
69	6
73	2
74	15
75	8
78	15
79	3
81	3
83	11
86	15
88	11
94	2
98	13
99	7
Market 202(F)
4	10
6	15
15	12
20	15
21	1
25	1
28	12
29	15
31	9
38	15
41	4
47	5
49	4
54	3
55	2
60	15
62	6
71	8
73	3
76	14
82	7
84	12
88	9
97	14
98	2
Market 148
4	9
6	12
14	11
15	13
19	4
20	3
23	15
25	7
28	6
31	5
34	5
35	12
37	13
38	4
41	12
43	15
45	14
47	8
51	15
52	11
53	13
55	1
57	6
60	14
62	15
66	6
70	10
71	14
73	7
75	10
76	10
81	1
85	5
86	15
87	15
88	6
92	4
94	1
98	4
Market 300
1	14
4	4
5	13
6	15
11	1
15	2
17	5
20	10
25	4
29	4
31	3
37	3
38	6
41	5
45	5
47	12
49	2
54	8
55	3
56	9
60	10
62	9
63	12
70	8
71	11
73	3
76	12
79	10
80	7
81	4
82	10
84	11
88	10
95	4
97	4
99	12
Market 230
2	14
3	9
4	1
6	14
12	5
13	2
19	14
20	4
25	13
27	10
31	13
33	6
41	1
42	3
43	8
47	4
51	4
55	15
60	9
64	14
73	12
74	9
80	15
81	6
82	13
84	4
88	14
91	12
92	15
Market 49
4	1
9	8
14	15
17	7
20	2
28	7
29	7
33	12
37	4
41	13
43	10
44	14
45	5
49	6
53	12
55	8
59	15
60	6
69	14
70	9
73	13
74	13
75	11
79	11
81	12
87	7
90	14
94	11
99	4
Market 6
2	9
4	9
5	10
6	7
12	6
14	9
15	6
16	7
17	3
18	12
19	8
20	5
22	3
23	15
26	1
28	8
29	5
31	12
33	15
35	14
37	5
38	4
40	14
41	11
42	5
43	14
47	1
51	8
52	1
54	6
55	10
57	15
58	11
60	12
61	15
62	14
65	1
68	1
72	8
73	6
74	7
78	6
80	1
81	11
82	2
83	11
84	8
86	4
88	8
91	10
94	10
98	11
Market 228(F)
2	14
4	9
12	7
14	12
16	11
17	1
20	10
23	2
25	14
26	13
28	7
31	10
33	11
37	2
40	5
41	7
42	11
44	10
45	6
51	9
53	15
55	3
57	3
59	13
60	12
62	4
65	9
69	11
70	1
72	11
74	2
75	9
78	10
82	11
83	3
84	7
86	4
87	7
91	10
94	8
Market 94
4	8
6	8
8	11
9	13
13	10
14	7
15	14
16	11
20	2
21	13
28	9
29	3
31	2
33	3
37	1
38	3
41	15
43	3
47	13
48	13
49	12
53	9
54	9
55	7
57	11
60	14
61	15
71	15
73	8
74	12
76	6
79	5
81	14
82	15
84	3
88	3
89	8
90	9
92	4
94	3
98	2
99	14
Market 91
4	15
9	11
11	10
14	12
17	13
19	9
20	4
25	14
28	13
29	4
31	9
33	3
35	7
37	7
41	8
43	7
45	6
49	5
51	8
52	15
53	13
55	11
56	2
57	10
60	10
62	12
63	8
66	15
67	13
70	3
74	13
75	4
79	4
80	6
81	9
82	6
83	12
84	2
85	6
86	3
87	8
90	7
91	13
92	4
93	11
94	10
99	15
Market 210(F)
4	7
5	15
6	5
14	5
15	3
17	11
20	14
21	14
25	2
31	6
33	13
37	6
38	10
41	7
45	12
47	6
51	7
53	13
54	7
57	13
60	13
61	14
70	7
71	1
73	15
75	8
76	6
81	12
84	11
87	8
88	9
91	15
94	2
96	6
97	9
98	14
Market 265
2	13
4	9
5	13
6	10
8	13
11	7
15	1
16	13
17	10
20	11
25	12
29	7
31	2
33	11
38	1
41	7
47	5
48	2
49	14
51	14
54	1
55	5
56	6
60	3
62	7
63	10
71	15
72	1
73	9
76	12
78	10
79	7
80	2
82	15
83	9
84	11
88	15
89	15
90	14
91	10
97	15
99	1
Market 195
2	5
4	9
5	2
6	7
12	5
14	4
15	10
16	1
20	9
25	15
26	9
28	7
29	8
31	14
33	1
37	12
38	3
41	12
42	1
43	4
45	9
47	11
52	10
53	11
54	10
55	7
60	1
62	5
70	1
71	3
72	4
73	14
74	6
75	13
76	5
81	8
82	14
83	10
84	5
86	6
87	3
88	3
91	6
94	9
95	12
Market 68
2	5
4	8
6	3
11	1
12	2
13	1
15	5
17	11
19	7
20	8
25	3
26	8
28	11
31	1
33	1
35	12
41	11
42	3
43	10
47	11
49	3
50	9
51	3
54	11
55	5
56	7
57	9
60	6
62	14
63	10
65	12
66	7
71	7
73	5
74	4
79	3
80	2
81	8
82	1
83	11
84	4
86	6
88	7
90	6
91	15
92	2
98	11
Market 287
2	13
11	4
12	11
13	3
15	9
17	6
19	12
20	5
26	8
29	6
33	2
37	2
41	4
42	10
43	7
45	5
50	9
51	10
53	8
54	14
55	3
56	4
57	9
60	2
63	15
64	10
65	7
70	13
73	4
74	11
75	13
81	10
84	11
85	7
87	3
91	9
92	7
Market 108
2	8
4	4
8	9
12	5
13	1
15	15
16	6
17	5
18	6
19	7
20	2
25	14
26	11
28	3
31	14
33	2
34	15
41	4
42	5
43	12
48	1
49	9
51	15
54	7
55	15
57	1
60	11
62	12
65	8
71	14
72	14
73	5
74	14
78	8
79	11
81	3
82	11
83	9
84	12
85	2
89	7
91	5
92	15
99	14
Market 35(F)
2	11
4	4
6	15
8	10
12	3
13	5
16	12
17	15
19	14
23	3
25	15
26	6
29	3
31	14
33	6
37	11
42	3
43	6
47	10
48	13
54	15
55	9
60	4
61	7
62	6
65	9
71	9
72	12
73	3
78	5
79	8
80	11
82	5
83	3
84	1
85	1
91	6
92	12
98	3
99	1
Market 156
4	5
6	2
13	2
14	14
15	13
19	10
20	4
23	13
28	6
31	6
33	4
40	1
41	14
43	6
47	14
51	2
52	9
54	9
57	1
58	3
60	1
62	10
66	5
67	5
71	9
73	15
74	11
78	9
81	11
84	13
86	4
88	2
89	11
92	8
93	10
98	2
Market 273
4	11
8	4
14	13
16	7
17	12
20	1
25	5
31	6
32	9
33	6
41	14
43	2
48	4
49	3
60	4
62	14
72	10
73	14
79	12
81	1
82	1
83	7
84	1
86	13
89	11
94	1
99	3
Market 31
4	12
6	8
13	1
14	8
15	13
16	9
19	1
20	12
21	14
28	3
31	4
33	1
35	5
36	4
38	13
41	5
43	13
47	5
51	5
52	12
53	8
54	10
55	5
57	3
61	3
62	11
66	2
68	12
71	7
73	7
74	5
76	7
77	14
78	2
81	12
82	4
83	3
84	11
86	1
87	3
88	11
92	7
93	4
94	15
97	10
Market 82
2	7
4	3
14	2
15	11
20	11
26	13
28	11
31	15
33	13
37	6
43	3
45	7
52	12
53	5
58	12
59	13
60	9
68	9
69	9
74	10
75	9
81	6
82	3
83	9
84	5
86	15
87	9
91	13
94	11
Market 290
2	2
4	10
6	2
7	8
16	1
19	4
20	5
24	11
28	1
33	5
40	10
41	5
43	2
47	9
48	2
51	14
57	14
60	2
62	10
65	15
73	9
74	5
78	1
81	10
83	6
84	10
88	11
89	6
92	15
98	6
99	12
Market 231
2	13
4	1
6	6
8	11
16	10
17	2
20	12
23	10
25	10
26	9
28	14
31	9
40	7
41	15
47	11
48	14
49	2
50	12
55	8
56	2
62	10
63	12
72	5
73	10
78	8
80	7
81	15
83	7
84	8
86	3
89	12
91	3
98	2
Market 297(F)
4	3
8	8
9	14
14	7
15	6
16	10
17	8
20	13
25	11
28	12
31	8
33	11
37	15
41	11
49	10
52	4
53	2
54	1
55	15
58	13
59	5
62	12
68	5
69	14
72	10
73	11
74	7
79	14
83	15
84	2
86	3
89	15
90	4
91	12
94	15
99	11
100	3
Market 177
2	3
4	12
6	15
17	15
19	14
21	6
23	9
25	15
28	13
29	8
31	2
33	7
35	11
37	15
38	9
39	3
41	6
43	6
47	12
49	2
54	7
56	11
60	13
71	7
73	13
74	10
75	14
76	8
80	4
81	8
83	7
84	14
86	12
88	11
91	6
98	11
Market 294
2	11
4	11
13	11
14	5
15	11
20	11
26	5
28	14
31	14
33	3
35	13
37	4
41	1
43	10
47	13
51	15
58	8
66	4
68	3
81	10
84	15
86	13
93	6
98	13
Market 220
4	13
8	5
13	5
14	4
17	10
19	13
20	9
25	11
28	1
31	12
33	3
34	2
37	9
41	14
43	1
44	15
47	13
48	2
49	14
51	9
53	5
55	15
57	6
59	3
60	6
62	7
65	1
69	6
72	14
73	5
74	12
75	5
79	11
82	6
83	5
84	9
85	15
86	12
87	13
88	7
89	8
92	2
94	3
99	13
Market 138
2	2
4	2
5	8
6	15
13	2
14	14
15	10
16	7
19	13
20	2
26	6
29	2
31	14
33	11
37	13
41	1
43	12
45	7
47	5
53	7
54	6
55	3
57	2
62	1
65	10
70	7
74	11
75	1
81	6
82	2
83	1
84	7
87	9
88	2
91	8
92	6
94	5
95	11
98	9
Market 291
1	10
4	13
10	14
14	6
15	13
17	14
20	8
21	14
22	6
25	13
28	5
31	9
33	1
37	13
38	2
41	15
47	3
49	10
53	7
54	12
55	9
57	1
58	13
60	9
61	7
63	15
71	11
73	11
74	6
75	12
78	12
79	1
80	6
81	14
82	9
83	11
84	6
86	13
87	1
88	1
91	12
98	12
100	4
Market 130
4	10
5	4
6	2
14	10
15	13
20	9
28	2
29	5
31	9
33	2
37	2
38	2
43	10
45	15
47	6
52	10
53	1
54	7
58	14
60	10
61	8
68	10
70	13
71	11
74	14
75	1
81	2
82	9
83	4
86	15
87	9
88	12
94	7
95	2
Market 253
1	12
4	12
11	14
14	12
15	10
16	9
17	1
19	12
20	6
25	2
28	5
29	4
31	9
33	12
35	6
37	10
41	8
43	6
45	1
49	6
52	7
53	12
55	10
56	6
57	6
58	14
59	9
60	6
62	9
63	1
68	6
69	1
70	12
72	7
74	2
75	7
79	13
80	1
81	6
82	15
83	12
84	15
86	3
87	5
89	10
91	6
93	11
94	13
95	12
99	9
Market 164
4	9
14	5
17	13
19	1
20	15
25	7
28	4
33	2
35	10
37	3
41	3
43	5
49	4
51	12
54	3
55	5
57	14
58	11
62	5
69	5
71	4
73	12
74	10
79	10
80	7
81	7
84	3
86	1
88	11
91	10
92	6
93	4
94	7
100	7
Market 65
1	2
2	11
4	9
5	8
9	8
11	6
14	9
15	12
17	8
20	5
26	13
31	2
33	15
37	9
41	6
45	6
47	9
49	8
50	11
53	13
55	15
56	14
60	7
63	7
69	7
70	5
73	6
75	3
78	11
79	11
80	8
82	15
83	13
84	10
87	9
90	4
94	15
95	12
98	13
100	14
Market 162
2	9
4	3
5	11
6	14
12	9
13	2
14	11
15	8
16	7
17	15
19	4
20	5
21	5
25	6
26	6
28	9
29	11
33	4
34	8
37	11
38	7
41	14
42	5
45	3
47	5
53	5
54	2
57	7
60	12
62	7
65	7
70	9
71	12
74	13
76	14
80	1
81	15
82	3
85	9
87	12
88	1
91	7
92	1
95	1
96	13
98	15
Market 113
4	9
5	5
6	15
10	10
14	9
15	11
16	5
17	10
20	2
23	6
25	13
28	12
29	6
31	12
33	2
37	9
38	15
40	2
41	3
46	3
47	6
49	6
54	6
60	14
62	3
63	5
71	13
72	1
73	3
75	9
76	8
78	9
79	14
82	3
83	2
84	12
87	3
88	9
89	11
91	9
95	10
97	10
98	12
100	5
Market 123(F)
2	2
4	2
6	9
9	1
13	8
14	3
15	8
17	5
19	1
20	9
25	14
28	5
31	7
33	11
35	3
37	12
38	10
41	4
47	5
49	5
51	14
52	6
53	10
54	13
55	1
58	7
60	6
62	12
66	6
67	11
69	4
71	4
73	14
74	1
76	3
78	5
79	1
80	14
81	3
82	8
83	8
84	11
88	13
90	4
91	1
92	8
93	15
94	7
97	4
98	10
100	15
Market 129
2	5
4	6
5	13
6	6
14	14
15	3
17	14
21	5
25	15
26	7
29	9
31	4
37	2
38	3
41	1
47	8
49	8
51	10
53	13
54	5
55	3
57	8
60	5
62	6
65	9
71	12
73	3
74	8
75	8
76	1
79	9
81	15
82	3
84	4
87	11
88	6
90	11
91	8
94	4
96	13
97	14
100	7
Market 201
5	2
6	3
8	8
16	3
17	2
20	8
21	2
23	13
25	9
29	4
31	11
33	13
37	1
38	4
39	11
40	13
41	10
45	10
47	2
49	9
51	3
53	12
54	14
55	2
57	8
60	5
61	1
62	5
70	10
71	8
72	6
73	3
74	1
75	14
77	12
78	15
79	4
81	15
82	7
83	7
84	7
87	11
88	12
89	1
95	13
98	2
99	15
100	11
Market 288
1	9
2	12
4	1
6	12
7	9
11	6
14	11
17	6
20	13
23	4
25	4
26	13
28	11
31	9
33	9
35	6
37	10
40	6
41	3
43	9
44	1
47	11
48	4
49	6
50	6
51	3
53	6
55	1
56	11
57	5
62	14
63	3
69	3
72	5
74	7
75	2
78	12
79	10
80	12
81	11
83	3
84	1
86	15
89	14
91	7
94	2
98	10
99	8
100	14
Market 189(F)
2	15
4	12
6	13
13	4
17	4
19	5
20	13
23	3
26	7
28	8
29	8
31	12
33	11
35	5
41	2
43	4
51	15
57	6
60	7
65	12
66	15
73	1
74	1
78	10
80	2
81	14
82	1
83	15
84	8
85	3
86	1
91	13
92	2
98	4
Market 137(F)
4	14
6	3
14	1
20	13
21	6
25	12
28	5
29	14
31	4
33	8
37	12
38	6
41	6
45	2
47	7
49	8
51	11
53	11
54	15
55	6
57	4
60	10
70	12
71	4
73	3
74	8
75	14
76	9
79	8
81	6
82	1
83	4
87	4
90	6
94	9
97	11
98	1
Market 275
4	1
8	15
14	2
15	2
17	12
20	15
21	6
23	7
28	15
29	2
31	7
38	13
39	1
41	9
47	2
48	4
49	13
52	7
55	3
60	6
62	2
71	1
72	2
73	2
74	8
76	9
78	4
81	15
83	3
84	9
88	3
89	9
99	7
Market 272
1	6
6	5
8	2
9	4
11	6
15	10
16	3
17	14
20	1
21	4
25	12
31	4
33	13
38	14
41	2
47	8
48	7
49	10
54	3
55	12
56	3
61	8
62	1
63	10
71	1
72	9
73	10
76	14
79	4
80	13
81	11
83	9
84	5
89	14
90	12
91	6
98	9
99	3
100	8
Market 10
2	2
3	10
4	14
9	9
12	2
13	8
14	14
15	11
16	2
17	12
19	10
20	11
25	7
26	9
28	9
31	9
33	10
34	5
35	13
37	6
41	4
42	13
43	8
49	13
51	13
54	9
55	14
56	5
57	10
60	7
62	14
63	5
65	13
66	1
71	15
72	4
73	2
74	8
79	2
80	7
81	1
82	8
83	13
84	7
85	13
86	13
88	14
89	10
90	10
91	12
92	8
94	11
Market 52
1	10
2	11
4	8
6	6
11	11
12	5
15	15
16	1
17	10
20	2
23	8
25	11
26	3
28	14
29	13
31	1
33	7
38	5
40	3
41	15
42	8
47	13
49	2
51	14
54	14
55	1
56	15
60	8
62	12
63	3
64	9
71	13
72	13
73	5
76	3
78	13
80	6
83	3
84	15
88	3
89	12
91	1
97	13
98	13
Market 207(F)
1	11
4	8
5	12
9	5
11	5
13	14
14	1
15	11
16	2
17	3
20	11
25	3
28	12
29	5
31	14
33	7
37	9
41	6
43	13
44	11
49	12
51	1
53	15
54	2
55	1
56	6
57	6
59	6
60	4
62	1
63	5
69	10
71	3
73	13
75	10
79	6
80	9
81	10
82	7
83	5
84	15
86	14
88	3
89	3
90	14
91	7
92	1
94	6
99	4
100	4
Market 50
4	8
6	2
14	2
17	2
25	5
33	9
35	1
37	1
38	2
43	2
47	8
49	9
52	2
54	4
55	10
57	12
58	5
61	3
63	6
66	10
68	2
71	6
73	12
74	8
76	15
78	11
81	3
82	7
83	6
84	7
86	5
91	2
92	11
94	8
98	7
100	9
Market 141
2	1
4	3
8	1
11	2
12	9
13	10
14	13
15	14
16	1
17	10
18	7
19	13
20	4
21	14
25	13
26	15
28	11
31	5
33	14
35	14
37	10
38	10
41	7
42	9
43	9
47	9
50	9
51	4
52	13
54	8
55	10
56	15
57	9
58	5
60	9
61	4
62	10
63	4
65	3
66	3
69	14
71	3
72	13
73	15
74	2
79	11
80	8
81	9
82	3
83	9
84	5
85	11
86	8
88	6
89	2
91	5
92	12
94	6
98	1
99	7
Market 33
4	5
6	3
7	7
14	4
15	6
16	3
17	13
19	10
20	9
23	6
25	7
28	11
31	10
33	15
37	8
41	14
43	11
44	4
45	14
47	5
48	13
51	9
53	8
57	6
59	5
60	1
62	7
63	6
69	9
71	5
73	10
74	4
75	2
78	2
81	15
82	10
83	3
84	3
86	14
87	8
88	4
89	14
91	11
92	10
94	9
98	5
99	6
Market 262(F)
2	10
3	3
4	10
11	15
13	5
14	15
15	15
17	5
19	4
20	5
25	15
26	3
27	9
28	3
31	5
33	12
35	9
37	3
38	5
43	14
44	2
49	7
50	5
51	15
53	14
54	11
55	2
56	15
57	9
59	14
62	10
63	14
65	3
66	14
69	5
71	13
73	2
74	12
75	12
79	9
80	11
81	7
83	4
84	15
85	6
86	1
88	11
90	4
91	5
92	1
94	3
Market 64
4	8
5	13
6	12
14	15
19	7
21	4
28	9
29	2
35	2
37	8
41	5
46	7
54	1
60	7
71	3
73	7
74	7
81	14
84	13
88	14
96	12
Market 258
6	2
13	9
14	2
15	3
16	1
19	5
20	12
22	10
25	4
28	11
31	1
33	15
35	3
37	3
38	2
40	10
41	7
43	9
45	10
47	4
52	10
53	14
54	3
55	10
57	7
61	10
62	6
66	15
70	10
71	2
72	1
73	8
74	6
75	7
78	6
81	1
82	5
83	9
84	2
86	14
87	3
88	5
92	7
94	3
98	3
Market 176(F)
4	3
8	3
16	4
20	11
23	9
25	5
31	1
37	15
40	4
41	13
47	2
49	14
53	14
55	15
72	6
73	4
74	1
75	10
78	14
79	15
83	2
89	15
98	5
99	11
Market 236
2	11
4	8
6	15
10	10
12	5
14	5
15	5
16	4
17	10
20	13
23	6
25	14
26	15
28	12
29	1
31	8
33	13
37	14
40	6
41	15
42	14
43	1
44	10
45	9
47	6
51	8
53	13
55	14
57	10
59	10
60	4
62	11
69	15
70	15
72	9
73	4
74	1
75	4
78	3
79	8
80	9
81	3
83	2
84	7
87	14
88	6
91	9
98	8
99	13
100	10
Market 99
4	11
7	5
13	6
14	7
15	6
16	13
19	12
20	10
23	4
28	15
31	4
33	1
35	8
40	14
41	14
43	9
51	4
52	1
54	11
55	9
57	5
62	12
66	12
68	1
72	5
74	11
78	15
83	9
84	7
86	8
89	6
92	13
93	1
98	10
Market 135
4	7
6	8
8	9
14	15
15	1
16	6
17	5
19	13
20	3
23	5
25	15
28	1
29	12
31	1
33	11
36	3
37	7
41	8
43	7
45	11
47	11
48	9
49	2
52	3
53	13
54	15
55	14
60	3
61	5
62	9
68	1
70	5
71	6
72	7
73	13
74	6
75	6
78	9
79	2
81	7
82	12
83	11
84	2
86	12
87	12
88	2
89	7
90	12
93	3
95	8
98	2
Market 25
2	14
4	3
5	15
8	4
12	9
14	7
15	6
16	15
19	1
20	1
25	12
26	5
28	12
29	14
31	4
33	4
35	11
37	9
41	14
42	6
43	5
44	2
45	4
47	3
49	10
51	2
52	12
53	4
54	2
55	11
56	3
58	8
60	11
62	8
64	1
68	10
69	13
70	12
73	10
74	13
75	11
79	4
80	3
81	3
82	8
83	10
84	8
86	13
87	14
90	4
91	15
93	11
94	3
95	12
99	13
Market 278
1	4
4	3
6	11
11	10
13	8
15	2
17	11
19	3
20	2
21	12
25	15
28	13
31	12
33	12
37	13
38	4
41	10
43	1
44	7
47	13
49	7
51	15
52	13
54	2
56	1
57	10
60	11
63	11
65	1
67	15
71	5
73	4
74	2
75	10
80	3
81	3
84	8
85	2
86	6
88	10
91	4
92	4
94	1
Market 72
2	11
4	14
5	1
6	7
12	15
15	12
16	4
17	9
18	5
19	7
20	14
21	2
25	1
26	12
29	2
31	6
33	8
37	9
41	5
42	13
43	12
47	8
51	6
54	14
55	4
57	8
60	9
61	3
62	6
65	15
71	6
74	6
75	6
76	1
79	7
80	3
82	6
83	12
84	15
88	11
92	15
97	14
98	8
99	2
Market 2
2	8
4	8
13	7
14	3
16	13
19	1
23	1
26	11
28	1
31	1
33	2
35	14
43	7
47	5
51	12
52	1
55	13
57	10
62	14
65	6
66	4
74	2
78	8
81	8
83	8
84	2
85	4
86	6
88	13
92	6
98	15
Market 104(F)
4	12
6	7
9	4
15	7
17	14
20	6
21	3
23	9
25	3
28	13
31	14
33	4
38	1
39	14
41	1
47	11
49	11
54	2
55	11
61	11
62	9
71	14
73	9
76	11
78	14
79	9
81	12
82	3
83	7
84	10
90	8
98	12
99	4
100	12
Market 257(F)
5	10
6	10
7	13
8	14
13	2
15	12
16	6
19	2
24	1
25	1
31	6
33	10
38	1
41	2
43	1
46	11
47	8
48	14
49	2
51	5
54	4
55	15
57	1
60	15
62	8
71	14
72	3
73	9
74	15
76	10
78	7
79	5
81	13
82	4
83	5
88	9
89	12
92	12
96	12
98	3
99	2
Market 117
1	7
2	3
4	5
8	11
11	13
12	4
13	10
14	6
16	1
17	4
20	11
23	13
25	15
26	6
28	5
31	7
32	9
33	7
35	9
37	10
41	7
42	12
43	12
47	12
49	1
55	13
56	14
57	3
62	7
63	3
64	5
66	15
73	7
74	6
79	8
80	1
81	3
83	5
84	7
86	10
88	10
91	12
92	14
94	10
98	1
99	11
Market 252(F)
4	12
14	13
15	10
17	4
20	3
25	4
28	11
33	6
37	3
41	13
44	15
45	1
49	4
53	3
54	12
60	10
70	3
73	12
75	3
81	15
82	3
84	11
87	7
88	2
94	2
Market 171
2	8
4	9
6	2
10	3
14	6
15	2
16	15
19	1
20	7
21	8
25	4
28	12
29	4
31	7
35	8
37	3
38	6
40	5
41	4
43	4
44	7
45	2
47	10
49	6
51	3
53	6
54	8
55	7
57	2
59	13
60	10
62	10
63	13
69	9
70	9
71	3
72	6
73	12
74	9
75	14
78	2
79	8
80	9
81	12
82	11
83	3
84	9
86	9
87	10
88	8
89	3
91	3
94	7
100	14
Market 24
4	3
6	8
13	10
14	8
19	2
20	7
28	5
31	3
35	4
37	13
38	10
41	2
43	10
45	10
46	1
47	10
51	1
53	1
54	7
57	15
60	1
61	12
65	12
70	9
71	1
73	6
74	8
75	1
81	1
83	11
85	4
87	6
88	11
92	4
94	3
96	7
98	8
Market 255
4	10
6	12
11	5
12	5
14	6
16	10
17	7
19	11
23	5
25	15
26	10
28	7
31	13
33	3
35	9
41	1
42	4
43	4
47	6
50	8
51	8
52	5
55	11
56	3
57	11
62	6
63	12
64	11
67	8
73	6
74	6
78	1
80	2
81	6
83	1
84	5
86	9
91	6
92	8
98	4
Market 251(F)
4	2
5	6
6	6
8	9
14	10
15	2
16	2
20	13
21	7
25	6
28	3
29	5
30	2
31	10
33	10
37	14
38	5
41	7
44	15
45	8
47	6
49	9
51	9
53	10
54	13
55	7
57	12
59	11
60	10
62	2
69	2
71	11
73	6
74	6
75	11
81	5
82	15
84	6
86	12
87	2
88	4
94	11
95	9
96	14
97	15
99	5
Market 295(F)
2	7
3	14
4	9
7	7
8	1
12	10
13	13
14	11
18	12
19	15
20	14
25	1
26	15
27	10
28	9
31	9
33	14
34	2
37	7
41	2
42	11
43	4
48	14
49	14
51	5
55	1
57	10
60	7
62	2
65	14
72	12
73	8
74	2
78	3
79	2
80	12
81	12
84	2
85	2
89	11
90	13
91	1
92	7
94	12
99	14
Market 173(F)
2	11
6	15
12	5
13	14
15	11
16	4
18	11
19	12
20	2
25	10
26	1
28	15
29	3
31	7
33	12
34	14
38	13
41	10
42	7
43	10
47	12
51	9
54	4
55	14
57	10
60	15
62	14
65	14
71	9
73	8
74	4
76	11
80	14
81	7
82	5
84	3
85	14
88	9
91	4
92	14
Market 23
2	14
4	4
5	14
6	15
12	7
14	2
15	15
20	1
21	14
25	14
26	5
29	2
31	5
33	9
37	3
38	15
41	11
42	11
45	1
47	4
49	3
51	12
53	2
54	12
55	6
57	15
60	3
62	13
64	5
70	2
71	6
73	11
74	1
76	14
80	9
82	3
83	13
84	5
88	5
91	4
95	11
97	2
98	15
100	7
Market 229
4	2
8	5
13	2
14	8
15	5
16	15
19	3
25	12
28	8
31	8
33	12
35	3
37	13
41	12
43	3
44	9
49	9
51	8
53	7
54	14
55	14
57	13
58	4
62	11
66	9
68	1
69	6
73	3
74	15
75	14
81	11
83	7
84	8
89	3
92	6
94	7
99	9
Market 187
2	7
4	4
14	13
15	4
16	14
17	13
19	2
20	10
25	3
26	2
28	7
29	4
31	5
33	8
35	1
41	6
43	7
44	4
45	1
52	5
53	3
55	5
58	10
60	3
62	14
68	11
69	14
70	8
72	15
73	2
74	7
75	14
78	8
80	12
81	10
82	2
83	5
84	14
86	12
91	5
93	15
94	5
95	7
Market 8
2	1
5	7
6	11
14	4
15	1
17	15
20	14
25	11
28	15
33	10
37	14
41	10
45	6
47	3
51	15
53	8
54	2
56	2
58	13
60	13
61	3
63	15
69	2
70	9
71	11
73	2
75	3
81	6
82	14
83	1
84	11
86	13
88	4
91	13
94	2
Market 142
1	1
4	9
6	8
9	3
11	14
15	8
17	1
20	4
25	11
29	10
31	15
33	2
37	3
38	4
41	9
47	3
51	2
54	9
55	8
56	15
57	14
60	13
62	10
63	14
71	7
73	10
76	2
79	6
84	2
88	1
90	8
91	14
97	2
100	1
Market 81
3	5
4	3
5	14
6	2
13	7
14	2
15	15
19	5
20	8
28	4
29	1
31	11
34	3
35	15
37	6
38	11
41	7
43	6
46	7
47	8
53	1
54	13
55	7
57	3
60	1
65	10
70	3
71	7
74	12
75	1
76	11
81	1
82	6
86	14
88	8
94	3
95	13
98	13
Market 227
2	11
4	11
9	5
10	7
11	11
13	4
14	10
15	8
17	4
19	9
20	11
25	13
26	9
28	1
29	13
31	4
33	6
37	4
38	9
41	9
43	8
45	8
47	15
49	2
50	14
51	12
53	3
54	14
55	7
56	1
57	2
62	4
65	15
69	14
70	2
71	6
73	10
74	6
75	10
76	5
79	9
80	3
81	15
82	9
83	13
84	7
85	5
87	10
88	8
90	2
91	8
92	15
94	5
95	3
97	14
99	7
100	15
Market 149(F)
2	12
4	11
6	5
10	10
11	1
12	14
13	6
14	9
15	8
17	1
18	11
19	15
20	11
21	12
25	1
26	11
28	8
33	10
35	4
37	14
38	13
41	2
42	15
43	2
47	3
49	7
51	3
53	14
54	4
55	14
56	3
57	13
60	2
61	8
63	4
65	7
66	1
71	4
73	7
74	8
77	6
79	13
80	2
81	2
82	14
83	3
84	11
87	13
88	4
91	3
92	10
94	12
98	13
100	14
Market 77
1	1
4	14
6	1
9	9
11	2
13	7
14	1
15	4
17	13
19	15
20	6
21	4
23	15
25	3
28	1
31	7
33	1
35	8
37	10
38	15
41	12
43	1
45	7
47	8
49	8
51	6
52	9
54	1
55	8
56	13
57	3
60	15
62	7
63	10
67	11
70	1
71	3
73	2
74	10
75	3
79	14
80	15
81	6
82	7
83	1
84	14
86	3
87	6
88	10
90	3
92	1
98	5
100	13
Market 161
1	11
2	13
4	11
6	10
8	6
11	10
14	14
15	6
16	8
20	2
21	12
26	7
28	1
31	3
32	11
33	13
37	6
38	2
41	6
47	9
49	9
51	15
55	14
56	2
60	14
61	11
62	12
63	12
65	5
73	5
74	8
76	8
77	6
79	1
81	9
82	2
83	11
84	14
88	15
91	9
94	13
97	11
98	8
99	14
100	3
Market 13
4	10
8	5
13	15
14	15
15	8
16	11
17	4
19	3
20	7
25	2
28	14
31	3
32	1
33	1
37	4
41	1
43	12
47	6
49	11
51	1
52	7
55	12
57	2
58	6
60	2
61	5
62	15
65	14
68	8
71	12
72	6
73	10
74	11
81	6
82	12
83	4
84	4
85	10
86	3
88	14
89	4
90	8
92	1
94	9
98	5
Market 36
1	3
2	3
4	10
5	2
6	12
11	4
14	1
15	8
17	3
20	6
25	14
26	14
29	3
33	5
37	3
41	2
45	4
47	2
49	6
50	11
53	6
55	6
60	15
62	8
63	11
70	8
73	1
75	15
79	10
80	10
81	1
82	9
84	13
87	9
91	5
94	1
95	12
100	3
Market 232
2	2
6	1
8	8
9	8
10	11
16	5
17	2
20	9
23	10
25	11
26	1
28	14
31	3
33	2
41	2
47	3
51	11
55	15
56	9
57	4
60	2
62	9
63	6
65	1
73	9
74	9
78	15
79	10
80	4
81	5
82	9
83	10
84	10
88	5
90	13
98	10
99	13
100	5
Market 222
2	11
6	12
7	15
12	3
13	5
14	10
16	8
17	14
20	2
23	6
26	11
28	4
31	9
33	2
35	10
43	13
47	11
48	10
51	10
55	8
57	2
62	4
64	8
72	4
73	6
74	2
78	13
80	9
81	5
85	15
89	3
91	1
92	6
98	6
99	9
Market 241
2	9
4	1
5	1
6	3
8	3
13	6
14	11
15	1
16	15
19	1
20	1
23	1
28	3
29	5
33	15
38	15
39	5
40	4
41	14
42	14
43	14
46	6
47	11
48	1
51	14
54	5
55	15
57	7
60	3
61	10
64	4
65	11
71	4
72	1
74	11
75	9
76	3
78	12
79	6
80	6
81	7
82	4
83	1
84	13
88	8
89	8
91	8
95	4
98	1
99	3
Market 292
4	6
5	12
6	2
11	13
13	12
15	2
16	1
17	10
19	13
20	8
25	4
28	8
29	10
33	1
34	4
37	15
43	13
47	7
51	4
55	8
57	15
60	3
62	15
63	8
65	9
71	9
72	5
73	6
74	8
75	12
76	4
78	5
80	14
82	14
85	3
87	7
88	2
92	3
95	7
97	8
98	10
Market 140
4	1
5	11
6	9
13	13
14	6
15	10
17	1
19	10
20	8
22	4
25	1
28	11
29	14
31	3
33	10
34	14
35	10
38	11
43	9
45	14
47	10
51	8
53	13
54	14
57	1
60	1
61	7
62	9
65	5
66	9
70	10
71	4
73	12
74	3
75	8
78	14
81	9
82	1
83	11
84	5
85	4
86	3
87	12
88	9
92	15
94	2
95	12
98	2
Market 111
1	7
4	12
6	7
8	6
11	5
17	3
20	10
23	2
29	9
31	15
33	3
37	5
40	1
41	3
47	2
48	7
49	6
55	3
60	9
72	3
73	10
75	1
78	8
79	13
80	6
82	3
83	9
84	2
88	1
89	6
91	9
98	7
99	10
Market 263
2	14
4	12
6	6
11	14
12	11
13	10
14	1
15	9
17	6
18	6
19	14
20	13
21	5
25	14
26	13
28	7
31	6
33	2
37	5
38	2
41	7
42	9
43	11
47	13
49	3
50	6
51	10
54	11
56	8
57	13
60	9
63	14
65	4
66	14
71	13
73	12
74	9
81	12
82	9
84	7
86	11
88	1
92	11
97	13
Market 106(F)
1	7
4	13
6	5
8	12
11	3
14	7
16	12
17	12
23	15
25	6
28	14
31	12
32	3
33	15
37	5
40	11
41	2
44	8
45	4
47	5
49	7
53	15
55	5
56	11
60	15
62	8
63	6
69	9
70	2
73	10
78	1
79	9
81	12
82	6
83	4
84	5
86	7
87	15
89	13
90	1
91	1
94	13
98	14
100	3
Market 71(F)
4	9
6	9
14	6
15	1
16	13
20	1
23	14
25	9
28	10
31	6
33	2
37	10
39	9
40	10
41	14
44	1
47	13
53	1
55	8
59	8
61	12
62	14
69	8
71	8
72	2
73	13
75	7
78	14
81	6
82	12
83	14
84	12
86	13
88	5
94	12
98	15
99	6
Market 160
2	14
4	11
7	5
14	7
15	13
16	11
17	11
21	3
23	2
26	9
28	8
31	2
33	8
38	8
41	8
48	2
54	3
55	5
61	2
62	6
71	2
72	7
73	13
77	11
78	15
81	15
83	7
84	5
86	3
88	9
89	2
Market 93
4	14
8	12
10	1
11	8
14	2
16	13
17	4
20	2
25	12
28	13
31	13
33	4
37	6
41	3
43	7
45	9
48	10
49	7
50	11
53	12
55	15
56	7
60	8
62	3
63	2
69	7
72	7
73	9
74	9
75	1
80	1
81	6
82	2
83	10
84	6
87	13
89	9
90	15
91	11
94	8
99	12
100	15
Market 188
2	6
4	14
5	3
11	13
14	6
15	2
17	10
19	9
20	3
29	14
33	15
35	10
37	2
41	1
50	1
52	15
53	3
55	10
56	13
57	15
58	6
60	7
62	5
63	11
68	9
69	8
73	7
74	11
79	13
80	8
81	9
82	11
84	7
86	12
91	13
93	10
94	3
Market 60(F)
2	5
4	6
8	5
9	10
11	11
12	7
14	13
16	12
17	14
20	9
25	1
26	2
28	10
31	12
32	1
33	7
41	7
42	3
49	2
50	14
51	13
56	9
57	2
62	14
63	1
64	6
73	2
79	6
80	9
81	7
84	2
90	2
91	8
99	8
Market 249(F)
2	12
4	1
7	7
8	14
14	11
16	11
20	5
26	6
28	12
29	13
31	14
33	1
37	15
40	9
41	7
43	5
44	6
47	11
48	12
52	4
53	9
55	8
62	15
74	1
75	5
78	15
80	9
81	2
82	14
83	8
84	13
86	15
87	9
89	3
91	9
94	7
98	1
99	7
Market 157
2	5
4	3
5	4
6	5
12	1
13	7
14	8
15	14
16	3
17	15
19	10
20	11
23	1
26	12
28	9
29	4
31	15
33	15
35	3
37	1
41	8
42	14
43	14
47	15
49	13
51	4
53	14
55	8
57	6
60	15
62	2
64	13
65	10
70	1
73	10
74	7
75	6
78	4
79	1
80	11
81	14
82	11
83	5
84	3
85	11
86	7
91	3
92	11
95	11
98	5
Market 245
1	1
2	10
4	5
11	11
14	7
15	4
17	14
19	8
26	10
28	2
29	14
31	1
33	3
35	1
37	8
38	3
41	12
43	3
45	4
52	6
54	13
56	3
57	8
60	14
63	4
67	11
68	5
70	2
71	15
73	2
74	2
75	11
76	14
80	14
81	14
82	10
83	11
84	1
86	8
88	11
91	10
92	13
94	6
Market 267
2	9
4	5
5	2
6	6
8	8
11	1
14	3
15	13
16	12
17	2
20	1
21	13
25	1
28	9
29	6
33	1
38	8
41	8
46	1
47	13
48	11
49	7
54	4
55	13
56	4
60	15
62	14
63	5
71	15
72	14
73	2
75	10
76	9
79	3
80	13
81	6
82	8
83	2
84	3
86	3
88	14
89	8
91	4
95	10
97	11
98	1
99	8
Market 96(F)
4	15
6	11
11	2
13	13
15	9
17	2
19	8
20	11
21	10
25	5
28	15
31	3
38	3
41	6
43	9
47	11
49	10
51	15
54	8
56	3
57	13
60	4
61	10
71	9
73	13
74	12
77	12
81	6
82	10
83	11
84	8
88	3
91	12
92	3
97	2
98	7
Market 21
5	4
6	13
8	13
14	9
16	14
17	11
19	1
20	12
25	7
29	5
31	2
32	8
33	7
35	2
37	3
41	13
43	6
45	5
47	9
48	6
49	15
53	8
54	13
55	14
60	7
62	9
63	2
71	9
72	10
73	2
74	13
75	5
79	11
81	11
82	4
83	6
84	4
86	15
87	3
88	3
89	14
90	5
91	4
94	9
99	6
Market 61
2	3
4	3
6	8
9	10
10	13
12	10
13	1
14	2
15	13
17	6
18	11
19	11
25	6
26	15
28	1
31	15
33	13
38	3
41	4
42	6
43	1
47	3
49	10
51	11
54	4
55	14
62	2
63	9
65	7
71	5
74	2
76	10
81	13
84	11
86	2
88	11
90	11
91	7
92	14
99	2
100	13
Market 66(F)
2	3
4	11
14	11
15	15
19	1
20	6
26	5
33	14
35	4
37	4
41	14
43	7
44	7
51	13
52	6
53	7
55	4
57	9
58	1
59	12
62	2
67	11
68	8
69	4
73	14
74	6
75	13
81	11
84	11
86	14
88	3
91	15
93	3
94	5
Market 193(F)
2	2
4	12
6	13
13	3
14	15
15	15
16	9
19	5
22	9
23	13
25	9
28	4
31	1
33	13
37	13
38	7
40	6
41	14
43	9
47	3
51	4
54	14
55	6
57	7
61	3
62	14
65	1
71	15
73	5
74	9
76	8
83	9
84	3
85	14
88	2
92	11
94	1
98	9
Market 120
2	7
4	3
14	5
15	2
17	6
20	10
21	10
23	13
25	14
26	5
28	2
31	2
33	9
39	8
41	5
47	2
54	10
55	2
56	12
57	5
60	15
61	13
62	5
63	14
71	8
73	4
76	14
78	14
79	12
82	14
88	12
90	5
91	8
98	10
99	8
Market 221(F)
4	14
5	13
6	7
11	11
13	14
14	1
15	6
17	10
19	7
20	10
23	2
25	7
28	7
29	8
31	15
33	8
35	7
37	14
38	5
39	3
41	7
43	11
45	7
46	10
47	12
51	6
52	12
53	1
54	7
55	1
56	2
57	2
58	6
60	14
61	8
63	4
66	7
68	11
70	12
73	15
74	11
75	5
76	7
78	7
81	2
82	11
83	2
84	8
86	3
87	3
88	11
92	13
93	13
94	5
96	1
98	8
Market 83
2	15
4	7
6	14
12	9
13	8
14	11
15	4
17	1
20	14
25	8
26	4
29	13
31	4
33	10
34	4
35	7
38	3
42	4
43	11
47	7
51	3
52	8
54	5
57	7
60	7
65	12
66	6
71	1
73	6
74	2
76	14
81	2
82	14
83	4
84	7
85	1
86	11
88	9
91	11
92	8
Market 269
6	6
14	5
16	10
17	9
20	7
25	13
28	5
29	13
31	6
33	2
37	5
41	3
43	2
44	12
45	10
47	14
49	7
52	14
55	12
58	7
59	14
60	4
62	10
68	1
69	6
70	5
72	4
73	5
74	13
75	13
79	7
81	12
82	4
83	12
84	14
86	4
87	6
88	7
94	13
98	2
Market 17
2	1
4	8
6	1
12	10
14	4
15	14
16	11
18	11
20	12
23	13
25	8
26	5
28	12
31	13
37	11
38	14
39	5
41	13
42	11
43	10
44	2
47	13
49	4
51	5
52	3
53	10
54	1
55	7
57	5
58	1
59	6
60	10
61	6
62	1
65	13
69	5
71	10
73	10
74	11
75	14
76	5
78	14
81	12
82	14
83	7
84	3
86	5
88	12
90	15
91	12
94	15
98	6
99	5
Market 34
4	6
5	12
6	3
11	15
13	2
14	6
17	6
19	11
20	7
21	4
25	3
26	14
28	5
29	11
31	12
33	10
35	14
37	13
38	7
41	15
43	13
46	15
47	15
49	8
52	3
53	15
54	14
57	10
58	5
60	15
61	1
66	5
70	15
71	4
73	2
74	5
76	15
80	13
81	1
82	9
83	11
84	11
86	9
87	13
88	10
91	2
92	1
93	4
94	5
95	15
96	7
98	5
100	12
Market 75
2	10
3	4
6	12
9	1
12	14
13	9
14	6
15	2
16	4
17	1
18	15
19	4
20	2
23	12
25	12
26	12
28	13
31	11
33	4
34	2
35	3
37	10
39	12
41	13
42	13
43	13
47	5
49	4
51	15
52	2
54	1
55	1
57	8
58	5
60	6
61	15
62	5
65	6
66	1
68	7
71	8
72	6
73	14
74	13
78	14
82	4
84	3
85	2
86	5
88	12
89	1
91	4
92	1
94	2
98	13
99	5
Market 205
14	7
15	7
17	11
19	3
25	14
28	7
31	8
33	11
35	9
37	11
41	6
44	11
47	1
51	11
55	7
57	6
60	15
62	3
65	3
66	6
73	14
74	9
75	8
79	8
80	1
81	3
84	3
85	10
86	9
87	15
88	10
91	11
92	4
94	13
98	5
Market 219
2	5
4	15
5	13
6	1
15	5
17	7
20	10
23	5
25	11
29	7
31	13
33	7
37	8
38	9
41	7
45	7
46	4
47	10
49	9
54	14
55	2
60	3
62	3
70	6
71	4
73	2
74	3
75	1
76	7
78	12
80	14
81	7
82	3
84	7
87	7
88	11
91	13
95	14
96	8
97	9
100	5
Market 154(F)
2	4
8	9
11	2
14	15
16	4
19	11
20	9
24	15
28	4
29	5
31	2
33	3
35	11
37	1
38	9
41	7
43	9
46	10
49	15
52	10
53	14
54	1
55	4
56	5
58	7
60	1
62	11
68	13
70	11
71	6
72	8
73	9
74	12
78	5
79	5
80	9
82	9
83	5
86	11
88	8
89	14
91	8
94	10
95	12
96	5
99	11
Market 217
2	13
6	12
15	7
16	9
20	10
26	5
28	7
31	11
33	7
38	1
39	1
40	3
41	3
47	2
51	8
54	5
55	4
57	1
61	14
62	14
71	12
72	3
76	15
78	6
81	6
83	6
84	9
88	14
Market 194
4	9
5	13
6	5
8	5
14	14
15	9
17	5
20	12
21	13
25	7
28	4
31	13
32	10
33	3
37	6
38	3
41	3
44	4
47	10
49	12
53	6
54	4
55	8
60	13
62	8
69	6
71	13
73	10
75	4
76	8
79	15
81	15
82	5
83	4
84	14
87	5
88	14
90	15
94	6
96	10
98	10
Market 40
4	1
5	11
11	13
15	9
17	8
19	15
20	9
25	9
28	14
29	3
33	6
37	12
38	2
41	1
43	12
45	3
47	1
49	8
53	5
54	4
56	2
60	8
63	13
69	13
70	5
71	10
73	14
74	5
75	5
76	14
80	12
81	9
82	15
83	1
84	11
87	12
91	1
94	1
95	14
97	12
Market 133
2	10
4	3
6	15
12	1
14	12
15	11
17	12
20	5
25	2
26	6
29	13
31	8
33	3
37	13
41	11
42	5
43	13
47	14
49	3
50	5
51	12
54	6
55	9
56	15
57	14
61	8
62	9
63	3
73	4
79	11
80	14
81	13
82	2
83	7
84	4
88	5
99	9
Market 163
4	15
6	11
8	13
14	12
15	9
17	5
20	15
25	5
28	15
31	11
33	4
37	9
41	10
43	4
44	5
45	1
47	1
48	12
53	7
54	14
55	15
58	3
59	6
60	12
62	11
69	13
72	4
73	10
75	11
78	13
79	15
81	3
82	14
83	2
84	4
86	11
87	2
88	10
89	10
94	7
99	1
Market 103(F)
4	8
6	14
15	13
16	9
17	13
20	8
23	2
25	15
28	7
31	10
33	13
37	4
39	14
41	11
47	14
48	13
49	2
51	1
54	12
55	3
57	8
61	1
62	12
65	8
71	9
72	7
73	14
74	11
78	12
83	3
84	13
88	14
89	3
98	9
99	9
Market 211
2	10
4	7
5	15
6	11
14	7
15	8
16	1
19	1
20	13
21	14
23	2
26	4
28	1
29	14
31	9
33	15
37	11
38	6
40	5
41	15
43	3
45	8
46	1
47	4
54	1
55	5
57	3
60	11
62	3
70	8
71	13
72	10
74	12
75	8
76	7
78	5
81	1
82	14
83	1
84	6
87	11
88	4
92	9
94	7
95	8
98	7
Market 159
4	9
9	14
16	3
17	12
20	9
25	4
28	9
31	15
33	4
41	11
48	8
49	8
53	4
55	13
62	15
73	7
75	10
79	4
84	11
86	9
89	7
90	3
94	4
99	14
Market 73
4	8
5	9
7	9
8	6
14	10
15	2
16	3
19	1
20	14
23	11
25	6
28	2
29	1
31	2
33	6
37	14
40	13
41	6
43	6
44	9
45	9
47	7
53	11
54	1
55	6
59	2
60	14
62	11
69	11
70	14
72	2
73	6
75	2
78	8
79	2
82	4
83	13
84	6
86	1
87	14
89	15
94	6
95	14
98	2
99	3
Market 147(F)
4	11
6	11
13	6
15	15
17	11
19	15
20	1
23	3
25	7
28	7
31	8
33	14
37	6
38	10
39	7
41	10
43	1
44	14
47	2
51	5
52	5
53	14
54	4
57	12
58	4
60	14
65	8
68	10
69	4
71	10
73	11
74	13
75	7
78	4
81	7
82	9
83	5
84	10
86	10
87	12
88	4
92	8
94	3
98	12
Market 178
4	3
5	5
13	3
15	14
16	4
19	14
20	7
23	6
25	7
28	10
29	12
35	1
38	5
41	3
43	12
47	8
49	3
51	5
53	7
54	4
57	14
60	10
66	13
71	8
73	10
74	11
75	4
76	4
78	5
81	2
82	7
83	10
84	8
86	8
88	10
92	6
95	8
97	15
98	4
Market 121
4	7
5	14
6	14
16	3
19	3
20	6
23	7
25	5
28	5
29	8
31	1
33	9
35	10
38	13
40	3
41	4
43	9
46	2
47	6
54	4
55	8
60	13
62	4
71	8
74	9
75	12
76	2
78	14
79	2
81	10
82	14
83	12
84	9
86	15
88	2
96	1
97	6
Market 244(F)
4	13
6	4
14	3
15	9
19	7
20	2
25	11
28	14
29	4
31	13
35	3
37	2
41	2
43	10
44	15
45	11
47	8
52	8
53	12
54	9
55	5
57	5
60	10
61	7
62	2
67	6
69	5
70	9
71	14
74	8
75	6
81	12
82	3
84	8
86	6
87	7
88	9
92	8
98	10
Market 131(F)
2	3
4	1
9	10
11	15
14	11
15	8
17	2
19	7
20	2
25	15
26	3
28	9
29	15
33	3
35	7
37	7
41	14
43	7
44	15
49	11
50	7
52	6
53	13
54	5
56	11
58	5
59	4
60	2
62	4
63	5
68	5
69	4
71	2
73	7
74	1
75	13
79	6
80	2
81	5
82	2
84	13
86	10
88	12
90	5
91	5
93	6
94	3
Market 240
4	3
6	13
8	9
9	13
14	7
15	13
16	2
17	4
20	11
25	6
28	14
31	10
32	13
33	13
37	6
41	8
47	2
49	2
53	1
54	8
55	9
57	11
60	3
62	7
73	1
74	8
79	13
81	15
82	14
83	9
84	6
86	5
87	13
90	5
94	6
99	3
Market 298
2	4
4	2
6	13
11	11
16	10
17	9
18	1
20	5
23	2
25	9
26	4
28	8
31	3
33	10
40	11
42	1
43	15
47	13
48	1
50	13
55	12
56	1
62	10
63	7
65	15
74	14
78	1
80	4
81	13
83	11
84	5
89	7
91	9
98	2
99	2
Market 28
2	1
4	7
10	5
11	12
14	3
15	3
16	6
17	12
19	8
20	10
25	7
26	14
31	11
33	12
37	7
38	15
40	12
41	3
43	10
47	15
49	10
50	7
53	14
55	3
56	7
57	13
62	10
63	3
71	10
72	12
73	1
74	2
75	13
78	10
80	14
81	8
83	8
88	6
91	7
92	12
94	10
Market 250
2	3
4	6
6	8
12	5
14	12
15	13
17	11
18	11
19	6
20	1
21	7
23	13
25	8
26	2
29	9
31	12
33	5
35	12
37	1
38	4
39	1
41	9
42	13
43	12
45	11
47	6
51	3
52	9
54	12
58	7
60	4
61	9
62	7
65	6
68	10
70	6
71	11
73	6
74	6
77	6
78	12
80	15
81	1
82	6
83	10
84	14
86	14
87	4
88	15
93	11
98	10
Market 191
1	12
4	8
6	13
8	15
9	10
10	13
13	3
14	13
15	1
16	10
17	7
19	4
20	11
25	14
28	1
31	13
35	7
37	6
41	5
49	4
51	12
54	1
55	5
56	8
57	5
60	11
61	14
62	5
63	7
71	8
73	6
74	7
79	4
81	9
83	5
84	6
85	13
88	1
90	9
91	8
92	15
94	6
98	4
100	4
Market 89(F)
5	14
6	9
13	5
14	9
15	4
17	14
19	6
20	7
25	10
28	13
29	7
31	8
33	13
37	14
38	3
41	2
43	2
45	11
46	1
47	7
49	6
53	4
54	3
57	2
60	9
70	9
71	5
73	11
74	5
75	8
81	15
82	3
83	10
84	7
87	1
88	11
92	2
94	12
95	5
96	14
Market 125
2	8
4	8
6	12
11	2
12	2
13	8
14	4
15	6
17	2
19	9
20	14
25	2
26	3
31	15
33	13
34	8
37	4
41	1
42	10
43	3
47	7
50	15
51	8
54	7
57	2
61	9
63	12
64	11
65	7
71	7
73	4
75	11
80	5
83	6
84	5
92	10
94	7
98	6
Market 242
4	11
6	5
8	11
14	1
15	10
16	13
20	11
21	6
23	8
25	11
28	8
29	15
31	12
32	14
37	8
38	2
39	3
41	12
43	5
47	2
49	12
52	14
53	5
54	4
55	5
58	7
60	2
61	1
62	8
68	9
70	2
71	13
73	15
75	1
78	14
79	5
81	13
82	4
83	13
84	6
86	13
87	11
88	12
90	4
94	11
98	10
99	8
Market 185
4	7
14	2
15	11
16	3
17	13
20	10
21	7
23	6
25	7
28	7
29	1
31	8
33	14
37	5
38	5
39	8
41	1
43	3
47	3
48	10
49	14
52	15
53	3
54	15
55	5
58	11
59	7
60	3
61	13
62	4
68	14
69	10
71	2
73	11
74	12
75	11
76	2
78	12
81	12
82	10
83	10
84	1
86	1
88	12
89	2
91	9
94	11
98	4
99	10
Market 172
2	4
4	14
6	15
8	2
13	4
14	3
16	15
17	1
19	7
20	14
25	9
26	6
28	9
33	3
35	13
37	3
41	7
43	7
47	3
49	11
52	4
55	1
57	2
58	4
62	14
65	8
66	1
73	6
74	15
79	13
81	9
86	3
90	13
92	11
99	15
Market 284
4	7
5	14
6	5
8	7
15	5
16	7
25	11
28	13
29	8
31	15
33	11
37	9
38	8
45	3
46	3
47	2
49	2
54	2
60	5
62	9
70	13
71	1
73	14
75	12
76	5
78	7
79	12
83	7
86	11
88	15
90	5
97	11
99	4
Market 62
4	6
7	1
8	4
15	10
16	5
20	8
23	5
25	4
28	7
29	13
31	10
33	15
37	12
40	5
41	14
43	1
48	1
49	11
54	11
55	12
60	6
62	10
71	4
72	7
73	13
74	1
75	4
78	1
79	11
81	12
82	2
83	1
84	14
88	2
89	8
95	2
99	13
Market 234
1	13
4	11
6	8
11	2
14	12
15	1
17	13
20	7
21	7
23	11
28	15
31	9
33	11
37	5
38	5
39	5
41	5
44	12
47	12
49	7
53	13
54	4
56	2
59	3
60	9
61	12
63	14
69	11
71	13
73	6
75	1
78	6
80	4
81	4
82	12
83	13
84	2
88	3
91	13
94	6
98	1
100	8
Market 86
4	12
6	7
8	12
9	1
11	5
14	10
15	3
16	10
17	6
20	3
23	10
25	3
28	2
31	15
33	8
37	5
41	9
43	6
47	12
48	11
49	3
52	10
54	1
55	11
56	8
58	7
60	4
62	14
63	2
68	15
71	6
72	11
73	5
74	14
78	5
79	10
80	5
81	4
82	2
83	1
84	8
86	13
88	14
89	4
90	6
91	1
94	15
98	2
99	5
Market 209(F)
4	13
6	8
15	7
16	3
17	9
20	9
23	9
25	4
28	15
33	3
39	14
40	14
41	14
47	3
49	5
54	4
55	15
61	7
71	13
73	5
74	6
78	15
79	15
81	6
83	10
84	3
86	14
88	10
89	4
98	5
Market 204
4	12
6	8
14	15
15	6
16	6
17	2
20	7
22	5
28	12
31	15
33	15
37	14
38	10
41	12
43	11
44	14
47	14
48	4
52	12
53	10
54	10
55	10
58	8
59	4
61	13
62	12
68	14
69	4
71	1
73	7
74	6
75	2
78	9
81	12
83	2
84	7
88	7
89	7
94	2
98	9
99	15
Market 100(F)
2	7
3	13
4	14
5	7
8	9
12	10
13	12
15	9
16	13
17	12
19	14
20	8
25	8
26	12
28	10
29	6
31	4
33	6
37	11
38	13
41	9
42	4
43	12
46	6
47	12
48	1
51	14
54	4
55	15
57	4
60	2
62	11
65	9
71	7
72	11
73	8
74	3
75	13
76	14
79	15
80	5
81	15
82	9
83	1
84	7
85	3
88	10
89	14
91	7
92	14
95	6
99	10
Market 76
2	13
15	2
17	2
18	11
20	9
25	3
26	3
31	2
42	14
43	11
49	3
50	14
54	2
55	5
56	14
57	11
62	5
63	5
65	9
71	5
73	15
74	5
80	11
81	7
83	11
84	5
91	11
Market 151
2	5
4	5
6	7
8	8
9	5
15	5
16	3
17	6
21	9
25	14
31	3
33	3
38	11
41	4
47	3
48	5
49	3
54	10
55	5
60	13
62	14
71	14
72	3
74	14
76	5
79	4
80	8
81	5
82	13
83	2
84	12
88	2
89	5
90	2
91	4
98	2
99	8
Market 7
4	1
5	11
6	15
8	6
14	5
15	13
16	8
20	2
21	6
23	11
25	13
28	2
29	11
31	14
37	4
38	8
41	3
43	4
47	15
48	9
54	3
55	9
60	12
62	15
71	9
74	7
76	6
78	15
79	1
81	12
82	10
83	12
84	12
86	15
89	14
94	13
97	7
98	14
99	13
Market 248
3	13
4	2
6	6
9	9
10	15
13	5
15	13
19	8
20	5
25	4
28	8
31	5
33	12
34	2
35	6
37	14
43	9
47	5
49	9
51	8
54	8
55	2
57	4
61	4
62	2
65	4
71	1
73	3
74	1
79	9
81	5
83	11
86	13
88	5
90	1
91	4
92	9
98	12
99	9
100	14
Market 233
6	4
14	11
16	3
17	1
20	3
23	15
25	13
28	3
31	3
33	8
35	2
37	9
40	3
43	7
47	7
48	6
51	13
55	6
60	9
62	7
65	6
72	3
73	5
74	8
78	6
81	10
82	13
83	11
84	9
86	2
89	10
92	1
94	1
98	2
99	5
Market 41
4	3
6	4
8	6
13	15
14	14
15	10
16	2
17	9
20	5
25	15
28	8
29	6
31	2
33	15
37	10
38	12
41	14
43	5
44	5
45	4
47	15
51	2
53	5
54	4
57	1
59	1
60	3
62	7
69	6
71	10
73	7
74	5
75	4
76	6
79	1
80	11
81	11
82	15
83	3
84	7
86	15
87	15
91	1
94	12
97	4
99	13
Market 22
4	7
6	12
8	1
13	4
15	14
16	10
17	12
19	14
20	2
23	5
25	3
28	4
31	11
32	9
33	13
35	15
39	2
40	1
41	15
43	10
47	9
49	15
51	3
54	9
55	5
57	8
61	3
62	2
66	14
71	13
72	12
73	3
74	14
78	1
79	3
81	2
83	9
84	8
86	10
88	9
89	2
90	12
92	4
98	11
99	15
Market 92
2	1
4	7
6	10
12	14
13	13
14	14
15	14
17	9
19	9
20	5
23	13
25	3
26	12
28	2
29	9
31	12
33	2
37	4
39	4
42	4
43	9
45	14
47	5
51	7
53	12
54	11
55	7
57	5
60	15
62	9
64	11
65	2
71	2
73	6
74	10
75	9
78	2
80	14
81	3
82	6
83	8
84	7
87	11
88	9
91	13
92	9
94	3
98	9
99	7
Market 105
2	9
6	10
7	11
15	12
16	7
20	9
21	15
24	3
25	9
26	3
31	14
33	10
37	14
38	9
41	11
42	2
45	13
47	14
48	15
49	13
51	9
54	14
55	13
57	2
61	3
62	6
72	1
73	12
75	1
76	14
78	4
82	10
83	9
87	1
88	4
89	12
95	1
97	12
98	1
99	3
Market 58
4	5
6	3
10	10
14	6
15	7
17	8
19	15
20	3
25	12
28	8
31	2
33	8
35	10
37	9
38	2
41	2
43	4
47	2
49	15
51	5
52	14
54	1
55	14
57	11
58	10
60	14
62	13
63	6
65	6
67	15
69	1
71	3
73	7
74	6
79	10
81	9
84	1
86	4
88	6
90	5
91	15
93	10
94	2
100	3
Market 274
2	10
4	15
15	9
16	4
21	2
23	2
28	2
31	7
33	14
38	7
39	3
40	15
47	10
54	4
55	5
60	12
61	8
62	4
71	4
72	2
76	14
77	6
78	2
81	15
82	6
83	6
84	13
88	14
89	12
98	11
Market 180
4	6
5	2
6	10
13	13
14	11
15	5
16	8
19	6
28	8
29	6
31	13
33	3
37	11
38	3
41	11
43	4
46	8
47	1
48	6
51	5
52	13
54	9
55	12
57	4
58	1
60	4
62	6
65	4
66	2
71	14
72	8
74	11
76	14
81	14
82	6
83	11
84	5
86	10
88	5
89	12
94	14
96	10
99	9
Market 44(F)
1	14
2	11
4	4
6	1
11	9
14	12
15	10
16	13
17	12
20	8
21	1
23	13
25	15
26	5
28	14
29	1
31	6
33	4
37	5
38	1
41	12
45	9
49	12
50	8
53	1
54	14
55	1
56	12
60	4
62	2
63	11
69	13
72	12
73	11
75	3
76	7
78	12
80	11
82	11
83	14
87	4
89	2
91	6
94	8
98	10
Market 47(F)
4	4
6	2
13	11
14	11
15	5
17	1
19	2
25	14
28	7
31	13
33	6
37	11
38	7
39	1
41	10
47	14
49	7
51	14
53	10
54	9
57	9
60	4
61	4
62	5
71	3
73	12
74	15
75	3
76	13
78	14
79	10
81	3
82	12
83	7
84	5
87	1
90	9
91	15
92	14
98	12
100	13
Market 16
4	15
5	4
8	10
15	14
16	6
20	12
25	4
28	11
29	1
31	15
33	11
37	6
41	2
44	6
45	4
46	14
53	10
54	5
55	6
60	13
62	6
70	7
71	3
73	14
74	12
75	10
79	7
81	1
82	2
84	12
86	13
87	6
94	2
95	4
99	10
Market 43
2	5
5	1
12	2
13	6
17	12
18	7
19	15
20	11
25	9
26	13
28	2
29	1
31	13
33	15
34	3
38	10
41	10
42	6
46	7
49	15
51	6
54	6
56	11
57	4
60	9
63	12
65	1
71	8
73	5
74	12
75	14
76	12
80	11
81	7
82	12
84	14
85	14
88	11
91	6
92	14
96	10
Market 15(F)
2	4
4	9
6	3
17	8
19	7
20	14
21	10
25	4
26	15
28	1
29	6
31	15
33	11
38	11
41	5
47	2
49	10
51	15
54	1
55	4
57	2
60	7
61	14
62	13
65	1
71	8
73	3
74	4
76	6
79	4
81	11
82	11
83	8
84	15
85	8
86	8
88	5
90	4
92	7
97	10
98	2
99	12
Market 3
2	3
4	9
9	6
11	13
12	12
14	7
16	10
17	13
19	4
20	9
25	7
26	6
28	12
31	13
35	7
37	8
41	7
42	10
43	14
49	6
50	2
51	11
53	9
55	1
56	15
57	10
62	1
63	15
65	3
73	1
74	12
75	12
78	10
79	14
80	15
81	1
83	1
84	6
86	10
90	8
91	10
94	7
100	12
Market 38
4	15
5	15
6	15
8	5
11	12
14	1
15	5
16	9
17	9
20	8
23	13
25	9
28	3
29	4
31	14
33	4
37	13
40	11
41	10
44	9
47	4
48	12
50	14
53	4
55	3
56	15
60	4
62	7
63	14
69	4
72	14
73	3
75	10
78	3
80	9
81	1
82	3
83	1
87	10
88	9
89	14
91	2
94	5
98	12
99	1
Market 46(F)
2	8
4	14
6	2
8	14
13	2
14	8
16	2
19	14
20	6
23	5
25	14
26	11
28	7
31	5
34	13
39	1
40	3
41	6
43	15
47	10
48	15
51	13
54	9
55	6
57	14
61	7
65	14
69	3
71	3
74	13
79	13
81	9
83	13
84	2
85	3
88	5
89	3
92	3
94	8
Market 237
3	1
4	8
6	6
9	8
13	9
14	14
15	7
17	1
19	12
25	5
28	15
31	1
33	15
34	6
35	1
37	7
41	9
43	3
47	3
49	5
51	5
52	2
54	2
55	11
57	12
58	1
62	8
65	3
66	8
68	13
71	4
73	13
74	15
79	2
83	3
84	15
88	10
90	11
92	4
94	4
98	15
100	4
Market 277(F)
4	2
7	6
14	10
15	8
16	14
19	3
20	5
25	12
28	3
33	1
35	15
40	1
43	2
44	12
47	5
52	10
53	8
54	13
58	6
60	8
62	5
68	5
72	13
74	9
75	8
78	3
81	10
83	2
84	2
86	8
87	13
88	7
89	4
94	14
98	1
Market 223
1	8
2	9
4	4
6	15
11	10
14	14
15	3
20	10
25	6
26	1
28	2
31	8
33	4
37	14
41	1
45	4
47	4
49	4
50	15
51	15
53	14
55	10
56	6
57	6
59	5
60	3
63	5
69	14
70	4
74	11
75	5
79	2
81	15
82	15
84	14
86	14
87	9
91	14
94	14
100	7
Market 132
2	5
3	9
6	5
12	12
15	8
18	1
19	8
20	9
21	11
25	7
28	11
31	14
33	13
35	1
38	12
41	11
43	10
47	11
51	8
52	11
54	10
57	6
61	15
65	5
68	4
71	11
73	12
76	3
81	12
84	9
85	3
86	8
88	12
91	5
92	11
93	8
Market 158
1	3
2	13
4	3
6	2
10	4
11	11
14	6
15	7
16	14
17	2
20	11
23	7
25	4
28	12
31	7
33	12
39	15
41	10
47	3
49	9
50	1
54	3
55	1
56	2
60	14
61	11
62	3
63	9
71	2
73	7
74	1
78	4
79	2
80	15
81	12
82	5
83	4
84	2
86	9
89	8
91	5
98	9
99	11
100	3
Market 238
2	11
4	10
6	7
9	2
12	12
13	5
14	15
15	13
17	15
18	14
19	15
20	3
25	2
26	10
28	8
31	4
33	4
34	15
42	3
47	3
49	9
51	11
54	14
55	12
57	10
62	2
65	1
71	6
74	15
79	7
81	2
82	1
84	3
85	1
88	3
91	14
92	8
98	10
99	10
Market 235
4	14
6	5
13	10
14	11
15	12
19	2
20	9
28	9
29	11
31	15
33	1
35	3
37	15
38	4
41	6
43	14
45	12
47	9
51	2
54	10
55	1
60	5
61	11
62	1
66	13
70	11
71	7
74	7
75	15
76	10
81	4
82	6
83	10
84	9
86	14
88	2
89	8
92	8
95	8
97	8
98	13
Market 109
1	13
2	15
4	15
5	12
11	5
14	2
15	6
17	2
20	11
25	13
26	1
28	15
29	4
31	4
33	11
37	5
41	14
44	4
49	11
50	4
53	4
54	2
55	3
59	15
60	1
62	13
63	3
69	10
73	14
74	1
75	2
79	1
80	9
81	8
82	6
84	1
86	7
87	8
88	12
90	10
91	8
94	6
Market 174
1	15
2	15
4	8
8	6
11	10
15	5
17	9
20	2
25	11
26	11
28	14
29	13
31	7
41	10
43	9
48	15
50	3
54	7
55	14
60	1
62	9
63	8
73	4
74	15
79	14
80	2
81	4
83	13
84	10
88	13
89	9
91	7
99	9
Market 115
4	14
6	10
9	2
14	9
15	5
16	6
17	11
19	2
20	5
25	8
28	6
29	14
31	13
33	4
37	10
38	13
41	13
43	15
47	7
49	1
52	7
53	5
54	1
55	10
57	7
60	11
62	14
66	8
68	12
71	3
72	11
73	5
74	12
75	5
76	11
78	14
79	6
81	8
82	3
83	1
84	9
86	15
88	3
92	10
94	3
99	8
Market 90(F)
4	10
6	7
14	2
16	11
23	10
25	3
28	13
31	14
33	14
37	13
40	7
41	7
43	9
44	10
47	9
49	1
51	10
53	5
54	3
55	1
57	8
60	5
62	4
69	11
71	8
72	5
73	3
74	10
75	4
81	10
82	4
84	5
86	4
87	8
88	5
89	12
91	11
94	10
98	10
Market 88
2	1
4	1
6	15
8	11
11	5
13	15
15	2
16	10
17	14
19	3
20	4
21	8
23	15
25	1
26	12
28	15
29	14
31	15
33	8
35	2
38	11
39	12
41	3
43	11
47	7
49	8
50	8
51	14
52	3
54	1
55	2
56	15
57	3
60	13
61	1
62	3
63	13
65	4
67	2
71	11
73	1
74	13
76	2
78	15
79	15
81	13
82	3
83	13
84	2
86	1
88	11
89	1
91	1
97	7
98	6
99	12
Market 74(F)
2	2
4	6
5	4
12	7
14	2
15	8
16	5
17	14
19	12
20	14
28	5
29	6
31	12
33	5
35	12
36	10
37	9
41	14
42	1
43	7
44	9
45	7
47	2
51	2
53	1
54	2
57	3
58	13
59	2
60	2
64	4
68	3
69	14
71	9
73	9
74	2
75	6
80	12
81	6
82	3
84	7
86	11
88	10
91	7
94	10
95	10
Market 59(F)
2	1
4	15
6	9
13	13
14	15
15	13
19	1
20	8
25	5
26	15
31	5
33	5
35	5
38	3
41	14
43	14
47	10
49	6
51	1
54	13
57	4
60	13
65	3
71	15
73	7
74	11
81	13
82	3
83	8
84	4
85	4
86	2
88	7
92	13
98	2
Market 247
2	3
4	4
11	11
12	6
15	15
17	9
20	6
25	10
26	14
28	5
31	11
37	9
41	12
42	4
47	7
49	8
53	4
54	5
55	15
56	14
57	4
60	1
62	11
63	5
64	7
70	6
71	14
73	9
75	10
79	10
80	9
81	11
82	11
83	13
84	5
87	8
88	6
90	7
91	14
94	11
Market 84
2	5
4	7
12	9
14	12
16	10
17	8
18	15
19	11
20	7
26	8
31	1
33	7
35	7
37	12
41	12
42	10
43	4
44	7
51	15
52	11
53	4
54	7
55	11
56	10
57	14
59	11
60	12
62	4
64	12
65	7
67	1
69	6
71	3
73	8
74	11
75	10
80	1
81	14
83	3
84	6
88	4
91	5
92	2
94	8
Market 126
2	3
4	8
9	14
10	10
12	12
14	5
15	7
17	6
19	2
20	11
25	2
26	9
28	6
31	10
33	1
35	8
37	3
38	2
41	5
42	12
43	12
45	15
49	12
51	12
52	14
53	9
54	13
55	13
57	4
60	2
62	9
63	14
65	6
67	3
73	2
74	11
75	11
76	5
79	2
81	13
82	9
84	6
86	10
87	14
88	11
90	2
91	6
92	12
94	8
99	15
100	12
Market 134(F)
1	13
4	11
6	6
9	1
11	12
13	12
15	6
19	10
20	2
25	11
28	14
31	11
33	8
35	12
41	7
43	5
47	4
49	13
51	3
54	2
55	10
56	15
61	4
62	1
63	2
65	15
66	6
71	4
73	12
74	13
79	2
80	7
81	13
83	6
84	15
86	15
88	1
90	8
91	1
92	9
98	4
100	6
Market 224
4	12
6	11
8	2
9	12
15	14
17	6
20	13
23	5
25	10
28	14
31	12
32	12
33	11
41	11
47	1
49	2
51	4
54	11
55	6
61	2
62	6
71	15
73	14
78	4
79	13
81	3
83	1
84	6
88	5
89	6
90	14
98	10
99	6
Market 39
2	3
4	4
6	4
14	10
15	14
21	15
22	1
26	12
28	8
31	8
37	12
38	12
41	13
45	12
47	14
53	10
54	6
55	12
60	14
61	7
62	15
70	12
71	3
75	13
76	7
81	10
82	2
83	8
84	1
87	3
88	1
91	8
94	8
98	12
Market 152(F)
4	7
6	7
13	8
14	7
15	10
16	3
29	8
31	1
38	7
40	13
43	7
47	7
52	1
54	13
55	6
57	7
58	4
60	3
61	11
62	15
72	4
74	2
76	15
78	6
81	1
82	5
83	10
84	6
89	9
92	14
94	5
97	7
98	12
Market 155(F)
4	5
5	15
15	3
16	5
17	4
20	4
25	12
28	12
29	1
31	12
33	10
37	4
38	10
41	7
43	7
44	6
46	8
47	7
49	8
53	12
54	4
55	5
58	11
63	2
69	2
71	9
72	6
73	9
74	13
75	10
76	9
81	12
82	12
83	6
84	15
86	13
87	8
88	14
89	10
91	10
94	12
Market 186(F)
2	1
5	3
6	3
12	3
14	3
15	6
17	13
20	11
21	2
26	5
28	10
29	13
30	9
33	6
41	14
42	9
43	3
46	15
47	9
51	1
54	5
56	10
60	11
64	4
71	9
73	8
74	2
75	4
76	2
80	1
82	4
83	10
84	10
88	10
91	12
96	8
97	10
Market 256
1	10
4	14
5	12
6	11
9	13
11	7
14	14
15	9
17	2
20	15
25	7
28	7
29	15
31	2
33	13
37	2
41	8
45	3
47	8
49	4
54	5
55	6
56	8
60	5
62	1
63	9
71	10
73	13
75	4
79	14
81	3
82	2
88	8
90	1
91	15
95	6
98	4
100	5
Market 175(F)
2	3
4	1
5	9
8	12
9	6
12	1
15	13
16	4
17	14
20	5
29	10
31	9
32	8
33	8
38	9
43	5
47	11
49	4
54	10
55	11
56	6
60	14
62	8
63	4
71	5
73	5
74	3
76	13
79	8
80	7
82	13
83	7
84	7
88	1
90	8
91	3
97	15
99	5
100	2
Market 87
2	6
4	1
5	1
6	10
11	4
14	13
15	9
16	14
17	10
20	11
23	6
25	12
28	1
29	13
33	9
37	8
38	4
39	6
40	9
41	3
43	5
47	2
49	10
53	6
54	15
55	14
60	7
61	9
62	14
63	15
71	9
72	3
73	3
74	15
75	8
76	8
78	4
79	6
80	5
81	5
82	7
83	5
84	8
86	11
88	4
89	9
91	8
94	10
98	2
Market 261
4	2
6	15
12	1
14	5
15	10
17	15
19	1
20	1
21	3
26	1
28	9
31	7
33	15
35	10
37	13
41	10
42	9
43	1
44	11
47	14
51	8
52	3
53	11
54	3
58	13
59	13
60	14
61	9
68	15
71	13
74	4
75	1
76	12
78	1
81	13
82	13
83	11
84	6
86	10
88	7
91	13
93	8
94	13
98	14
Market 260
4	4
5	1
11	12
13	4
14	4
15	1
17	7
19	5
20	12
25	11
28	14
29	7
33	10
37	9
41	5
43	7
45	12
51	12
53	6
55	11
56	6
57	2
60	10
63	8
69	14
70	8
73	7
74	9
79	13
80	5
81	9
82	2
84	5
87	4
91	1
92	8
94	9
99	2
Market 212
4	8
5	3
6	8
14	13
15	6
20	10
25	2
28	13
29	8
31	11
33	7
37	7
41	15
43	11
44	9
45	5
53	5
55	15
58	5
60	4
68	9
69	6
71	8
73	10
74	4
75	9
81	12
84	7
86	4
87	13
88	9
91	14
94	7
95	14
Market 150(F)
1	12
6	5
10	14
11	11
14	6
15	9
16	9
20	15
25	6
28	4
29	7
31	7
33	15
37	13
41	6
44	7
45	7
49	15
53	6
54	8
55	1
56	14
59	6
60	12
62	14
63	4
70	9
71	3
73	13
75	14
79	6
80	2
81	15
82	1
84	15
87	2
88	7
91	14
94	11
98	9
100	11
Market 9
4	11
5	10
6	13
8	11
14	1
15	13
16	8
17	13
19	6
20	15
25	1
28	13
29	10
31	12
33	6
35	13
36	9
37	4
38	15
41	11
43	7
44	6
46	3
47	2
48	1
49	13
52	9
53	1
54	1
55	7
58	12
59	7
60	4
62	9
68	4
69	7
71	9
72	5
73	4
74	5
75	2
76	7
78	14
79	13
81	2
82	4
83	4
84	5
86	9
88	13
90	11
93	2
94	15
96	8
98	11
99	6
100	11
Market 239
1	13
2	12
4	4
11	4
12	1
14	2
15	12
17	7
19	4
20	8
25	7
26	1
28	1
31	10
33	8
37	4
38	8
42	7
43	8
45	11
47	2
49	10
50	15
51	10
53	8
54	15
56	5
57	9
60	15
63	5
69	2
71	4
73	3
74	2
75	9
76	11
80	14
81	5
82	10
83	9
84	7
88	12
91	3
92	7
94	14
98	4
Market 19
2	14
4	15
12	15
15	10
17	9
18	13
19	9
20	7
25	7
26	5
28	6
29	4
33	14
37	3
38	13
41	3
42	8
43	12
47	3
51	5
53	5
54	3
55	15
56	8
57	9
60	2
64	2
65	10
69	9
71	6
73	14
74	1
76	14
79	3
80	5
81	7
84	14
88	3
91	14
94	4
Market 153
4	15
6	15
11	9
17	10
20	11
21	6
28	6
29	14
30	6
31	3
38	15
41	10
43	4
47	14
54	6
56	13
60	12
61	10
63	9
71	9
73	10
74	13
76	2
80	1
81	2
82	3
83	11
84	9
88	7
91	5
97	12
98	12
Market 12
6	3
9	10
11	14
17	8
20	13
25	14
26	15
31	8
33	4
41	15
49	3
53	2
54	6
55	14
56	4
62	13
63	12
71	6
73	10
79	4
80	9
81	2
83	11
84	8
86	4
88	5
90	13
91	3
99	13
100	5
Market 70
3	14
6	8
8	13
13	1
14	2
16	8
19	1
20	15
23	5
25	12
28	14
31	1
33	7
34	15
37	12
40	3
43	12
47	2
48	9
49	11
51	2
54	13
55	8
57	10
61	7
62	7
65	6
71	7
72	6
73	10
74	10
75	11
79	2
81	8
83	12
84	9
85	1
88	4
89	11
98	3
Market 42
4	4
6	1
8	3
11	11
13	12
14	8
15	13
16	3
17	2
19	4
20	13
25	13
28	12
29	1
31	6
33	8
35	11
36	1
38	2
43	14
47	5
48	6
51	8
52	8
54	14
56	1
57	3
58	9
60	10
62	7
63	7
66	12
68	15
71	15
72	5
73	7
74	15
76	10
78	11
79	6
80	5
81	13
82	12
83	12
84	7
86	1
88	13
89	3
92	4
93	14
99	1
Market 85
1	12
2	5
5	7
6	5
11	6
15	1
17	2
20	10
21	9
25	11
29	4
31	2
33	11
38	3
41	3
47	15
49	10
54	5
56	8
60	9
62	12
63	6
75	15
76	14
79	14
80	13
81	13
82	13
83	12
88	6
91	8
97	13
98	12
100	14
Market 116
4	13
12	8
13	14
15	12
17	10
18	9
19	12
20	4
25	6
26	3
28	8
31	5
33	12
34	13
41	15
42	1
43	10
49	6
51	8
55	1
57	3
62	12
65	7
73	12
74	11
79	8
81	2
84	8
85	6
91	2
92	11
Market 181
2	5
3	10
4	1
6	9
9	4
13	12
14	9
15	4
17	3
18	10
19	3
20	6
25	11
26	3
28	10
31	12
33	4
34	6
42	8
43	15
47	8
49	12
51	15
53	7
54	13
55	6
57	8
60	12
62	15
65	15
73	6
74	1
75	5
79	12
81	8
82	2
84	6
85	10
87	10
88	11
90	12
91	6
92	10
94	7
100	10
Market 26
4	10
13	12
14	12
17	12
19	9
20	9
25	7
28	4
29	9
33	3
35	11
37	2
41	15
43	6
45	8
49	2
51	13
52	1
53	10
55	5
57	11
60	9
62	1
65	1
67	7
70	9
73	13
74	13
75	11
81	7
82	5
84	6
86	3
87	14
93	6
100	6
Market 127
2	5
4	2
6	10
7	14
8	7
13	13
14	3
15	11
16	15
20	11
21	5
24	4
25	4
26	2
28	15
33	5
37	7
38	7
40	8
43	15
47	4
48	5
51	14
52	5
53	10
54	3
55	15
57	9
58	4
62	11
65	5
68	12
71	7
72	13
73	6
74	10
75	3
78	5
79	8
81	4
83	7
84	15
88	9
89	3
92	14
Market 184(F)
2	9
4	6
6	3
8	3
12	13
13	15
14	6
15	4
16	8
18	12
19	14
20	12
23	1
25	14
26	4
29	10
31	1
33	5
34	9
37	1
40	11
41	2
42	8
43	13
47	5
48	7
51	8
55	7
57	15
62	12
65	7
72	10
74	11
79	4
81	1
82	4
83	13
84	10
85	8
86	6
89	12
91	8
92	4
98	8
99	11
Market 226
4	1
6	6
15	15
20	3
21	7
22	4
31	15
33	6
38	13
47	12
54	8
60	9
61	1
76	14
78	8
81	13
83	8
84	11
88	2
Market 29
4	14
8	10
9	2
14	10
15	6
16	11
17	4
20	1
25	7
28	4
31	6
33	9
38	8
41	12
44	1
47	5
48	6
53	13
54	12
55	12
59	14
60	7
62	12
69	15
71	6
73	11
75	7
79	10
82	7
83	7
84	12
88	6
89	2
90	14
94	5
99	3
Market 166
1	8
2	13
7	2
11	5
13	15
16	10
17	4
19	8
20	15
23	15
24	13
25	14
26	12
31	2
33	10
40	12
41	15
43	11
48	5
49	10
50	12
51	13
55	9
56	11
57	15
62	11
63	2
72	14
73	12
74	12
78	10
80	14
81	11
83	4
84	14
89	13
91	7
92	6
98	7
99	2
100	1
Depot
