TPP_FSO_CapEuclideo.200.200.5.5
Total Cost:184428
|M*|: 199
Depot
Market 50
3	13
6	12
15	6
19	5
25	6
27	11
44	4
63	3
72	12
84	2
105	15
115	6
121	9
124	13
129	5
141	15
149	15
150	6
151	15
161	8
162	3
172	3
174	15
177	15
182	14
191	1
Market 197
6	15
14	5
16	1
17	14
18	12
22	7
24	6
26	10
27	5
28	1
29	12
30	1
34	13
36	5
41	8
44	13
56	14
57	1
59	9
62	13
66	14
67	9
68	9
72	12
77	2
79	11
81	7
83	13
89	3
91	13
92	8
95	3
98	12
99	1
100	7
103	15
104	2
105	9
108	13
109	14
111	5
118	9
124	9
128	15
129	2
133	2
141	14
143	10
153	1
156	1
161	2
166	9
168	8
171	12
174	2
178	6
186	5
192	14
199	14
Market 115
2	8
3	5
4	9
5	11
7	3
10	8
12	12
14	13
19	3
22	5
24	2
27	10
29	9
32	3
33	14
37	3
42	3
44	11
46	10
52	6
55	12
59	7
62	1
67	8
72	8
81	6
83	6
87	5
89	13
90	15
93	5
98	10
99	6
101	12
103	7
105	9
113	6
114	5
115	5
118	2
120	14
121	11
123	6
125	3
130	1
134	11
143	11
149	5
157	4
164	11
167	13
169	4
172	5
174	12
177	7
178	12
184	9
187	2
188	8
192	3
196	10
197	3
Market 153
1	2
4	15
5	14
12	7
22	14
24	3
26	15
27	14
28	12
30	2
34	8
44	11
47	1
50	12
62	14
63	1
64	8
66	9
72	11
73	13
75	6
79	9
82	8
84	3
85	2
87	5
98	9
100	4
101	4
109	10
115	2
120	4
121	3
124	10
126	8
128	2
132	10
139	5
141	7
144	9
150	10
152	1
155	9
159	4
161	12
169	7
177	15
185	14
191	5
194	6
196	7
198	8
Market 162(F)
3	4
6	3
19	12
63	9
75	3
79	15
89	4
101	7
143	9
150	1
155	9
165	1
172	10
181	6
182	1
185	4
188	9
193	15
194	5
197	13
199	9
Market 56
3	3
15	14
17	4
25	6
28	6
39	12
50	15
67	10
89	3
103	3
137	9
141	6
147	9
152	12
154	1
157	14
158	8
161	9
163	3
165	14
166	4
169	7
175	10
178	14
180	11
184	14
190	9
191	9
197	3
Market 3(F)
1	7
4	3
6	4
15	8
25	14
26	14
27	4
28	15
33	1
35	6
41	10
45	3
47	11
50	14
53	2
65	2
73	7
75	8
76	10
84	14
85	12
91	15
92	9
95	8
96	11
97	6
98	8
101	4
107	2
111	14
112	13
113	8
118	14
120	6
123	2
127	1
135	7
147	2
154	2
159	6
180	11
181	13
189	15
191	5
194	14
196	12
200	13
Market 82
2	2
25	15
32	9
39	4
67	11
89	8
141	10
143	2
152	12
155	3
158	9
165	4
172	13
173	8
174	2
177	14
179	10
182	14
185	14
188	2
189	7
194	5
196	1
197	4
Market 106
1	10
4	11
6	12
15	12
19	1
25	15
28	4
32	3
36	10
39	14
42	13
50	13
62	13
63	3
73	4
74	12
75	11
81	7
84	12
89	3
92	12
97	13
103	14
104	14
105	15
113	11
142	9
144	9
150	5
152	6
155	2
162	15
183	8
187	11
190	15
192	7
194	8
Market 126
2	10
3	5
17	4
25	1
26	5
39	5
42	5
68	12
75	1
79	8
98	10
101	5
105	11
113	10
140	14
143	2
144	9
152	12
162	10
165	15
166	8
175	9
178	7
181	10
184	7
185	14
188	5
190	11
194	10
197	9
198	10
Market 40(F)
2	1
17	4
28	13
39	15
63	13
67	13
75	6
105	8
127	6
153	5
164	2
171	15
174	14
179	13
185	14
186	4
188	13
193	3
196	7
Market 121(F)
1	15
2	8
12	14
14	9
15	10
17	15
18	13
22	15
26	15
27	14
28	5
34	6
35	8
42	6
44	6
54	14
59	13
62	5
66	15
72	7
74	11
75	13
77	1
79	7
81	6
83	3
84	14
87	5
91	4
95	13
101	10
103	2
108	14
115	13
116	13
118	4
120	8
124	10
126	13
127	9
136	7
137	2
143	9
152	7
154	13
158	11
161	13
165	10
169	12
171	7
174	8
180	9
186	1
188	7
189	10
200	5
Market 28
1	5
10	9
12	1
15	11
16	10
17	5
22	15
26	10
30	11
34	2
39	10
42	12
44	2
61	3
64	10
66	13
78	13
83	7
89	3
92	12
99	15
101	11
105	8
109	2
115	11
124	10
128	9
136	5
143	15
146	14
150	4
162	12
164	11
169	13
171	14
175	10
182	8
184	12
192	2
194	14
Market 160
3	8
26	2
29	13
44	13
84	2
103	15
143	1
144	5
152	12
156	3
161	12
165	15
175	8
177	6
178	9
181	10
185	1
188	3
191	9
192	5
197	13
Market 87
1	11
2	14
4	8
5	13
6	11
10	9
11	11
12	13
15	13
16	11
19	3
21	7
24	5
25	6
26	5
27	15
28	4
30	13
31	15
32	13
33	9
37	4
54	3
57	5
58	10
61	2
62	12
63	2
68	9
70	1
72	2
74	8
76	10
79	13
84	1
85	2
89	5
96	15
99	13
101	5
103	3
104	14
106	5
113	12
115	8
118	15
119	1
120	12
122	10
125	5
126	12
128	14
132	13
134	3
143	2
156	9
161	1
166	6
169	13
178	6
183	8
185	10
186	2
191	2
192	14
194	4
196	9
Market 182(F)
3	10
25	9
26	8
67	11
68	5
89	8
105	9
143	8
144	3
152	3
154	9
158	11
161	4
165	5
169	3
177	6
181	1
186	3
195	12
196	10
Market 12
2	6
6	10
14	14
25	3
39	13
53	8
57	14
64	12
67	10
68	12
72	4
75	9
83	3
89	12
96	4
97	3
98	11
103	9
105	13
113	1
118	8
120	2
121	15
129	11
137	12
143	3
145	8
151	5
153	11
157	4
160	8
161	4
164	15
166	13
178	12
184	4
185	13
188	14
192	9
196	13
197	1
198	15
199	13
Market 131(F)
1	9
2	4
3	6
5	10
7	7
14	6
15	13
19	11
22	3
29	2
31	6
32	2
33	8
35	3
42	11
43	6
52	6
55	13
57	10
62	2
66	10
67	3
68	11
72	13
75	15
76	9
81	3
84	12
85	10
89	7
90	3
92	15
95	11
99	2
105	2
108	9
110	10
113	12
115	11
120	1
121	6
124	1
129	9
134	12
137	11
150	7
152	8
164	7
167	12
169	6
172	12
175	3
184	6
185	6
187	3
188	10
196	13
197	15
Market 48(F)
3	3
32	13
39	4
50	14
67	2
75	10
79	14
89	3
98	5
115	4
141	10
143	10
144	8
152	8
158	8
161	6
165	10
169	10
174	12
175	5
178	7
181	7
185	3
186	10
189	4
197	2
198	11
199	2
Market 166
2	1
3	11
15	13
17	11
27	10
28	14
29	1
32	1
33	4
56	4
63	4
75	5
79	11
82	9
84	12
89	11
101	11
103	8
105	15
115	11
127	11
143	15
152	10
153	11
164	5
166	8
169	8
171	12
175	6
181	15
193	1
196	7
197	10
Market 128
3	14
5	13
6	13
19	1
39	14
42	4
56	13
63	7
79	10
89	8
97	15
101	4
113	7
124	3
127	12
129	15
141	1
142	1
144	13
147	14
150	9
152	4
160	14
161	4
162	5
165	6
166	5
168	9
169	11
171	12
173	14
175	5
186	14
190	3
191	14
198	3
199	13
Market 77(F)
3	5
4	14
5	15
11	13
17	5
19	12
24	5
25	1
26	9
30	11
32	8
35	8
39	11
42	11
44	15
45	9
58	5
66	12
68	6
72	6
73	14
76	6
81	9
82	4
85	4
92	12
96	3
100	15
101	11
120	3
124	6
126	8
127	2
128	8
133	10
145	10
157	6
160	8
164	8
169	11
171	15
175	2
186	8
197	14
Market 103
1	8
3	6
6	13
13	6
14	12
15	7
16	11
19	13
22	2
24	14
25	9
26	4
29	13
32	4
34	13
42	13
44	7
54	15
56	15
58	11
63	5
64	7
66	11
67	13
74	2
78	3
79	13
81	9
83	13
87	2
89	6
92	9
97	14
98	12
99	11
101	6
108	5
113	9
115	15
116	1
120	9
126	15
127	7
141	13
143	14
148	6
150	10
154	15
161	10
162	11
166	1
171	6
175	13
177	5
178	10
182	7
184	8
188	14
192	14
194	14
196	4
Market 45
2	15
3	6
5	15
10	10
12	12
14	14
16	12
17	13
18	8
19	7
24	4
28	15
29	10
30	8
32	15
34	13
45	14
51	6
58	5
59	3
61	12
64	15
67	2
75	7
78	9
81	11
83	15
84	5
85	9
87	9
89	7
91	7
92	10
95	10
97	11
98	7
100	5
101	8
108	2
109	7
111	15
113	5
116	6
119	5
120	1
124	1
126	10
136	7
138	7
143	15
144	11
150	8
153	10
156	4
162	13
166	10
169	9
171	3
174	10
175	10
183	9
185	8
188	13
190	2
192	3
196	7
198	14
Market 171
2	3
4	6
6	9
8	12
11	9
12	13
17	12
19	10
21	4
24	14
25	9
28	6
32	15
34	15
35	10
36	6
38	4
41	10
44	11
47	3
53	12
56	7
58	14
61	8
62	9
63	5
67	11
72	8
73	1
75	5
79	13
80	11
81	12
84	7
87	7
91	14
94	10
96	14
97	1
98	8
99	4
100	11
103	13
104	13
105	8
108	4
112	8
113	9
115	13
116	15
118	11
120	6
121	9
123	15
124	6
127	12
128	2
129	8
132	5
137	14
141	4
144	4
150	7
153	12
156	14
162	8
165	9
166	14
168	15
178	7
181	12
183	15
185	3
186	8
188	14
190	11
196	9
199	6
Market 7
10	5
12	15
14	5
15	14
16	3
19	4
22	9
24	7
25	10
28	11
30	10
32	2
33	12
34	3
36	13
37	4
38	5
41	6
44	15
48	6
53	2
54	12
60	1
68	7
73	7
78	6
79	11
83	5
84	12
87	13
88	5
89	1
92	10
95	11
96	5
101	15
103	13
104	13
105	8
108	4
109	12
110	1
112	10
114	9
115	7
121	13
126	4
127	6
131	13
134	8
144	6
152	12
155	14
162	12
166	5
167	2
171	13
172	7
178	4
182	9
185	9
186	9
188	15
190	5
194	12
Market 97
2	10
3	11
8	2
14	11
19	12
23	15
24	11
25	7
29	2
32	12
36	9
39	14
42	1
50	6
56	14
60	2
63	5
73	4
74	5
81	13
84	10
92	11
94	9
97	3
104	11
110	3
113	2
115	3
118	12
121	1
123	15
127	6
129	10
152	14
157	5
161	15
192	15
196	6
197	1
Market 16
1	8
3	8
12	13
26	9
36	3
50	9
75	6
79	1
103	7
105	15
124	4
143	4
145	11
151	11
157	9
166	3
175	13
184	12
188	3
190	8
192	9
194	8
Market 63
2	8
3	15
14	13
17	12
21	1
22	12
24	6
25	9
27	1
33	6
36	8
38	2
44	12
45	13
47	2
53	10
62	12
63	7
65	13
68	11
72	11
73	13
74	10
76	6
79	10
81	9
83	6
84	3
88	12
91	9
92	14
94	14
95	9
101	6
108	7
113	1
114	12
118	1
121	11
124	1
126	10
127	5
130	11
141	1
143	12
150	11
155	5
168	3
169	5
171	15
174	15
175	13
181	15
182	15
188	8
196	13
197	9
Market 69
2	7
3	12
4	9
10	9
17	4
19	5
22	7
24	2
26	14
27	3
29	5
32	15
36	8
39	6
41	7
43	15
46	12
49	4
53	5
56	2
58	9
64	1
68	4
73	1
74	10
75	10
76	4
81	9
83	9
86	10
91	10
92	3
94	6
97	13
98	11
101	7
103	4
104	12
107	12
110	2
112	10
121	12
123	13
124	15
125	15
129	15
134	14
144	8
147	15
150	14
156	6
162	1
165	1
166	7
168	6
171	7
175	1
178	6
183	9
185	2
186	7
188	9
190	1
191	11
192	5
Market 114(F)
27	1
50	9
64	10
67	13
75	12
79	6
98	4
101	12
103	7
143	3
144	8
150	6
156	5
159	4
165	8
168	2
169	4
175	4
183	7
192	10
194	2
Market 109
1	4
2	13
3	13
4	13
5	7
6	11
15	12
19	10
21	12
24	7
27	12
28	8
30	5
35	14
36	2
39	13
45	15
50	14
53	7
56	1
57	7
58	13
67	10
72	1
73	9
75	10
79	10
80	6
83	13
84	14
87	10
89	9
97	11
98	4
100	14
101	7
103	8
105	3
107	14
110	7
116	13
118	8
124	4
126	2
128	13
129	14
132	2
141	10
152	7
161	6
169	9
175	10
179	14
181	15
186	4
190	10
195	1
199	1
Market 61
6	9
10	5
12	11
17	13
18	7
19	1
25	11
30	5
33	10
34	15
39	12
45	9
47	7
51	2
54	3
61	8
63	13
66	3
72	14
79	14
82	15
83	1
84	9
85	3
89	15
95	9
98	12
99	14
100	12
105	9
109	14
111	12
116	3
118	12
127	2
128	12
129	4
136	9
140	4
159	4
160	13
168	15
169	7
171	9
174	9
177	7
185	9
188	14
190	12
Market 117(F)
1	11
2	11
3	1
6	9
10	9
11	8
13	15
14	1
16	4
17	9
19	4
24	10
26	13
28	13
31	8
32	2
33	3
34	5
36	6
37	4
38	13
39	10
42	7
44	10
47	11
48	2
50	7
53	15
55	4
56	5
57	3
63	4
64	15
66	4
67	7
68	13
72	5
73	2
74	13
76	10
78	1
79	9
84	4
85	10
87	7
90	11
95	12
96	1
98	14
99	4
100	15
103	1
106	11
107	9
108	15
109	14
110	11
113	2
115	4
118	13
119	11
121	2
122	10
125	11
127	6
128	9
132	4
134	4
135	12
141	2
142	12
143	1
147	15
154	8
155	9
158	13
161	13
162	15
165	8
166	2
169	9
182	1
185	14
187	9
188	13
189	15
190	5
194	15
195	10
196	14
197	3
199	10
200	6
Market 137(F)
2	11
14	2
18	6
19	15
22	15
24	6
29	13
30	15
36	10
41	13
44	1
47	5
50	7
59	10
61	1
62	2
64	1
67	1
68	1
72	1
75	5
76	4
79	15
82	14
83	4
87	8
92	1
99	3
105	12
111	5
113	7
115	4
116	3
120	13
121	12
124	2
126	8
128	7
133	6
141	10
143	9
144	12
150	6
152	13
154	5
174	12
175	4
180	13
181	12
194	3
196	2
Market 189
1	4
4	12
5	13
7	1
10	13
12	13
15	9
17	12
24	5
27	4
29	11
32	11
33	8
35	6
36	15
38	10
46	3
57	7
60	6
63	11
67	4
73	14
81	10
83	12
89	1
91	9
97	2
98	13
99	5
101	5
103	9
107	5
108	1
118	6
125	6
129	10
142	10
146	8
153	15
156	15
173	11
175	1
178	4
181	2
183	9
190	1
191	9
194	10
196	12
Market 151
2	1
3	7
5	11
6	14
10	6
14	10
15	4
16	15
19	13
24	11
25	6
26	1
27	15
28	11
29	5
32	10
34	15
35	9
47	8
50	13
58	9
59	9
64	13
68	4
72	3
74	3
75	1
83	6
84	12
87	5
89	15
91	12
95	2
96	7
97	2
99	6
101	7
103	8
105	1
108	10
109	15
111	12
113	4
115	7
118	7
121	7
124	8
127	11
129	4
141	12
150	13
152	13
162	7
165	10
168	8
169	2
178	7
182	11
185	12
188	4
194	8
197	10
Market 27(F)
1	5
4	9
5	1
6	7
10	8
16	6
17	2
24	13
25	4
27	9
28	15
32	4
33	15
36	3
37	8
41	9
44	4
46	6
56	1
59	14
63	12
64	7
66	12
68	9
70	11
74	5
75	8
78	5
81	9
82	3
83	5
84	3
85	10
87	6
89	15
90	12
92	14
95	11
97	8
99	10
103	15
105	8
109	10
113	10
116	7
120	3
124	6
127	6
129	13
136	5
140	13
141	15
144	3
150	8
159	7
165	15
167	10
170	10
172	1
177	2
181	6
185	14
190	9
191	11
198	1
Market 108
3	1
17	14
25	10
28	7
39	8
50	5
67	8
68	11
75	10
89	6
103	13
105	8
124	3
140	4
143	12
153	9
155	12
160	10
162	5
166	8
167	4
169	10
171	1
174	5
175	2
181	14
182	9
190	12
194	7
196	8
198	15
Market 172
1	4
2	11
3	11
5	3
12	5
32	14
35	11
36	6
39	2
42	9
50	6
56	3
63	2
64	9
67	7
83	3
89	2
92	9
96	7
97	4
98	4
101	6
103	14
118	5
120	11
121	5
124	11
129	4
148	12
164	12
167	5
184	11
191	2
192	4
197	9
Market 159
6	13
7	2
12	15
14	2
17	11
24	13
26	1
33	9
35	13
36	15
39	3
41	11
42	3
46	3
57	4
58	8
60	14
62	6
63	2
67	5
73	8
74	15
76	13
91	14
96	4
97	4
102	11
107	12
108	13
110	15
113	7
114	8
115	4
118	10
129	2
130	7
138	15
141	1
142	5
143	7
144	3
156	2
158	8
162	11
169	8
174	3
175	3
178	5
180	10
184	13
185	13
191	2
192	9
196	13
198	15
Market 46
1	8
17	5
19	3
26	4
27	9
28	12
39	11
89	13
98	14
101	4
105	11
113	15
149	9
154	9
167	7
174	5
175	6
177	6
178	12
181	12
182	15
191	9
196	9
Market 98(F)
2	5
3	11
6	7
15	14
19	13
25	2
26	11
27	4
28	15
35	7
42	1
50	15
67	10
92	14
97	13
98	11
103	11
113	1
124	8
127	4
138	12
142	14
144	13
152	8
156	1
159	4
168	9
169	5
173	8
175	7
178	15
180	7
185	8
192	13
198	12
Market 58(F)
19	8
26	2
27	7
50	3
89	2
97	14
98	6
105	13
141	14
142	15
151	3
155	12
157	12
162	8
164	2
169	5
177	14
182	9
196	8
Market 120
1	8
6	3
10	3
12	13
19	8
25	2
26	14
27	14
28	14
29	7
30	5
35	14
41	10
42	2
47	10
56	10
57	4
59	12
62	14
67	9
75	7
77	4
79	2
81	5
85	4
91	6
92	5
95	8
96	13
97	11
100	11
103	10
105	8
111	11
113	12
115	15
116	9
121	14
129	11
141	14
150	7
155	11
160	10
162	7
164	5
168	14
182	4
188	1
190	8
194	4
196	2
197	4
199	13
Market 149(F)
6	2
17	15
30	15
32	9
33	8
34	4
37	5
39	8
44	5
48	3
50	14
51	5
58	14
73	6
75	10
82	6
83	10
85	3
87	3
90	14
97	6
99	1
105	15
109	4
116	5
119	12
121	4
124	2
126	7
128	9
129	12
134	4
136	11
142	7
144	12
150	9
156	7
159	3
167	6
170	3
172	13
177	1
178	6
181	9
182	5
183	13
185	3
187	4
194	11
Market 107
1	13
4	3
6	12
13	4
14	13
17	12
19	14
22	15
24	14
25	12
26	7
27	8
29	1
32	1
33	6
36	11
39	14
42	13
44	5
47	5
48	8
50	2
51	8
54	15
59	6
61	8
63	6
66	12
67	15
68	13
75	14
76	4
81	8
82	8
83	13
85	5
87	14
90	14
92	5
95	15
97	11
98	2
103	9
104	3
105	12
108	4
115	13
118	12
119	9
120	10
126	4
127	11
128	7
129	11
135	4
143	11
147	6
151	12
155	13
157	9
164	6
166	7
169	2
174	12
182	1
184	3
185	11
186	7
187	9
188	15
189	4
191	9
192	12
194	10
196	9
197	7
Market 6
2	1
3	11
15	7
17	5
19	6
26	2
32	4
42	15
44	10
87	1
98	12
103	1
121	7
124	12
138	1
141	1
143	7
144	14
150	2
153	10
156	3
159	7
161	15
162	11
177	4
178	6
180	14
181	3
190	4
192	2
194	6
196	7
Market 72
1	2
2	8
3	5
5	11
6	12
12	4
13	11
14	4
15	12
17	12
24	3
27	10
29	13
30	6
32	1
33	7
39	5
45	1
47	12
50	6
54	10
58	2
59	4
63	1
64	11
67	2
68	2
72	6
77	8
79	1
81	8
82	10
83	3
87	6
89	5
92	3
96	12
98	13
99	5
103	4
108	5
111	5
115	12
116	10
120	12
121	9
124	2
126	2
129	8
136	14
141	8
143	6
144	8
148	4
151	12
152	5
154	8
157	3
161	3
164	8
165	11
171	14
177	14
178	10
180	6
182	7
184	12
186	7
188	14
194	1
196	3
198	5
Market 60(F)
3	5
15	11
25	13
64	5
89	9
103	9
105	9
138	5
141	13
147	9
152	3
154	4
161	10
166	12
169	14
175	15
177	8
180	12
181	1
189	2
191	1
194	9
196	11
198	9
Market 143
2	11
3	13
6	8
8	11
13	9
15	9
17	12
18	14
24	4
26	1
28	12
30	2
32	7
33	9
34	12
35	15
36	3
38	5
39	5
42	7
44	5
46	14
48	13
50	2
51	8
53	12
54	15
58	1
59	9
61	6
62	13
63	6
64	11
66	10
67	15
68	12
75	7
79	7
81	4
82	15
84	7
85	12
87	10
88	13
89	4
94	4
95	10
96	7
97	6
98	6
101	2
108	3
109	7
111	9
112	13
113	5
114	12
118	10
119	1
120	4
123	13
125	4
126	10
129	3
131	5
133	5
136	14
141	1
143	10
147	13
150	10
155	4
162	1
165	11
166	5
169	15
172	9
174	7
177	11
185	3
186	4
189	4
191	1
194	4
200	10
Market 164
3	5
17	14
39	3
75	12
105	12
124	2
141	11
156	13
162	12
166	14
171	9
177	4
182	14
184	7
185	10
188	6
190	12
Market 145
4	6
5	11
7	15
10	4
13	11
15	13
17	9
19	10
24	14
25	6
26	4
28	7
31	9
32	9
33	5
37	12
39	12
41	8
42	2
46	2
49	8
50	12
57	15
62	15
64	5
67	1
72	5
73	5
75	3
76	10
79	15
81	12
82	6
85	11
87	14
95	5
97	4
98	9
101	12
103	1
104	3
107	6
108	8
112	10
113	3
115	13
120	5
121	7
123	6
124	6
125	10
127	12
129	14
130	12
137	13
138	9
141	10
144	15
149	3
152	10
159	12
161	2
165	7
166	1
169	12
174	7
177	13
179	13
181	5
182	5
185	9
190	9
194	3
197	6
198	11
Market 132
6	8
39	10
42	6
50	7
63	10
75	8
89	12
92	9
113	7
124	13
141	5
150	14
166	7
168	11
171	14
175	11
178	13
183	1
188	12
194	12
196	8
200	4
Market 17
2	11
4	4
5	10
9	13
14	4
18	14
22	4
25	4
29	7
33	7
34	14
35	12
36	4
39	2
50	4
56	9
61	15
62	4
64	12
66	12
68	12
73	11
75	9
76	12
79	15
81	10
87	14
89	9
95	9
96	4
97	8
98	3
99	10
103	6
105	9
108	15
112	7
113	8
115	3
116	8
120	6
121	3
127	12
129	9
133	9
135	1
155	12
158	6
159	6
162	15
166	9
168	4
171	8
174	11
175	15
177	2
179	3
180	11
182	9
187	12
188	7
197	7
198	11
Market 129
2	14
3	8
4	13
5	11
10	13
12	11
14	5
15	8
21	6
22	12
27	15
28	6
38	9
39	15
41	9
42	4
46	4
50	12
56	3
57	12
60	15
68	13
73	13
75	14
76	4
79	14
81	4
83	7
84	10
86	15
89	8
91	4
94	4
96	8
102	10
103	3
105	10
107	15
110	7
112	4
113	3
114	11
115	14
120	6
123	12
130	11
137	5
141	7
150	3
152	12
154	9
165	4
178	3
189	11
191	8
194	12
200	14
Market 80
17	5
26	14
50	15
63	10
89	12
113	13
124	3
141	10
150	9
161	12
162	5
165	3
167	12
172	3
175	8
187	5
190	4
191	10
194	11
196	14
198	9
Market 52
2	7
3	2
5	6
6	8
8	6
10	5
14	9
15	8
19	11
21	3
24	14
25	15
32	14
35	10
36	5
38	12
39	8
41	9
42	2
44	2
47	8
50	14
53	7
56	8
62	6
63	5
64	11
67	2
68	13
73	3
74	13
76	1
79	7
83	12
84	3
91	2
92	7
98	6
101	13
103	15
107	11
108	11
110	7
112	10
115	10
118	2
121	11
123	11
124	12
125	4
135	15
137	6
147	15
152	8
161	12
165	14
166	10
169	6
171	2
174	9
181	1
185	14
186	4
189	4
191	9
194	12
196	14
197	2
200	2
Market 112(F)
1	3
3	9
5	12
12	12
36	2
50	3
58	14
63	3
75	9
113	9
140	11
141	3
142	11
145	3
153	7
155	1
156	2
160	2
161	3
166	3
172	15
174	7
175	2
177	1
181	2
182	4
188	9
194	14
196	13
197	11
198	3
Market 134
14	2
17	1
26	5
32	2
39	11
50	3
64	4
67	14
68	10
75	12
105	5
113	12
124	3
127	1
150	14
153	11
160	13
162	10
169	13
171	10
175	6
181	14
184	4
185	8
188	4
190	9
192	5
194	13
196	3
Market 8(F)
17	2
39	5
50	11
67	7
89	10
143	8
145	10
150	4
152	7
158	3
165	12
171	5
174	15
178	11
184	4
185	14
188	2
194	2
198	11
Market 75
1	11
6	6
12	13
18	13
19	13
26	2
28	4
29	11
33	3
46	7
47	15
48	9
54	3
56	7
59	9
61	4
63	2
64	13
72	9
73	14
75	14
78	10
81	15
82	4
84	14
92	4
95	10
96	6
98	5
99	13
100	2
103	6
104	3
111	8
113	9
116	14
119	13
121	14
127	8
133	3
134	12
136	8
154	7
161	8
162	4
165	10
166	2
169	7
171	10
178	12
179	10
181	9
185	11
186	8
188	15
190	11
191	12
192	13
194	8
195	4
196	11
Market 111
1	4
2	14
4	5
5	12
6	7
10	4
11	11
13	3
14	3
16	5
19	8
24	8
25	1
27	13
29	4
32	14
39	15
41	3
42	15
44	15
47	10
48	9
50	15
51	6
54	7
56	2
58	9
62	7
66	11
68	2
69	4
73	12
74	1
75	5
78	11
79	6
80	12
82	12
89	6
92	8
96	4
98	10
99	11
103	3
105	6
107	6
109	13
110	1
112	7
115	2
116	9
119	2
120	14
124	7
129	12
132	6
134	13
135	15
136	5
137	10
141	11
147	8
157	14
161	9
164	5
166	5
169	14
171	14
172	8
174	1
175	15
187	1
188	13
191	9
192	8
199	5
Market 101
4	7
6	9
10	11
12	11
13	3
14	15
16	3
17	14
19	12
24	2
25	1
26	2
27	14
31	11
33	4
35	4
37	2
39	13
41	4
42	5
49	8
50	2
59	7
62	9
64	3
66	12
67	12
73	3
76	6
79	12
81	5
82	8
84	10
87	11
89	3
90	8
93	11
98	4
101	14
103	9
105	3
112	8
113	6
115	13
117	2
119	13
123	2
125	13
137	11
141	1
143	1
144	2
164	1
166	14
169	13
174	11
177	12
179	1
185	5
186	15
188	11
193	6
199	3
Market 9
3	7
7	4
10	2
12	7
13	12
14	6
15	15
19	1
21	10
22	6
25	9
28	9
35	11
36	4
41	11
49	7
57	11
59	11
64	7
67	13
75	9
81	15
83	6
84	14
89	9
90	10
94	8
98	1
99	6
101	2
103	3
104	3
105	1
107	6
108	4
112	15
114	7
121	10
124	10
125	11
127	2
129	9
130	4
134	15
155	11
161	9
164	7
167	1
175	9
179	8
182	9
187	3
188	13
191	14
196	5
Market 89
2	11
3	2
6	6
13	9
14	3
16	15
18	5
19	1
22	7
26	7
27	15
28	2
29	6
32	5
33	5
44	9
45	12
50	10
51	14
56	6
58	15
61	3
63	1
67	12
72	14
74	9
79	10
81	1
83	2
85	5
87	5
90	7
91	15
99	6
101	6
103	8
104	7
111	15
115	12
116	1
119	15
121	2
128	3
134	8
136	4
141	1
146	9
151	1
153	11
157	10
160	2
166	13
169	3
179	6
181	8
190	13
192	13
194	7
197	13
199	8
Market 62
2	14
3	2
6	8
19	10
26	10
27	9
50	2
63	10
68	12
89	8
103	7
113	8
124	10
129	10
141	14
144	9
150	10
159	1
175	3
177	14
179	8
184	5
185	5
191	3
192	11
196	11
198	5
Market 190
1	12
3	3
6	5
12	8
15	3
17	10
19	15
26	2
36	13
39	13
41	12
42	13
50	4
64	13
68	14
74	6
75	7
79	11
89	4
97	12
101	3
103	9
112	8
113	9
121	13
137	2
141	1
143	3
147	14
153	12
154	1
161	10
175	6
181	9
189	13
191	10
194	9
196	6
198	13
200	4
Market 167
2	12
4	6
5	6
13	13
15	9
16	11
17	4
19	11
21	6
22	14
24	12
25	2
28	11
29	5
30	15
33	4
35	11
39	12
42	6
44	10
45	10
46	14
49	1
53	7
56	13
57	5
58	14
59	2
61	1
62	13
68	15
72	11
73	5
77	10
79	12
81	4
82	1
83	15
84	5
87	9
91	9
92	12
93	6
97	9
98	7
100	15
103	1
108	6
111	8
115	9
120	2
121	8
124	15
125	5
126	3
127	3
128	14
129	10
134	2
138	7
143	5
144	4
161	1
162	6
165	10
166	12
168	5
169	8
171	10
174	8
175	1
181	7
183	6
184	14
185	15
186	15
188	8
190	10
196	10
199	5
Market 96(F)
1	3
3	1
4	4
15	7
17	11
19	10
21	4
22	5
25	4
28	15
29	9
33	7
46	2
50	8
67	1
72	15
75	1
79	11
83	10
89	13
94	3
97	15
99	7
101	3
103	13
104	14
107	13
108	8
114	4
115	15
120	12
123	5
125	3
129	12
137	5
140	8
144	3
150	10
152	14
160	11
161	1
174	15
175	1
181	5
184	13
185	4
187	4
190	10
196	12
Market 70
3	8
15	4
44	12
63	5
67	5
83	6
101	3
124	12
127	6
143	1
150	2
152	13
172	3
174	7
177	13
179	3
187	11
188	11
190	11
191	5
193	4
194	4
197	11
Market 18(F)
2	13
3	6
15	10
25	3
68	15
75	8
103	15
127	6
147	1
161	13
162	15
167	3
171	13
172	11
174	2
177	5
178	12
183	4
186	11
187	9
191	4
200	6
Market 200(F)
3	14
14	2
15	3
17	7
32	15
44	10
63	7
64	7
67	15
79	9
83	2
98	7
103	5
127	4
141	13
143	6
150	1
152	2
155	5
157	1
158	5
164	6
166	11
167	10
169	14
171	3
177	8
178	14
181	6
182	11
186	11
191	6
192	12
193	3
194	7
197	13
Market 54
2	10
3	4
14	11
15	12
26	7
28	4
32	9
42	1
50	1
56	6
63	11
64	7
67	5
87	15
89	15
97	9
98	11
99	13
101	15
103	9
105	6
115	9
127	13
143	7
150	11
152	10
161	8
166	11
167	6
169	13
172	7
181	15
184	5
187	13
192	15
196	10
197	12
Market 88
2	13
3	4
28	13
39	7
75	2
79	2
98	3
101	1
113	1
127	6
139	10
141	8
144	9
150	15
151	8
155	1
159	5
164	8
165	5
167	5
170	1
174	11
181	1
184	3
187	2
191	11
192	10
194	10
Market 105
1	15
2	7
6	5
13	2
14	6
16	3
19	6
24	7
26	4
28	1
29	5
30	3
32	10
34	5
39	11
44	12
50	2
59	5
61	9
62	11
66	8
67	1
73	4
75	7
85	9
87	1
89	2
92	10
96	9
97	8
98	9
99	2
101	7
103	14
108	10
116	5
120	9
127	15
128	4
129	8
133	1
139	14
141	11
143	10
144	3
147	14
152	8
154	5
159	10
161	1
165	9
169	8
181	15
186	11
188	13
190	1
194	7
196	14
Market 116
3	5
15	10
50	8
75	9
89	8
105	8
124	3
141	15
142	1
143	9
150	8
153	4
155	2
160	4
166	1
168	10
169	15
172	12
175	4
178	3
181	13
186	1
191	8
192	7
194	7
196	14
Market 11
4	15
6	3
12	13
16	13
19	2
22	3
27	15
28	5
29	10
31	3
33	7
35	6
36	2
39	13
42	4
43	13
46	10
52	9
55	14
56	4
59	1
62	4
63	1
66	10
67	10
70	8
73	14
74	1
75	3
78	2
83	4
84	5
89	9
90	14
92	2
93	13
95	14
97	2
103	1
105	7
108	4
112	3
113	5
116	13
117	1
119	3
124	13
125	7
126	5
129	14
137	1
144	5
150	3
151	14
152	13
157	5
164	14
165	7
169	10
171	12
174	11
175	11
180	6
181	5
182	9
187	3
188	11
191	2
194	10
197	8
198	5
Market 142
1	13
2	14
3	13
12	4
17	10
19	1
26	4
28	10
35	8
36	3
39	7
41	1
57	10
58	8
62	2
67	6
68	7
72	15
73	12
76	2
79	8
89	8
97	5
98	6
101	1
112	11
118	6
121	4
129	12
140	13
151	5
152	2
153	6
157	9
158	12
164	2
165	6
169	14
174	13
175	1
179	12
184	1
185	15
190	12
192	1
194	13
197	2
198	6
Market 198
12	1
15	2
17	14
24	13
25	6
26	1
32	14
39	11
44	13
79	7
98	6
124	12
127	14
138	2
143	13
159	14
161	3
165	4
171	15
174	11
180	13
182	4
186	3
188	3
194	1
Market 23
6	13
7	10
10	14
14	15
26	11
27	3
28	10
32	7
33	8
35	15
38	10
39	2
42	13
44	2
46	5
57	1
62	10
67	2
72	9
74	1
76	4
79	8
84	5
92	9
97	1
98	3
101	14
104	6
107	6
108	12
112	10
115	10
118	1
127	6
130	10
134	2
137	2
156	12
159	11
169	11
174	6
178	3
185	9
191	9
192	10
198	11
Market 177
5	8
6	7
12	14
13	4
14	8
17	1
27	14
32	1
34	1
37	7
43	4
44	15
49	6
51	6
55	5
56	2
58	4
64	15
70	12
74	7
75	8
79	7
83	8
84	2
85	5
99	11
104	13
105	15
115	8
116	9
124	9
126	3
128	14
134	9
142	13
145	13
150	10
152	6
154	9
161	13
166	8
169	14
172	11
181	1
185	5
186	7
190	5
195	7
196	9
198	8
Market 49(F)
1	1
2	5
3	2
6	2
12	6
14	14
15	9
26	3
29	9
30	1
36	12
56	15
57	8
58	11
63	9
64	14
68	11
75	13
79	11
80	4
82	15
83	14
85	15
91	5
98	5
99	15
103	8
105	1
107	13
110	2
112	4
113	11
118	15
120	11
121	10
124	15
126	11
128	14
137	7
138	13
140	7
150	2
152	10
156	13
162	9
168	5
175	3
181	14
183	13
190	3
194	11
196	13
Market 43
1	4
2	3
4	6
5	12
6	5
10	7
12	7
13	12
14	2
17	8
18	6
26	9
27	14
28	12
33	11
39	10
44	6
46	11
56	15
67	4
68	1
69	12
74	5
79	12
81	14
82	3
83	5
84	8
89	13
97	11
99	5
101	11
104	14
108	14
109	14
111	15
115	8
119	8
120	2
121	9
124	12
127	12
128	7
129	9
137	1
141	1
142	7
143	12
145	9
151	14
155	10
167	15
169	8
171	11
172	3
174	6
179	10
181	11
182	7
184	10
185	1
188	10
190	15
191	14
192	2
194	6
197	14
Market 15
1	12
2	1
6	7
10	1
13	1
17	5
18	4
19	9
22	11
26	11
33	6
35	12
36	9
39	8
44	15
47	15
50	4
59	1
61	14
67	8
68	2
72	15
75	14
78	3
82	12
83	6
87	4
89	15
91	8
92	4
95	11
98	8
99	3
104	12
108	11
116	14
119	4
120	14
126	14
127	3
133	9
136	7
149	12
150	5
152	7
154	7
159	11
160	7
161	11
165	14
171	14
175	11
181	6
182	9
185	4
194	7
196	11
198	2
Market 51
1	3
5	9
10	15
12	4
14	14
15	5
17	8
25	11
26	1
27	4
28	1
32	5
38	3
42	9
44	10
50	12
61	6
63	5
72	2
73	5
74	13
75	12
76	6
81	15
91	8
92	12
98	11
99	8
103	9
107	6
110	9
113	11
116	2
118	14
127	14
132	7
137	4
141	14
142	2
153	10
155	5
160	9
171	10
172	2
175	1
182	13
186	6
194	5
Market 90
2	4
17	4
68	9
75	3
89	4
103	15
105	13
143	6
152	12
165	11
169	9
173	3
183	9
198	12
Market 181
1	8
3	14
10	10
12	1
13	10
14	7
16	4
17	13
25	14
27	10
30	6
32	5
34	5
35	2
36	14
42	4
44	1
45	14
47	2
50	10
51	9
58	7
59	10
66	4
72	9
75	8
79	6
81	8
84	9
87	3
89	2
91	3
92	8
95	2
96	5
97	1
99	10
101	2
105	15
113	1
116	2
118	13
120	12
124	10
126	15
127	6
129	13
142	14
145	5
156	8
162	3
172	11
175	11
182	4
186	12
194	15
199	8
Market 20
1	6
2	10
3	10
5	10
14	1
17	12
26	8
28	10
32	1
39	6
42	8
44	9
64	12
67	1
68	13
79	13
89	4
101	3
113	10
127	4
143	2
151	5
157	11
164	14
166	11
171	13
174	6
178	14
184	9
186	15
192	9
197	5
199	7
Market 136
2	11
3	13
28	15
32	4
39	3
56	3
64	9
83	2
87	13
101	11
103	11
129	3
143	13
147	15
156	5
161	3
168	6
171	13
178	6
181	3
191	8
Market 175
1	13
2	4
3	6
4	7
12	11
13	6
16	15
17	8
18	4
22	13
25	9
27	7
33	11
34	10
39	9
42	9
43	10
44	9
46	5
51	7
53	1
54	4
57	3
58	15
59	15
61	7
64	4
67	6
68	8
73	10
75	12
76	13
77	1
82	14
83	15
84	9
85	15
90	12
91	2
95	10
97	12
99	10
100	5
101	3
103	11
104	15
109	5
111	14
113	7
115	6
120	10
121	14
124	10
130	13
133	1
144	9
149	8
152	14
154	11
156	10
159	12
165	12
167	12
169	6
171	11
174	9
175	13
178	5
181	12
182	15
183	15
190	9
191	9
192	4
194	9
198	11
Market 74(F)
1	2
2	7
5	2
6	5
10	15
12	6
17	4
22	9
25	7
30	4
32	7
33	8
42	1
44	2
51	13
56	8
63	1
66	1
67	15
75	6
81	10
82	11
84	4
89	10
92	12
97	6
98	11
103	3
111	7
120	15
121	12
124	1
126	12
127	12
128	4
129	6
142	10
155	15
158	10
161	10
162	3
165	5
172	4
175	2
177	10
181	15
182	7
187	10
191	10
Market 180
2	10
3	8
5	7
6	5
15	8
17	11
19	6
24	9
28	11
29	2
32	11
33	15
34	9
42	4
50	3
56	7
64	8
68	7
75	8
79	3
83	4
84	5
85	9
87	12
89	6
91	6
97	7
99	2
101	11
121	9
127	9
146	8
149	10
151	14
153	6
157	3
167	7
171	9
172	13
174	9
175	7
177	10
187	10
188	4
190	11
191	7
192	1
196	13
Market 37
1	11
3	7
8	6
10	13
12	14
15	12
19	2
21	4
23	7
25	4
26	10
27	11
33	9
35	13
46	11
50	2
53	5
56	3
58	12
60	4
62	2
63	7
64	4
67	15
68	2
74	10
79	1
83	9
84	1
91	1
94	3
97	4
99	5
101	8
112	9
115	14
120	10
121	7
129	7
131	8
138	1
143	5
144	13
165	10
168	5
171	10
175	9
186	9
188	10
190	5
194	14
196	3
Market 113
14	5
21	13
24	3
25	4
26	8
27	6
36	5
39	5
46	10
50	3
58	3
67	1
72	3
73	2
74	1
75	3
79	8
81	1
83	8
84	8
87	3
88	6
89	1
91	14
92	7
94	11
97	13
98	12
99	12
101	11
104	10
105	15
107	5
112	3
113	11
114	5
115	13
118	15
120	6
124	8
125	15
129	5
131	10
146	13
152	14
153	6
160	11
169	4
171	4
174	6
178	6
179	12
184	6
188	5
189	10
190	14
191	8
195	13
196	3
197	3
199	12
200	11
Market 140
26	15
63	15
67	4
75	15
79	2
89	6
92	13
97	3
113	8
138	15
141	5
150	14
152	6
154	12
161	2
162	14
165	8
169	8
171	14
174	3
188	11
191	3
195	9
199	14
Market 148(F)
2	8
17	8
39	3
50	4
79	5
127	4
143	10
152	15
154	12
156	3
158	6
162	2
166	4
168	13
178	7
183	12
185	15
186	12
191	13
195	11
196	6
200	15
Market 155
1	3
4	15
5	4
9	7
25	13
29	9
33	4
35	3
41	7
44	3
57	11
58	15
63	2
74	3
80	6
87	9
91	7
92	14
100	8
101	4
103	7
104	12
107	2
110	8
116	3
120	14
127	1
128	10
135	11
137	9
143	11
150	4
151	4
157	12
158	4
168	12
173	1
174	14
178	12
180	6
183	5
185	4
189	1
192	1
Market 67
1	12
8	6
14	12
21	8
24	5
25	15
26	15
27	9
29	7
32	5
34	5
35	13
36	1
39	6
41	10
42	3
46	3
50	9
56	4
57	11
60	10
63	8
64	6
67	10
73	10
74	14
75	4
81	5
83	11
84	15
92	8
94	14
98	15
99	2
103	12
104	7
105	5
110	13
112	13
113	2
115	8
118	15
123	7
124	3
125	14
129	13
134	8
141	1
143	15
150	10
151	7
153	7
154	2
169	3
171	1
173	1
174	14
177	6
178	6
181	7
184	5
191	4
194	8
197	10
Market 135
1	12
3	9
5	4
10	14
13	13
15	1
16	3
18	7
19	6
22	2
25	6
26	10
28	14
32	13
33	12
36	2
39	2
45	13
47	7
51	5
54	4
56	6
58	15
61	9
63	8
67	12
72	10
75	6
78	9
79	14
83	10
87	1
91	3
96	15
98	13
99	15
104	8
116	6
121	14
124	4
126	6
155	15
158	9
177	12
185	8
193	5
197	1
Market 57
10	13
12	15
16	10
22	13
24	15
27	10
28	9
29	2
32	15
33	5
36	11
41	11
44	9
54	11
56	6
59	4
62	10
74	8
75	2
81	2
82	12
83	4
85	12
89	13
92	15
97	3
99	4
101	13
103	13
105	4
108	10
112	10
113	13
116	9
119	3
121	2
122	10
128	4
137	10
141	12
144	9
153	10
156	12
159	15
165	10
170	8
181	3
184	3
188	14
190	4
192	3
194	15
196	11
198	14
Market 42
1	8
3	2
39	3
50	12
68	7
124	10
143	6
151	8
154	7
157	8
161	3
166	8
171	2
174	8
178	10
182	3
184	4
192	1
196	15
Market 195
1	11
3	11
4	4
10	10
14	8
24	15
26	7
27	15
28	2
29	7
30	6
32	7
37	4
45	2
48	13
49	7
51	7
54	12
56	8
58	5
59	12
61	4
62	2
70	14
72	11
75	11
78	9
83	15
85	5
87	15
89	9
90	7
96	12
97	11
99	5
101	9
103	8
105	15
107	15
109	10
110	5
111	12
113	4
116	1
122	4
125	7
127	13
128	4
129	14
133	14
136	14
137	13
140	1
143	6
144	2
150	2
162	10
165	13
175	14
185	12
188	2
194	11
198	11
Market 14(F)
2	7
4	11
12	6
19	9
25	6
26	10
41	7
44	14
50	10
75	6
97	7
103	8
107	7
108	10
112	6
113	11
121	9
124	4
166	2
168	8
171	4
186	3
188	6
191	3
Market 187
1	10
2	11
3	3
5	2
10	14
15	14
19	15
21	1
25	3
26	3
27	5
28	3
29	14
36	1
39	2
41	1
42	6
44	13
45	12
53	15
58	5
60	15
67	9
68	7
72	3
74	15
75	14
76	13
80	5
81	13
83	14
87	12
94	12
96	13
104	1
112	2
113	3
116	10
120	12
124	13
125	6
126	14
134	12
150	11
158	15
160	5
169	10
174	6
177	3
178	9
190	13
193	4
194	13
197	5
Market 39
1	13
2	12
3	10
5	11
7	15
10	1
15	7
17	4
25	2
26	7
27	8
29	1
32	12
35	13
37	15
39	2
41	7
42	2
43	9
50	2
53	15
56	14
62	5
63	7
64	8
67	2
68	7
75	8
76	5
81	7
83	4
86	7
91	12
96	10
97	6
99	10
101	6
102	1
103	15
105	12
108	15
110	8
118	15
120	11
121	10
127	13
129	15
134	11
137	3
153	5
155	10
156	5
161	12
166	7
172	4
174	7
177	9
178	3
183	15
186	2
187	12
188	2
191	4
192	14
196	8
Market 192
1	3
2	7
3	2
5	10
13	12
15	14
19	7
22	6
28	11
29	6
36	12
39	7
41	9
42	2
44	5
58	11
63	8
67	13
68	12
74	9
81	13
82	5
83	4
84	10
87	15
90	11
97	6
98	8
101	11
103	9
105	15
115	11
125	8
134	13
141	12
143	11
150	13
152	10
156	13
161	12
162	15
167	1
168	3
169	14
174	2
175	7
177	10
178	6
179	1
188	15
191	11
197	13
Market 36
19	11
28	8
67	3
79	13
83	2
98	2
101	3
103	1
129	2
140	13
141	5
145	7
152	1
156	5
160	15
161	14
166	14
169	14
171	2
174	9
175	15
178	4
179	4
181	13
186	9
188	1
190	10
197	3
198	10
Market 64
2	1
3	8
4	9
5	6
6	3
15	15
26	13
35	2
58	1
62	1
76	4
79	7
89	8
92	8
97	10
101	15
103	8
105	11
107	10
112	12
121	3
129	4
143	5
147	5
156	8
158	8
166	9
169	15
177	1
181	8
188	3
194	12
196	1
200	13
Market 163
1	11
2	11
4	15
6	4
10	8
14	4
15	8
16	2
19	6
21	10
22	13
26	5
28	1
33	6
37	9
39	6
41	12
42	14
43	7
48	3
49	3
50	15
52	2
59	13
63	8
64	12
68	10
71	3
73	7
74	11
76	8
78	4
81	14
84	2
87	11
89	5
97	12
98	12
109	14
112	9
115	9
116	4
118	7
119	3
150	6
152	1
157	14
158	5
159	11
168	6
169	10
171	10
175	5
178	6
180	11
188	11
191	2
198	5
Market 26(F)
2	8
12	3
14	12
17	9
19	3
21	4
22	5
23	5
29	4
32	14
33	1
34	15
36	5
38	1
41	15
42	1
44	7
47	2
53	9
56	5
57	6
61	14
62	11
63	5
74	6
84	7
85	3
89	12
94	8
96	2
98	7
99	4
101	7
103	15
105	15
118	7
125	1
126	11
134	12
137	7
147	8
150	5
161	6
165	1
169	13
171	3
174	11
175	5
178	3
181	15
186	13
188	6
192	5
194	8
195	5
196	2
Market 31
1	2
4	11
5	14
6	8
8	13
12	6
16	14
17	12
19	6
21	12
22	3
23	14
24	7
25	6
26	1
27	2
30	4
32	6
33	6
36	14
38	14
39	6
42	3
44	8
45	15
46	2
50	12
53	12
54	15
56	7
57	2
58	2
59	3
61	10
62	2
63	15
64	8
66	5
73	3
74	2
76	11
83	1
84	4
87	6
88	2
89	9
91	6
96	8
97	5
100	14
101	6
103	2
104	5
105	6
107	14
108	12
109	15
110	15
112	13
113	8
114	5
116	1
123	11
126	13
127	10
128	11
129	4
136	11
148	8
150	10
161	5
166	12
167	8
169	15
171	7
172	14
175	12
177	15
181	4
182	4
185	4
187	11
190	6
191	7
194	3
196	9
198	15
Market 83
1	11
6	13
8	14
10	8
14	10
15	9
22	7
24	8
25	5
26	8
28	15
32	9
35	9
36	4
38	15
41	7
42	1
44	2
46	3
50	11
53	5
58	8
64	4
67	5
74	10
79	11
81	11
83	7
84	11
88	4
89	9
92	12
94	1
96	13
97	11
98	13
99	8
101	6
103	14
104	13
107	12
108	4
113	7
114	11
118	13
121	11
123	13
127	8
129	5
141	2
150	7
154	14
161	11
162	4
168	3
169	2
171	3
174	15
181	11
183	5
185	8
188	6
194	3
195	1
196	9
Market 123(F)
2	13
5	14
6	6
11	2
12	8
15	13
17	8
18	13
27	10
29	4
34	12
36	13
39	5
41	13
42	8
44	8
45	3
47	6
56	11
62	3
65	5
72	3
74	9
76	15
81	3
87	11
95	6
98	3
105	3
110	2
111	9
126	3
127	14
135	12
137	9
141	10
164	12
167	7
174	13
175	12
179	13
182	7
184	15
191	12
192	3
197	6
Market 186
2	6
3	12
17	5
25	12
39	9
50	11
63	10
64	10
67	15
68	14
89	15
101	9
105	6
141	3
143	6
147	4
149	2
152	8
154	3
161	13
169	5
172	7
174	2
175	7
177	11
181	4
182	12
186	15
188	13
189	12
191	7
195	8
196	13
198	14
200	13
Market 84
2	14
15	14
17	1
19	10
24	3
28	11
34	15
39	15
56	6
63	9
64	3
75	7
79	5
82	4
85	5
87	5
89	11
103	3
113	7
116	9
126	7
127	1
128	4
141	3
149	3
152	8
159	6
161	12
170	15
172	6
175	1
177	13
185	3
190	5
191	12
194	7
196	15
198	6
Market 55
2	15
3	9
5	3
12	5
13	1
14	2
18	15
21	3
22	10
26	12
28	13
29	2
30	1
32	5
33	9
34	11
36	11
41	14
42	10
43	5
45	3
46	2
47	15
50	3
52	5
53	10
57	4
58	4
59	3
61	7
62	4
63	14
73	6
79	8
82	12
87	9
89	9
90	14
93	10
95	3
96	6
97	11
99	13
100	14
101	8
105	4
107	5
113	2
114	9
116	15
120	1
126	5
127	9
128	2
129	14
137	13
141	1
142	12
150	11
153	11
155	13
160	9
182	3
188	13
191	6
195	12
196	5
199	12
200	2
Market 188
2	1
3	6
39	14
79	7
92	7
105	3
113	15
141	10
143	10
147	3
154	13
157	8
166	9
167	3
169	4
171	12
174	5
175	8
179	5
184	4
186	5
188	11
192	15
194	2
Market 124
2	4
5	11
42	14
68	9
75	10
89	7
142	6
143	15
146	2
153	1
156	6
160	10
166	2
173	5
174	13
175	13
178	4
181	15
183	8
190	1
194	10
196	6
197	4
Market 122
3	13
5	14
17	11
25	8
26	12
28	4
29	4
32	3
33	4
39	1
42	9
44	5
50	10
63	14
64	11
67	2
79	5
81	10
84	11
103	14
105	12
115	5
124	1
127	9
140	3
141	7
143	14
144	5
161	4
162	15
166	6
170	7
171	6
175	11
178	14
181	8
185	9
190	5
192	2
194	8
196	4
Market 102
2	13
3	4
5	2
15	4
17	13
19	12
26	8
28	3
36	7
39	1
42	5
63	12
64	3
67	10
68	6
75	1
105	13
113	12
138	15
141	8
143	14
150	12
156	6
159	14
162	12
165	13
167	6
168	5
174	13
177	3
178	5
180	10
183	13
185	10
188	9
194	2
198	11
Market 78(F)
5	11
6	11
19	11
24	13
25	9
29	15
31	13
32	2
37	9
39	7
41	13
46	12
49	13
52	6
56	7
58	14
62	8
63	11
67	8
70	11
73	1
74	4
75	13
81	9
84	14
85	15
87	3
89	4
92	9
93	5
95	14
98	4
101	10
103	10
108	9
110	9
113	6
116	5
119	6
124	12
127	9
129	6
134	3
137	4
142	14
162	7
165	14
169	3
171	3
172	8
174	5
175	15
179	15
187	15
188	14
189	7
190	3
194	15
196	14
197	2
Market 146
1	8
3	9
15	4
17	11
24	4
25	11
30	15
32	3
34	4
35	3
36	12
39	12
44	6
47	15
57	11
61	11
64	2
68	10
77	6
84	13
85	8
95	1
96	11
97	4
101	8
103	8
104	11
105	9
111	14
113	2
116	3
120	7
124	3
126	10
127	7
133	11
141	9
145	6
153	13
155	1
161	15
167	11
172	6
187	12
190	4
191	12
192	7
199	11
Market 93
3	2
4	11
6	2
11	1
15	6
18	13
22	5
32	2
35	9
39	3
41	12
45	14
50	1
56	7
57	6
58	5
61	3
67	14
72	4
74	13
76	10
79	14
81	8
83	13
85	8
87	11
89	14
92	3
96	2
98	6
100	5
103	10
104	14
107	8
111	11
120	5
127	15
129	3
135	9
137	14
141	2
142	9
146	5
153	4
156	9
161	15
164	5
166	7
168	7
169	15
175	10
179	11
181	1
183	4
184	7
186	14
191	9
Market 118
3	3
24	12
25	14
32	9
44	13
64	14
67	14
68	15
79	10
82	10
95	12
98	2
105	15
115	12
127	12
138	11
143	3
144	14
150	11
152	5
156	1
162	10
175	1
181	3
188	11
190	7
196	6
198	8
Market 150
1	14
3	13
15	4
17	10
26	8
28	6
29	4
33	10
36	12
39	11
50	1
67	1
68	5
75	2
81	2
89	12
98	2
101	10
104	1
105	1
108	9
124	12
138	13
141	10
142	1
145	1
152	2
155	6
164	3
165	9
179	4
181	15
182	3
184	1
188	4
191	12
194	5
196	13
Market 19(F)
3	1
14	1
15	12
16	4
17	11
18	7
21	12
24	12
27	4
28	3
30	7
32	15
36	15
39	11
41	15
42	11
44	15
45	10
47	12
50	10
57	8
63	13
64	15
66	15
81	7
83	4
85	5
87	10
89	14
92	2
98	12
100	12
103	3
104	13
105	7
107	3
109	5
112	7
113	15
118	4
120	6
121	14
123	7
124	5
126	5
127	5
128	6
129	14
132	3
133	10
135	6
137	6
141	14
143	12
144	8
150	5
158	9
161	2
167	11
178	12
182	9
183	6
189	5
190	1
191	8
192	9
198	9
Market 139
2	4
9	2
10	6
14	8
15	3
21	6
22	10
29	4
30	12
33	2
34	15
35	6
41	1
42	14
44	7
50	15
57	7
67	15
68	8
72	5
76	8
81	5
82	5
83	3
84	7
87	12
92	4
95	8
96	2
97	11
98	14
100	10
103	6
105	8
108	2
109	12
112	5
116	3
121	4
124	1
126	5
128	15
129	1
132	15
135	10
141	5
155	11
162	12
165	13
169	8
172	12
174	5
175	2
182	11
185	2
187	1
188	15
189	4
191	8
197	3
Market 85
3	3
7	10
15	9
19	7
21	1
22	5
24	11
25	2
28	6
29	2
31	5
35	13
36	8
43	12
46	13
57	3
59	3
62	5
63	4
64	1
67	9
79	14
83	14
85	12
90	1
93	15
103	9
105	13
108	14
110	12
113	11
120	6
123	15
124	8
145	10
160	8
161	8
164	10
166	4
175	8
179	4
186	5
190	1
191	4
197	4
Market 99
2	13
7	5
12	11
14	12
15	14
17	11
21	13
22	4
25	8
27	5
32	13
35	2
36	2
37	3
39	5
41	7
46	9
50	10
53	1
58	14
62	1
63	6
67	1
72	14
74	2
75	13
83	9
84	13
86	10
99	12
101	1
102	3
104	1
112	1
113	15
114	15
121	7
124	1
125	11
127	8
134	1
137	11
146	13
147	7
150	12
153	5
154	13
161	6
175	1
181	15
184	5
186	13
191	7
192	9
194	4
Market 158
3	15
15	4
24	13
25	5
26	2
33	7
39	6
42	2
63	3
64	10
75	1
89	7
92	12
97	5
98	9
99	2
101	14
113	2
115	13
124	9
146	3
151	7
152	6
157	4
161	8
164	3
166	10
169	9
178	6
186	11
188	4
196	8
199	5
Market 119
4	2
6	3
9	15
11	4
13	7
15	12
17	13
21	12
22	6
25	13
26	3
28	13
29	3
30	14
36	5
37	2
45	15
50	15
53	7
56	5
57	12
61	12
62	7
66	10
68	14
76	14
81	5
82	12
83	13
85	10
89	14
91	11
92	2
94	1
97	10
109	14
110	6
111	12
116	7
123	6
126	10
127	9
132	13
136	11
137	2
143	4
151	8
155	7
157	9
160	9
164	13
171	1
172	10
175	3
177	9
179	12
181	6
182	6
185	13
188	8
192	12
197	14
Market 168
3	3
4	13
5	15
9	11
12	10
26	14
29	9
30	4
33	6
36	3
41	11
47	7
50	1
53	10
56	9
57	6
63	13
64	10
72	2
76	6
79	12
82	14
84	1
89	9
92	11
96	14
98	10
101	9
103	2
105	3
112	12
113	12
116	12
120	1
124	7
127	8
128	12
135	7
143	12
148	11
150	2
156	10
157	4
162	9
163	10
166	14
169	14
174	10
184	13
186	7
188	3
192	10
194	9
196	1
197	9
Market 38(F)
1	10
3	4
15	7
17	1
25	9
27	5
28	15
32	2
36	11
44	6
50	14
64	5
67	7
68	6
73	2
75	9
79	12
101	6
129	10
139	6
152	15
154	8
159	11
162	14
169	12
170	2
175	9
177	12
178	12
181	4
182	12
184	2
185	6
190	3
191	14
194	11
196	15
197	13
Market 76
2	13
3	12
6	14
10	11
14	11
15	6
16	10
19	9
22	11
26	7
30	13
33	9
34	4
36	9
42	9
44	13
45	13
54	8
61	14
64	13
66	3
68	15
72	12
81	8
83	10
85	13
87	4
91	2
99	11
101	6
103	6
105	15
108	1
111	12
115	7
116	6
127	2
138	10
143	5
144	8
148	12
154	4
161	2
167	5
169	2
171	9
177	12
182	7
186	14
187	14
190	7
191	2
194	1
198	7
Market 104(F)
25	1
28	12
32	11
42	14
63	15
64	9
79	12
84	6
89	15
105	7
145	9
161	4
166	3
167	15
177	12
181	4
185	10
190	11
191	4
Market 179(F)
2	4
5	10
10	1
12	5
16	15
17	6
19	11
21	11
24	8
26	8
27	10
32	4
33	5
37	14
39	7
42	1
44	4
48	14
51	11
53	14
56	9
57	7
58	2
59	5
60	4
61	11
66	14
67	9
72	15
73	4
74	8
78	8
82	9
85	8
88	11
89	9
91	15
95	15
96	8
98	1
99	4
101	9
105	10
107	9
110	8
111	2
112	13
113	7
115	4
116	5
118	11
119	5
120	12
123	13
131	15
134	5
136	5
137	4
143	8
144	9
150	5
156	2
159	3
169	6
175	15
178	4
190	5
191	13
198	10
Market 170
17	8
28	14
63	12
64	14
67	4
68	5
75	15
89	11
98	2
103	11
113	9
124	6
127	2
147	11
150	10
152	1
154	5
165	12
169	12
171	6
172	10
175	4
177	15
181	2
187	8
191	6
193	1
197	12
199	11
Market 174
2	13
5	13
26	11
39	2
50	15
63	8
68	9
75	2
101	5
127	4
138	10
143	6
161	10
165	2
185	14
186	9
189	1
190	3
191	2
194	1
199	6
Market 199
1	1
2	2
3	13
4	15
5	14
10	13
11	14
13	14
14	15
15	2
16	3
19	6
20	6
22	12
24	9
25	3
27	13
29	9
30	6
31	15
32	4
33	1
37	12
43	8
44	4
45	3
46	7
50	4
52	12
53	1
57	2
59	10
61	3
62	11
63	2
64	15
65	3
66	9
67	3
68	2
71	2
72	2
73	8
80	14
83	12
89	11
91	2
92	2
96	12
98	14
101	4
104	9
105	2
107	13
108	2
109	15
110	2
112	10
113	6
114	5
116	8
118	7
121	2
123	5
129	1
132	9
134	13
135	2
140	11
143	6
150	4
153	13
156	9
162	14
166	1
174	10
175	7
178	8
181	6
185	6
188	3
192	4
194	15
195	2
198	4
200	8
Market 169
1	2
2	10
3	10
4	1
9	13
15	8
21	11
24	8
25	4
26	12
27	14
33	6
36	5
42	6
47	3
50	9
53	3
62	10
63	7
73	12
79	11
80	6
82	14
85	13
91	7
105	2
110	1
112	1
113	5
115	3
120	9
121	9
124	13
135	9
137	2
141	15
142	6
143	8
145	13
150	14
153	13
156	4
160	5
166	4
167	9
172	2
178	3
181	14
182	7
185	15
186	14
187	9
188	1
191	8
192	6
199	11
Market 24
6	8
15	3
17	2
26	12
36	4
50	12
98	6
103	7
105	4
121	11
141	1
143	2
150	7
151	1
156	13
164	9
166	3
179	5
181	15
184	13
188	6
190	10
192	14
194	15
197	7
199	7
Market 5(F)
1	15
2	13
4	7
5	9
6	13
11	10
12	13
14	12
17	14
21	8
24	3
25	5
26	10
29	6
35	13
36	2
39	14
50	11
57	9
58	8
67	10
68	11
73	1
75	10
79	5
84	4
91	5
92	15
97	6
99	11
100	6
103	3
105	6
108	15
110	11
116	2
118	2
126	4
128	12
135	2
137	9
141	11
143	6
152	3
158	11
168	9
169	1
172	3
179	2
183	6
192	12
193	9
197	12
Market 79
2	2
3	6
5	4
6	11
9	5
11	5
12	12
15	1
21	9
24	7
25	5
28	5
29	7
30	13
32	2
33	6
34	6
36	13
41	1
42	15
47	6
50	8
56	13
57	1
62	4
63	13
64	7
67	8
68	4
73	14
80	9
82	15
85	12
87	3
89	4
95	13
96	3
98	11
99	3
101	8
105	11
109	1
112	6
113	15
115	10
116	8
121	1
124	15
126	3
127	15
128	12
129	6
135	5
137	14
141	3
143	8
147	7
150	12
153	12
168	12
175	15
178	6
183	13
186	5
191	6
195	15
Market 194
3	7
15	8
17	4
25	2
75	2
103	15
113	14
138	4
141	3
143	11
150	5
154	7
155	4
159	9
161	10
162	5
165	15
166	5
168	15
171	11
172	4
175	7
186	1
191	7
194	11
196	6
198	7
200	3
Market 165
1	4
5	2
12	5
13	11
14	8
15	1
16	3
18	5
19	3
24	10
25	11
26	11
27	10
28	3
33	10
34	2
42	7
44	13
48	14
51	9
54	1
56	8
58	8
59	8
61	5
63	4
66	9
68	10
78	14
79	2
81	5
83	2
84	9
87	9
89	14
95	13
99	7
101	5
103	11
104	3
105	11
108	13
109	14
113	14
119	14
120	6
126	2
133	8
140	9
141	4
150	3
153	10
161	4
171	3
172	8
175	14
177	11
182	8
185	6
187	7
190	1
194	1
Market 141
4	8
11	8
15	4
17	6
21	10
24	3
26	9
29	1
32	8
34	13
36	6
38	12
39	13
44	13
47	4
50	11
53	5
56	10
57	7
63	3
64	15
67	3
72	1
73	12
75	12
79	8
83	14
91	6
92	13
94	5
99	1
101	6
104	6
105	4
107	14
108	7
110	5
113	1
115	3
118	11
123	12
127	13
135	7
138	1
143	13
154	5
159	11
161	2
165	14
167	6
169	13
175	10
182	14
187	13
188	1
194	7
196	14
Market 176
1	5
2	8
5	6
26	4
36	5
42	5
50	3
63	13
67	2
68	2
75	4
89	8
92	7
97	1
141	3
143	13
151	9
164	12
166	5
167	15
171	4
175	7
177	5
178	7
184	3
187	10
196	1
Market 100(F)
3	15
4	4
15	14
17	4
19	8
26	1
28	10
29	5
33	15
39	7
42	4
46	12
58	7
73	14
75	15
81	6
83	11
84	5
92	3
97	9
108	10
113	12
127	7
140	13
141	2
143	13
150	12
153	12
154	12
155	5
161	6
165	15
172	2
174	6
182	4
186	13
187	9
191	8
199	3
Market 191(F)
12	6
17	10
19	2
20	1
25	13
26	6
27	12
31	12
32	4
33	11
35	5
37	1
41	1
42	5
43	1
44	13
50	11
55	9
58	15
59	5
63	5
66	2
67	9
68	10
71	3
73	9
74	2
75	4
81	7
82	8
87	7
90	5
93	2
95	6
97	13
98	7
101	12
103	2
104	14
105	7
107	12
108	1
112	10
113	8
115	15
121	3
123	3
124	10
126	9
127	6
129	3
137	5
141	14
143	2
144	7
152	3
156	3
162	14
165	13
169	14
171	15
174	13
175	13
178	3
184	7
185	4
190	1
192	11
194	5
196	14
197	9
Market 41
2	3
5	5
14	13
15	11
19	10
22	9
24	10
26	10
27	12
31	7
32	12
33	6
35	13
37	5
39	3
41	10
42	2
43	7
49	6
50	5
56	13
58	3
59	9
63	11
64	6
67	7
68	6
74	12
76	9
79	6
83	4
87	10
92	5
97	10
98	13
99	13
105	15
108	11
113	4
117	10
123	14
125	12
129	15
134	4
137	3
138	8
141	9
143	10
144	14
150	3
152	13
156	3
161	2
162	11
165	9
168	13
171	3
174	6
175	5
177	11
180	15
181	3
185	15
188	7
192	8
196	14
Market 73
1	14
5	4
6	4
10	4
12	9
13	15
14	10
16	1
17	12
19	11
22	7
24	13
25	4
27	12
29	12
30	10
32	14
36	5
37	10
42	10
44	15
51	10
54	3
56	2
62	3
63	2
64	9
66	2
68	5
73	10
74	15
75	12
78	10
79	4
81	2
84	13
85	10
89	8
92	7
95	9
97	2
98	7
99	8
101	13
103	4
104	4
105	5
108	2
115	11
116	6
119	8
121	2
124	2
128	14
136	13
140	14
141	8
143	10
150	7
153	8
154	13
157	11
161	12
166	4
169	6
171	1
174	8
190	4
192	8
197	11
198	5
Market 193(F)
1	13
2	12
5	9
10	13
12	5
13	5
14	11
16	11
22	7
24	5
28	13
34	6
37	1
44	7
46	2
48	2
50	4
54	4
58	10
62	2
63	10
66	3
67	7
70	11
73	10
74	14
78	1
82	12
83	3
84	4
87	12
89	3
92	6
95	9
98	4
101	11
103	6
113	6
116	1
121	10
124	7
126	6
140	6
141	9
142	13
147	6
150	6
153	9
160	5
166	13
168	11
169	15
173	3
175	7
181	8
186	3
188	15
190	14
194	12
Market 2
3	15
5	10
6	2
12	13
15	4
17	3
24	6
27	12
28	11
32	11
44	6
50	12
61	12
64	11
68	13
75	4
79	9
83	13
89	2
98	14
99	11
103	1
113	15
115	5
116	8
120	9
121	8
127	2
128	8
129	15
141	11
147	13
150	4
153	13
156	2
175	3
181	3
186	8
191	5
194	13
196	11
Market 10
2	10
6	12
17	9
25	2
26	2
28	9
32	5
44	2
63	6
64	14
67	6
68	8
84	4
89	3
103	15
113	8
124	6
129	15
141	15
147	9
150	11
155	8
156	7
169	12
171	3
172	2
174	14
175	15
178	12
181	1
186	8
188	5
190	14
191	8
192	2
194	6
195	8
Market 81
2	1
4	12
5	8
8	9
14	13
16	1
19	9
21	10
26	11
32	6
33	1
35	11
36	6
38	6
41	3
58	8
59	8
62	6
64	12
66	6
68	7
72	2
75	5
76	3
79	13
82	14
91	4
94	12
101	9
105	8
108	7
110	14
112	13
113	8
118	5
119	10
121	10
124	1
125	15
126	4
129	2
135	13
140	9
141	1
143	13
157	14
160	3
164	2
169	14
171	1
175	8
178	4
184	14
185	5
186	12
191	14
Market 30
2	6
14	12
15	3
25	11
28	7
32	4
50	4
83	8
98	12
105	12
127	11
141	3
147	7
148	12
150	2
154	14
156	2
162	1
165	3
166	15
169	13
171	6
178	5
180	2
181	11
184	7
185	10
187	14
189	14
192	10
194	10
Market 110
2	3
3	3
6	15
17	2
19	15
24	10
27	8
28	15
39	8
56	14
75	4
79	10
87	2
89	5
99	2
101	5
113	9
126	13
129	10
138	5
144	7
169	15
178	8
183	11
188	2
190	5
194	7
196	12
Market 44
3	13
39	4
44	14
64	1
67	7
79	11
83	5
127	12
141	11
161	1
165	2
175	2
188	14
189	15
190	10
192	2
193	12
195	9
Market 33(F)
2	13
3	10
9	14
11	11
12	12
21	12
26	7
28	3
32	8
34	12
35	2
36	13
47	7
58	8
61	10
62	10
63	15
64	11
65	4
68	10
80	14
84	12
85	13
87	14
91	9
92	8
99	5
105	1
107	3
111	13
113	7
115	8
116	10
121	4
123	6
124	11
127	9
132	10
135	5
137	2
138	1
144	3
152	13
156	7
162	11
165	2
173	8
180	5
183	6
184	15
186	15
190	6
194	2
196	3
197	6
198	9
Market 127
2	14
4	15
6	3
14	8
15	6
19	5
21	7
24	5
26	11
27	5
28	14
29	8
32	5
33	13
34	7
35	9
38	9
41	14
42	12
44	12
50	1
53	5
56	10
57	14
58	11
60	10
63	1
68	14
74	2
75	14
79	8
83	15
84	13
87	2
89	4
91	1
94	10
96	11
97	13
98	3
99	11
101	15
103	15
104	6
107	1
116	5
123	6
125	9
127	7
129	3
131	12
134	2
150	10
152	8
155	15
157	9
164	6
166	12
172	6
177	2
179	2
182	3
184	5
185	4
187	15
190	13
191	11
192	11
196	15
197	1
Market 147
1	2
2	15
4	11
5	13
6	12
10	2
12	14
13	4
19	11
22	6
25	5
26	14
27	3
29	8
32	1
34	5
36	4
37	6
46	9
51	7
58	14
59	4
63	5
64	15
66	4
70	13
74	15
79	14
83	12
84	2
98	13
99	14
110	11
116	6
120	9
121	5
125	15
128	14
150	8
155	7
162	7
179	13
182	8
185	2
189	7
192	10
196	9
Market 25(F)
1	12
2	2
3	7
5	12
6	9
9	3
10	3
15	15
17	6
19	1
21	1
26	9
27	12
31	15
41	3
43	9
44	13
46	8
53	5
55	2
56	5
59	4
62	1
63	8
64	6
67	12
71	5
72	13
74	10
75	14
76	5
82	9
84	7
85	14
87	7
89	14
91	8
92	7
97	2
100	13
101	8
105	5
107	13
110	10
112	8
113	4
115	5
120	10
121	2
123	12
125	6
126	6
128	1
129	7
130	4
134	7
135	4
137	6
138	14
140	9
142	3
150	13
152	3
155	1
158	15
160	5
162	7
166	4
167	6
169	1
171	15
173	2
175	7
177	5
180	2
182	9
183	1
188	1
189	11
190	2
191	3
192	1
194	7
198	12
Market 47
3	8
5	12
6	4
14	2
16	10
17	7
18	5
19	8
22	3
28	14
33	10
35	6
39	6
41	12
45	6
50	10
58	6
61	10
62	13
63	3
67	10
68	14
72	6
76	6
79	1
81	11
83	4
87	15
89	1
91	6
92	8
95	11
96	12
97	14
98	10
99	15
101	7
103	9
108	13
112	6
115	8
116	9
120	2
121	6
124	5
126	1
127	15
129	14
133	2
141	13
143	6
155	1
169	12
172	8
174	15
177	7
182	13
188	1
190	8
191	3
194	6
196	6
198	2
Market 157
2	12
3	12
5	7
6	15
10	1
12	8
15	14
23	8
25	9
29	6
32	6
34	14
35	13
36	10
44	4
53	10
57	9
58	10
60	8
62	9
63	7
67	7
72	12
73	7
76	14
83	7
91	14
94	15
96	1
98	7
99	6
101	3
104	5
107	12
108	3
116	5
118	5
120	1
121	2
123	10
132	4
141	11
152	6
155	6
156	6
160	1
161	10
166	11
167	8
171	10
172	15
182	11
187	8
188	9
191	15
192	7
198	2
Market 161
1	3
4	12
6	12
12	5
15	6
16	3
17	4
20	4
27	15
29	1
31	8
32	9
33	10
35	1
39	14
42	5
43	8
44	13
46	5
49	15
50	9
55	12
56	14
62	15
63	6
64	12
67	5
71	7
74	6
75	2
76	9
84	8
85	7
87	15
90	15
92	5
93	14
95	1
99	9
103	6
104	13
107	10
108	4
113	9
118	1
119	10
121	6
125	14
127	4
129	9
137	13
140	4
141	15
144	5
150	12
159	13
160	12
161	2
172	7
175	7
182	4
185	9
190	2
191	14
196	10
Market 4(F)
4	5
5	6
6	15
14	3
15	11
17	10
19	6
21	3
25	6
27	13
28	15
32	11
39	13
41	4
42	5
53	1
56	5
57	1
62	13
67	12
68	14
72	1
73	11
74	14
83	8
87	8
89	13
91	5
92	10
94	3
97	2
99	12
103	1
104	14
107	15
108	14
110	6
112	4
116	3
120	3
124	15
132	11
137	11
140	8
150	9
156	5
157	9
165	12
171	15
174	13
175	6
178	6
181	4
190	15
194	1
Market 53
1	12
4	12
7	6
10	13
12	8
14	11
24	2
25	14
29	12
33	8
35	11
41	9
46	10
50	15
53	5
56	2
57	2
58	4
64	10
67	9
72	11
73	12
75	15
76	15
79	12
81	4
83	12
84	15
91	4
96	6
97	14
99	6
101	6
104	13
105	11
110	15
112	10
118	10
121	12
123	12
127	1
129	4
131	1
137	3
143	5
152	15
156	7
162	8
168	7
170	4
171	12
174	6
175	2
181	9
183	1
185	8
191	3
194	8
Market 35
3	7
4	3
6	12
12	9
14	15
17	3
19	3
27	9
29	10
35	7
36	3
39	5
45	8
47	2
50	4
53	5
56	4
63	8
64	9
76	10
79	7
80	11
83	12
84	12
85	3
87	1
89	3
92	14
94	12
96	7
97	15
98	11
99	6
100	2
103	11
110	1
113	10
116	6
120	14
121	6
124	4
126	1
127	13
128	5
129	3
132	11
135	9
137	10
140	7
141	3
144	10
150	13
155	3
160	15
165	14
166	2
167	7
171	11
174	11
175	4
182	1
185	2
188	14
190	14
194	13
198	6
Market 125
1	10
5	11
6	12
15	5
21	9
24	13
29	10
36	10
41	9
42	9
44	15
47	3
50	3
56	11
57	4
58	10
61	3
62	3
72	3
74	1
75	15
79	10
80	8
83	5
85	6
87	1
89	14
91	3
94	3
96	14
97	10
103	10
104	4
105	12
110	4
112	5
113	6
116	3
123	3
124	3
127	9
135	4
137	4
138	10
141	12
147	2
154	13
162	12
166	13
168	5
169	6
174	4
175	3
181	4
195	4
Market 133
1	15
10	9
15	13
22	3
24	11
26	2
29	7
33	3
40	7
42	8
50	14
51	8
56	12
58	4
62	15
63	13
64	6
66	7
67	10
68	8
70	12
75	3
78	6
79	7
90	11
98	4
99	15
101	7
104	11
105	14
108	2
109	13
115	11
116	11
121	11
124	8
126	6
127	10
129	15
134	9
136	2
141	8
143	3
144	11
152	8
153	2
162	15
165	7
169	1
171	9
177	10
180	12
185	7
186	4
188	8
190	11
196	10
198	6
Market 91
3	8
5	6
13	3
14	11
17	15
19	8
24	13
25	4
27	1
28	7
29	13
34	11
35	12
39	12
41	12
42	12
45	6
47	8
54	12
56	13
57	15
59	6
64	2
67	6
74	1
81	2
82	1
83	12
84	3
85	4
87	1
92	10
97	2
98	5
99	4
103	15
105	7
108	11
109	12
115	12
118	9
121	10
124	15
126	13
129	13
133	13
143	1
147	5
150	9
154	13
156	10
162	3
178	15
184	11
188	13
192	7
194	6
195	3
196	4
200	6
Market 156
3	8
5	8
17	6
25	4
28	14
32	7
36	15
42	15
44	3
50	11
63	4
67	11
68	1
74	4
75	13
84	5
92	12
97	10
103	4
104	9
113	2
147	10
161	5
166	11
171	5
175	10
178	10
181	2
186	7
191	1
192	3
195	15
196	1
199	3
Market 13
2	13
3	7
6	15
13	3
14	5
16	7
19	9
22	8
29	8
30	5
37	2
42	1
46	6
50	10
54	8
56	2
58	7
63	12
64	10
67	12
68	3
69	3
74	11
87	1
89	2
97	7
99	1
101	9
105	13
119	5
128	13
141	15
143	5
150	3
152	15
155	8
156	3
158	15
166	6
171	13
178	3
185	8
187	15
193	2
Market 71
1	12
4	11
10	3
12	12
13	15
15	2
17	13
19	12
21	6
25	12
29	15
31	1
33	1
36	10
37	2
39	10
41	11
42	4
44	5
49	3
50	6
55	15
56	9
58	13
62	11
63	15
66	2
68	4
75	9
76	7
81	4
83	7
87	4
90	14
92	5
107	8
110	10
112	10
113	7
115	13
119	15
120	13
124	3
126	2
134	3
137	9
143	2
147	10
161	15
166	6
168	10
169	13
175	14
178	14
183	13
185	6
188	3
194	10
196	7
199	13
Market 29
3	4
6	9
14	6
15	13
17	7
18	14
19	1
24	8
25	14
26	7
29	4
30	2
32	7
36	15
44	8
51	3
58	3
63	9
64	5
67	5
74	7
75	12
79	1
81	1
89	3
92	12
95	5
97	12
104	3
105	6
109	3
119	8
127	9
128	13
134	15
138	7
141	9
152	2
156	13
162	14
168	12
173	3
180	4
183	10
189	2
194	3
196	13
198	10
Market 184
3	13
26	3
39	10
42	14
75	5
92	12
105	6
120	11
129	6
157	10
161	10
162	12
167	9
169	9
172	9
174	15
177	14
179	4
188	3
197	2
Market 65
1	7
2	6
4	12
5	6
8	13
11	8
12	11
14	11
19	13
26	2
28	14
29	8
32	14
33	8
35	15
36	10
39	8
45	7
47	15
50	10
57	1
58	1
62	7
63	4
67	11
72	5
73	15
91	13
92	6
94	5
97	11
98	7
101	4
104	3
107	11
108	12
115	4
118	7
120	8
123	12
124	10
132	15
150	15
160	6
162	8
174	9
175	13
177	1
181	5
185	6
188	7
196	7
197	4
198	10
Market 22
2	4
5	1
6	14
14	9
15	5
17	9
19	8
26	5
39	7
44	12
63	2
67	2
68	2
79	2
83	8
92	8
98	5
105	6
124	10
127	6
147	7
150	12
156	1
161	4
171	10
174	7
175	14
176	2
178	4
181	9
183	4
186	5
188	8
195	9
Market 183(F)
1	1
2	13
4	7
5	9
11	6
14	2
18	2
19	3
22	10
24	6
26	6
27	2
28	9
29	6
30	1
34	8
39	11
45	7
50	8
56	2
57	10
61	10
62	9
63	13
64	13
67	2
68	2
73	8
76	8
81	7
82	14
91	12
95	13
96	6
97	6
101	9
105	4
107	11
109	10
112	10
116	3
128	4
132	6
135	7
139	8
143	3
150	12
165	10
170	2
188	9
190	2
192	6
196	15
Market 152
1	1
5	8
12	11
14	12
26	7
29	12
32	10
36	2
39	15
42	10
44	12
46	4
63	15
67	12
73	11
81	4
83	6
84	5
87	11
97	1
99	12
101	14
103	4
113	8
127	1
141	3
147	10
150	7
156	15
162	11
166	7
169	8
171	12
175	2
177	6
178	14
185	13
186	14
188	1
191	1
195	5
198	15
200	9
Market 92
1	2
3	12
10	1
12	14
13	1
14	14
25	6
26	6
28	4
33	2
42	9
44	13
79	11
87	15
98	10
101	6
103	6
104	3
115	11
143	10
144	3
145	7
150	10
160	3
166	1
169	9
174	6
175	2
181	13
182	1
185	7
187	3
190	7
198	8
Market 59
1	9
2	12
3	2
5	5
6	6
10	4
13	1
14	9
15	1
17	1
18	14
19	5
24	11
25	3
27	6
28	11
30	15
33	6
34	10
36	14
42	15
45	8
51	15
54	4
56	15
57	8
59	6
61	12
68	9
74	12
84	11
85	13
89	13
92	12
97	1
98	8
101	7
103	9
104	7
108	6
113	13
115	10
118	13
119	4
124	1
126	8
128	8
129	5
134	5
136	7
140	13
143	13
150	9
156	13
161	7
166	6
168	9
169	1
171	10
174	11
177	13
181	10
185	14
190	8
191	3
194	4
196	5
198	14
Market 34
1	13
5	3
25	14
26	15
28	4
42	13
50	15
64	5
68	10
75	5
89	2
105	5
113	8
124	13
127	6
141	6
143	4
154	15
162	9
166	10
171	7
172	2
174	5
175	8
184	13
186	4
188	11
192	14
196	12
197	8
Market 178
2	6
15	11
44	10
50	14
64	13
75	8
79	7
105	5
124	8
141	11
143	5
152	2
161	15
166	12
169	14
171	1
174	2
179	11
181	6
186	4
196	2
197	13
200	7
Market 130
3	12
10	5
12	8
36	6
39	9
50	15
58	6
63	10
64	13
74	3
81	7
89	4
99	9
105	6
113	9
124	4
143	2
150	9
152	12
153	4
156	1
158	4
160	7
169	1
171	10
178	14
182	13
190	10
191	4
192	10
197	9
Market 66
2	8
3	6
15	2
17	2
28	7
32	15
44	12
64	1
98	13
127	11
143	4
150	2
152	13
155	3
157	9
164	1
171	13
172	3
179	15
182	1
187	2
188	6
191	4
193	7
197	5
Market 95(F)
4	9
5	10
11	2
12	15
15	1
19	1
24	10
25	11
34	6
36	9
39	4
42	7
44	5
45	1
57	13
58	13
61	13
64	14
68	9
72	5
73	9
76	10
81	2
85	1
87	12
91	1
92	6
98	6
104	7
105	3
110	11
113	6
121	10
123	4
124	11
127	1
141	3
143	10
147	4
154	12
161	4
174	13
175	14
178	5
184	4
186	14
Market 173
2	5
6	3
8	8
10	7
17	5
21	12
27	5
29	7
56	13
62	7
64	3
67	1
72	14
73	10
74	6
79	11
84	8
89	10
91	5
96	5
101	7
104	4
108	8
113	3
114	14
124	14
125	15
129	9
134	5
137	2
141	14
142	4
145	1
155	4
160	14
161	8
166	4
167	2
175	11
177	5
190	12
194	1
196	15
198	14
Market 196
2	8
26	4
63	3
75	12
79	14
83	14
98	10
105	7
141	2
159	14
161	11
167	7
175	7
177	6
179	13
182	1
184	2
190	14
191	2
194	4
196	5
197	13
198	5
Market 21
1	6
8	1
12	11
14	15
19	14
21	15
25	2
28	6
32	7
34	13
39	9
42	1
44	7
53	11
63	3
68	13
73	3
74	1
75	6
79	1
81	4
83	11
87	2
91	12
92	10
98	5
103	10
104	2
105	2
108	3
110	5
113	9
121	6
124	7
125	8
129	12
137	12
141	9
143	8
155	15
161	6
162	7
169	12
175	3
180	10
182	5
188	10
189	7
194	10
196	11
199	14
Market 185
1	8
2	12
3	5
4	9
5	10
6	10
9	6
11	11
17	2
19	6
21	7
25	8
26	12
27	10
28	4
30	3
32	11
34	10
36	1
41	11
42	3
44	12
50	14
53	7
57	2
58	6
61	7
63	12
64	13
68	9
72	3
74	7
79	1
82	13
85	6
91	3
94	9
96	8
98	4
99	3
101	5
108	3
113	15
115	8
118	8
120	14
123	4
126	4
127	10
128	12
129	6
132	13
137	6
141	1
143	6
147	12
150	12
152	10
153	5
155	15
161	6
162	11
165	9
167	5
169	2
171	15
172	15
173	1
174	14
175	14
178	7
181	15
182	11
187	6
190	6
195	6
Market 94
1	15
12	12
15	11
25	6
39	14
50	6
67	14
68	13
103	9
124	6
139	11
156	7
159	8
162	13
165	10
169	3
170	3
173	9
178	12
181	14
Market 154(F)
2	12
3	7
15	7
17	15
24	14
26	9
32	5
36	10
39	12
42	4
50	2
63	10
64	5
67	2
97	10
99	12
101	15
103	1
105	1
113	12
124	1
141	3
143	14
151	5
160	11
164	5
166	3
169	11
171	15
174	13
181	12
184	2
186	5
188	6
191	12
194	1
197	5
199	3
Market 86(F)
3	14
15	12
17	7
50	2
63	9
64	5
67	3
103	11
137	5
143	5
150	7
158	13
172	13
178	12
179	1
180	12
185	3
189	7
191	12
192	9
196	3
Market 144
1	10
2	11
6	12
10	6
17	10
25	13
35	11
37	8
41	14
42	10
49	4
59	11
62	1
63	13
67	8
73	14
84	14
85	9
92	12
99	12
104	10
105	1
110	13
112	5
118	6
121	11
125	10
134	2
137	14
143	5
154	3
161	6
168	10
169	9
178	3
179	2
181	15
186	1
188	11
193	9
199	13
Market 68
1	12
2	11
12	5
39	10
42	13
50	15
63	15
89	2
97	6
101	2
105	6
138	9
141	3
146	1
147	3
150	1
153	11
161	12
165	4
166	14
169	1
171	2
174	12
177	7
186	8
191	12
196	5
Market 32
3	2
19	14
26	8
75	12
97	8
101	13
113	14
143	4
147	10
150	4
151	6
166	12
169	1
174	11
179	4
181	12
186	9
190	7
192	15
194	13
196	9
197	9
Market 138
2	11
3	10
15	7
25	5
75	13
79	1
89	14
140	5
143	8
150	11
162	9
163	8
166	2
168	6
175	12
183	10
184	2
185	10
192	4
196	10
197	3
Depot
