TPP_FSO_CapEuclideo.300.200.7.4
Total Cost:107901
|M*|: 299
Depot
Market 256(F)
10	10
12	6
32	12
42	13
44	6
48	10
57	1
67	10
73	6
87	1
96	12
117	8
127	15
149	3
161	11
170	14
180	10
198	10
Market 268
3	3
17	1
23	1
25	6
31	6
32	9
35	14
38	6
43	12
50	2
54	10
56	2
57	2
65	14
67	14
72	14
77	3
78	15
84	1
89	13
93	8
94	12
101	14
120	4
121	8
155	12
157	15
160	12
161	13
166	3
180	7
182	6
186	6
187	9
190	5
Market 125
11	2
15	2
19	8
20	11
32	6
48	15
50	13
57	5
58	10
61	15
62	7
64	12
70	4
72	3
74	10
76	11
84	14
87	7
89	10
96	11
97	7
101	15
109	4
111	14
112	15
114	13
120	3
131	1
133	14
137	9
142	1
155	10
161	14
165	4
169	2
173	15
174	12
177	8
180	10
184	11
186	8
188	12
193	13
194	4
198	1
Market 190(F)
2	5
15	3
16	8
23	12
27	15
31	12
35	1
37	9
41	12
42	6
56	1
57	5
61	6
66	4
67	10
80	12
82	1
95	14
97	11
98	10
100	12
105	9
111	8
115	7
119	10
121	8
122	3
124	5
127	6
130	13
132	15
133	9
138	1
142	15
146	14
149	2
150	12
152	7
156	3
158	7
164	2
176	7
180	3
183	5
187	10
191	13
Market 231
1	4
3	6
11	11
19	15
20	2
25	7
27	12
31	5
32	2
46	7
47	14
56	13
57	8
74	2
75	4
82	7
84	12
90	15
110	9
117	6
122	15
139	6
146	4
162	10
163	9
176	3
Market 204
2	3
10	10
12	2
15	8
19	4
32	6
37	12
45	7
51	13
55	2
58	13
61	3
75	5
77	5
81	10
93	13
97	14
98	4
99	5
110	1
112	12
113	6
117	6
122	12
146	14
163	3
164	2
167	3
181	12
185	2
188	6
200	12
Market 202
3	6
13	7
16	1
22	3
28	8
35	7
48	15
49	2
57	3
60	5
87	11
96	1
97	8
101	12
115	4
117	3
118	1
135	14
155	15
161	1
165	9
174	5
178	3
190	8
Market 10(F)
4	2
7	8
9	9
11	7
14	6
16	15
22	13
23	1
26	1
31	3
39	2
49	4
82	10
87	8
89	15
97	11
126	4
151	6
174	2
177	9
186	15
Market 49(F)
5	1
6	14
10	8
18	4
19	8
31	13
32	7
35	11
43	9
48	13
49	13
52	11
54	5
55	2
56	1
60	11
63	13
67	15
69	3
71	15
72	2
74	6
79	15
84	13
86	5
89	9
90	3
95	6
99	8
101	14
102	9
107	6
112	3
114	13
121	3
150	8
153	8
155	5
160	4
162	7
163	1
165	13
170	9
173	2
174	2
177	10
180	15
185	3
190	3
195	11
Market 25
4	7
12	14
13	8
35	15
37	9
38	9
50	10
51	10
54	9
56	2
57	6
64	8
67	1
68	2
69	10
73	13
81	15
87	13
89	11
90	14
93	9
95	13
97	12
100	12
109	9
110	9
112	9
117	8
119	15
121	10
125	3
127	12
130	6
134	5
137	13
138	11
140	9
141	15
143	10
144	4
146	3
158	7
164	7
167	4
173	7
180	13
186	10
189	11
194	9
Market 94(F)
2	11
4	6
8	3
18	11
27	4
33	4
35	12
36	5
38	4
54	9
68	2
97	10
103	12
125	12
130	12
154	15
158	1
161	7
166	8
180	5
193	10
Market 258
3	11
10	14
18	6
19	9
23	7
25	12
26	9
40	4
43	4
48	3
54	11
89	4
96	8
97	2
100	11
103	1
107	11
116	5
117	6
122	2
123	7
126	7
130	13
142	12
144	13
162	13
164	8
168	11
173	9
Market 244
10	7
13	1
15	5
23	13
27	6
28	13
44	3
45	15
50	11
53	4
55	6
62	6
63	14
69	10
78	7
87	3
91	1
93	12
96	1
97	12
98	10
106	9
110	9
111	1
117	11
123	12
135	7
143	2
147	11
160	4
161	6
170	14
180	1
188	12
Market 201
1	4
28	4
29	12
31	11
48	7
52	11
54	2
66	1
69	4
75	4
76	4
82	2
103	13
107	2
126	5
130	12
131	15
134	9
137	2
139	7
150	8
154	9
158	2
186	5
Market 142
9	1
21	14
23	15
38	5
44	15
49	13
57	8
63	9
64	6
72	8
89	1
101	9
104	8
125	13
131	13
134	1
136	5
145	7
146	7
151	11
161	4
166	6
186	1
193	4
200	9
Market 76(F)
13	4
20	12
27	14
31	3
37	7
38	3
52	5
56	2
60	11
61	5
62	3
65	12
69	1
72	12
87	6
103	15
114	5
123	8
127	2
136	6
137	6
140	1
143	1
160	13
166	3
176	6
177	13
180	12
186	8
190	2
Market 19(F)
2	4
4	15
10	13
12	15
15	13
25	2
38	10
41	6
42	4
44	9
49	6
51	1
54	15
59	7
61	14
64	11
66	12
69	1
71	12
72	8
87	7
88	10
93	7
96	3
105	3
112	14
114	12
116	7
117	14
118	12
123	5
134	15
135	13
136	3
137	4
145	11
150	11
154	14
155	3
158	12
159	4
160	14
161	9
162	5
168	12
170	2
173	7
176	7
178	8
180	14
182	12
190	8
196	1
Market 45
4	3
18	10
52	13
54	4
60	11
89	10
96	6
101	9
107	3
110	9
114	15
117	4
136	8
145	2
148	5
152	8
174	14
186	3
Market 280
38	3
45	5
52	8
60	3
64	14
69	4
87	14
98	10
134	10
155	15
161	4
177	5
200	13
Market 233(F)
2	4
4	10
13	9
17	6
18	6
21	2
26	2
35	14
38	10
43	12
44	13
50	14
55	12
59	7
63	12
65	9
66	1
67	14
70	4
76	3
78	6
82	6
101	2
102	6
103	4
105	4
110	10
111	13
114	5
125	11
131	9
132	5
137	8
143	10
147	8
150	14
151	3
153	5
154	14
165	9
180	5
182	8
186	7
191	6
Market 179(F)
8	2
13	7
28	6
31	10
35	13
37	12
53	6
55	9
59	4
62	8
75	4
78	3
79	9
80	1
82	1
86	12
88	14
91	1
93	5
107	1
110	5
112	2
117	15
118	2
121	13
128	5
130	14
134	9
139	5
142	6
143	5
163	14
176	4
177	10
180	1
186	8
189	11
191	2
193	8
Market 126(F)
2	7
3	12
4	13
11	13
12	3
18	15
19	6
23	1
27	8
33	2
34	5
43	2
54	8
56	2
62	7
89	15
98	5
107	9
117	9
120	3
142	12
147	11
150	2
161	4
162	14
165	5
177	10
180	11
193	5
Market 84
3	1
12	5
16	11
19	9
25	15
28	12
32	9
37	11
38	13
47	5
48	11
52	4
53	2
56	9
60	7
61	5
63	10
69	12
72	3
75	13
77	13
79	13
82	12
88	8
97	13
102	2
107	5
109	10
114	13
115	9
122	8
127	9
131	15
132	8
134	15
136	5
139	6
141	15
146	10
149	9
154	14
155	2
157	10
161	3
165	8
176	14
186	2
188	15
190	11
194	15
196	11
199	8
Market 111
4	10
8	7
13	4
18	5
19	15
23	6
26	11
27	2
31	5
32	6
48	6
54	5
61	4
62	8
65	11
73	6
80	7
83	8
93	10
96	1
97	6
101	8
102	3
110	8
120	9
125	10
135	14
137	12
139	6
152	15
161	12
165	4
166	7
176	3
190	11
193	3
Market 215
17	15
19	3
22	5
23	11
32	2
50	5
57	8
65	15
67	7
79	10
80	4
87	14
95	14
96	2
105	2
113	10
120	10
125	15
127	4
144	15
155	4
161	12
164	3
168	7
190	2
193	3
Market 145
1	13
2	14
3	8
8	1
11	13
19	8
22	15
23	5
27	4
35	15
37	11
44	3
52	1
54	12
59	1
66	7
67	15
69	4
70	7
95	10
97	1
105	9
107	4
117	9
118	11
122	11
125	6
136	3
143	10
157	3
162	15
165	8
169	14
185	3
186	12
193	2
Market 224
2	7
3	3
4	7
10	5
11	3
12	3
22	15
28	9
45	3
49	10
60	9
61	7
65	11
66	3
69	9
70	4
77	2
79	11
80	9
82	1
96	4
131	11
135	2
136	11
155	6
166	10
174	2
176	8
180	6
185	8
197	6
200	14
Market 211(F)
11	2
12	8
20	2
22	1
32	13
44	5
47	4
48	9
54	6
58	3
60	6
66	5
68	14
70	4
72	14
75	12
78	13
79	10
81	14
85	1
89	5
95	3
99	9
103	3
113	3
114	13
115	6
125	15
137	5
142	8
144	13
149	10
151	5
162	8
165	6
174	10
180	13
190	1
193	6
196	11
Market 148
6	5
19	1
60	10
67	11
69	4
76	11
79	6
87	3
103	13
107	14
123	8
136	4
162	14
166	14
169	9
190	12
200	8
Market 91
9	3
12	11
18	12
22	15
26	5
27	8
44	10
45	2
51	11
52	1
53	2
56	5
57	14
61	11
63	12
69	14
71	10
75	10
77	11
79	10
87	4
88	9
89	4
93	11
95	4
102	10
103	5
106	6
109	15
112	7
113	12
118	1
120	6
127	7
140	12
151	6
155	8
160	7
162	8
165	7
166	7
176	11
177	6
194	11
195	11
196	7
Market 155
2	3
10	1
13	7
22	7
25	6
31	10
38	14
41	4
52	4
55	1
57	12
59	6
63	10
66	2
67	4
71	10
79	9
86	13
95	12
98	13
102	10
114	10
123	7
135	10
136	7
147	6
148	6
152	1
154	5
161	15
162	9
177	12
189	3
Market 63(F)
13	4
26	12
37	1
38	4
48	13
51	2
56	1
59	4
67	5
89	8
100	15
102	9
107	11
117	2
130	14
136	12
142	9
145	11
146	8
150	6
164	7
165	1
168	1
173	15
182	13
Market 112(F)
1	1
4	15
35	8
37	2
38	1
44	5
48	12
50	6
54	13
55	2
62	9
64	2
65	2
66	15
72	11
78	13
80	12
88	13
97	2
99	9
109	9
110	8
120	14
141	1
162	7
166	13
173	9
182	2
185	6
192	11
193	7
194	3
198	3
Market 163(F)
11	5
13	9
19	11
27	3
32	12
35	5
49	9
55	14
62	13
64	15
66	12
68	7
69	6
86	4
88	12
93	5
94	5
105	6
106	5
120	5
122	1
125	13
126	15
142	2
149	9
150	13
154	3
155	3
161	14
164	1
166	12
167	4
176	11
194	10
Market 277
2	7
9	11
12	5
32	3
35	11
40	4
48	13
72	15
76	4
87	6
93	10
96	9
107	5
117	9
120	13
162	3
166	4
190	6
200	1
Market 254
2	14
4	13
16	1
23	10
32	7
35	12
38	11
50	1
61	9
67	10
75	9
88	3
95	9
109	5
115	8
130	12
133	6
142	14
149	15
150	6
154	12
164	6
173	11
180	2
188	5
191	12
192	12
195	12
Market 139
2	3
12	5
15	12
21	2
23	3
25	3
31	15
34	13
39	10
51	10
56	2
65	15
70	6
81	7
82	2
87	11
93	13
105	13
113	2
114	5
118	13
120	10
125	5
127	2
142	14
145	3
147	4
150	5
165	1
166	4
177	15
188	14
Market 176
9	8
11	9
13	1
15	14
21	8
22	3
35	5
38	11
39	15
44	13
50	11
63	9
66	11
67	14
72	5
73	10
77	8
80	1
89	15
96	9
114	10
115	11
116	2
127	15
130	11
132	14
137	2
139	12
140	2
148	11
155	5
160	8
173	12
177	7
186	8
193	11
196	8
197	9
200	13
Market 36
1	11
4	4
23	13
27	4
31	1
33	6
35	12
45	14
50	2
61	12
65	13
73	10
79	9
80	8
136	1
140	5
146	13
162	11
173	12
198	4
Market 38
2	1
4	10
26	12
31	14
35	7
38	14
40	7
44	4
49	15
51	3
54	2
55	6
59	14
60	14
66	5
76	9
82	5
88	6
99	7
100	3
105	8
109	10
111	8
114	4
117	10
120	6
125	14
132	3
143	8
145	8
148	15
152	4
157	11
176	5
177	8
185	11
197	11
Market 48
4	5
6	12
10	3
11	2
12	7
20	3
25	11
26	14
38	15
52	10
56	11
60	8
76	10
79	7
105	13
107	3
110	6
117	1
120	4
127	15
137	10
140	11
142	3
148	4
151	2
177	11
186	4
193	13
200	1
Market 271
3	6
6	2
11	3
19	14
22	3
28	15
31	14
32	10
43	12
45	11
47	3
61	2
62	5
63	6
69	7
70	12
77	10
82	7
87	10
96	3
97	3
98	5
102	14
105	7
107	8
115	15
117	5
118	2
134	4
140	6
143	10
145	4
154	11
157	5
164	10
165	12
166	15
177	5
178	7
185	6
188	2
195	9
200	10
Market 56
9	2
11	15
12	7
19	13
21	3
32	6
37	15
39	10
52	6
61	2
62	10
64	14
65	7
69	6
70	3
79	14
81	7
82	1
105	14
107	10
122	10
125	8
133	3
136	6
166	9
169	3
176	12
177	7
186	14
188	14
196	12
Market 147
7	15
13	10
19	7
23	3
31	13
35	8
51	2
52	1
63	10
82	4
86	3
87	2
89	9
91	4
96	15
98	14
114	10
118	11
120	11
131	1
139	8
143	14
145	3
147	14
149	2
157	5
161	6
165	1
169	11
176	9
185	12
190	7
193	2
Market 9
11	14
12	7
13	15
18	13
22	15
38	10
51	10
68	2
82	3
88	3
93	13
96	1
100	10
102	1
103	6
106	4
118	2
122	14
133	12
142	4
154	4
157	15
158	9
Market 89
2	3
12	5
13	7
17	4
18	8
23	10
34	4
48	9
51	14
57	6
62	14
63	13
70	8
73	11
75	4
77	2
78	12
81	15
82	5
83	14
85	6
87	5
88	11
97	3
99	15
105	9
106	15
107	8
111	11
123	13
132	10
139	2
141	12
142	4
145	13
146	2
148	6
152	9
155	14
160	13
163	9
170	2
173	10
174	1
177	12
178	10
182	5
185	13
194	4
199	12
Market 121(F)
2	14
10	15
15	3
23	14
25	2
27	3
44	2
45	6
51	13
52	3
56	8
57	5
61	8
67	3
69	10
75	12
79	9
84	12
90	3
95	1
97	8
105	3
107	1
111	7
117	14
130	7
138	8
139	4
140	4
149	12
153	15
166	4
176	3
194	4
198	4
Market 295
1	15
8	4
11	4
15	2
19	13
20	13
27	8
33	15
39	2
50	12
51	9
52	12
56	3
57	15
60	8
62	14
63	2
65	2
68	3
80	2
84	2
95	3
106	9
120	5
121	1
122	1
125	10
130	9
139	15
142	1
150	9
161	1
167	7
174	13
176	6
178	15
188	15
195	15
200	6
Market 78
7	5
26	14
47	14
57	6
64	3
65	1
96	3
97	6
106	5
112	9
118	15
127	6
132	8
141	10
142	13
143	6
180	14
193	11
Market 184
12	12
13	13
22	14
32	6
34	8
48	13
50	1
57	12
70	10
74	14
88	15
94	6
98	12
127	1
139	8
143	7
149	3
155	11
182	2
185	8
190	11
193	9
Market 131
10	8
11	14
13	15
17	6
23	12
32	12
49	2
51	15
54	11
55	12
56	9
63	2
64	11
67	10
75	9
78	8
81	4
84	5
89	13
90	2
91	8
93	3
94	14
98	6
101	4
102	13
111	9
114	1
118	3
121	2
123	9
125	9
127	3
130	9
132	4
135	7
136	7
142	10
162	5
163	5
165	9
170	8
173	11
174	12
178	7
182	2
185	5
186	8
190	9
199	12
Market 282
9	3
18	5
20	10
27	4
34	9
35	5
42	10
51	7
53	13
54	14
57	1
61	2
67	13
75	4
81	7
91	11
93	9
96	11
122	14
141	9
147	3
162	4
164	11
180	9
Market 68
5	7
15	9
22	10
23	7
25	8
32	3
37	15
45	1
53	10
55	13
78	12
79	5
91	15
93	8
94	4
99	14
102	3
106	13
109	6
121	3
132	11
139	4
146	5
149	2
153	10
161	1
Market 249
4	11
13	2
18	10
25	14
27	14
31	4
37	7
45	10
48	15
54	1
60	2
79	12
94	11
105	13
111	5
127	12
145	13
149	13
162	1
178	14
183	5
191	2
Market 294
10	9
22	15
27	9
38	13
40	5
42	9
48	8
54	10
78	11
90	13
96	14
105	9
111	11
122	10
130	7
153	14
164	13
173	13
176	6
188	14
194	10
198	15
Market 286
4	13
6	12
17	15
19	12
32	3
35	13
47	4
51	9
54	4
56	4
65	3
86	1
95	1
100	12
102	12
110	13
117	7
126	5
165	5
173	7
190	15
Market 275
15	12
26	1
32	7
38	1
45	5
51	3
55	6
61	9
64	5
70	9
82	11
102	11
103	12
110	10
122	7
125	10
127	10
130	15
132	7
142	11
147	5
153	7
161	14
180	9
190	7
198	6
Market 146(F)
4	15
11	9
12	14
13	1
19	7
20	2
23	10
31	7
36	1
39	10
47	13
48	15
57	2
61	11
80	8
84	11
94	7
102	8
111	14
114	9
121	12
124	1
138	9
142	12
149	11
161	1
162	13
166	8
179	9
Market 300
2	8
4	8
9	12
10	6
13	8
20	2
26	2
32	8
34	4
35	9
38	1
44	1
48	14
49	15
62	4
64	14
70	12
79	3
80	14
88	7
94	2
96	12
98	5
105	14
117	6
120	9
121	3
124	9
127	5
136	11
138	15
140	3
141	13
143	11
145	9
146	3
153	11
170	12
191	7
198	6
Market 54
8	13
12	7
24	9
26	5
27	4
45	6
48	7
54	5
67	4
69	7
72	9
89	14
93	6
96	13
103	5
105	1
123	1
127	4
140	15
147	9
151	3
177	15
182	13
196	12
Market 172(F)
3	3
4	4
5	5
25	3
32	13
38	5
41	2
53	14
58	13
115	12
117	13
122	10
125	12
132	3
142	8
143	2
180	5
192	7
193	8
199	4
Market 118(F)
4	15
11	5
13	14
28	3
35	15
49	2
52	4
54	1
64	7
94	5
96	1
102	4
103	11
117	4
128	13
130	15
136	15
161	1
166	13
176	3
180	3
184	9
198	5
Market 203
6	12
13	11
15	15
16	3
22	14
25	1
27	3
28	6
47	4
48	12
52	1
57	8
62	13
63	3
67	6
70	10
72	15
75	1
77	3
79	3
80	3
87	2
97	12
98	9
103	9
104	10
109	10
114	1
115	6
120	13
125	15
127	10
131	4
137	3
143	9
146	11
149	9
151	12
160	15
162	9
166	15
171	12
180	10
191	12
194	4
198	9
Market 90
3	6
4	14
13	15
37	4
38	3
43	6
44	4
51	10
52	10
53	10
54	5
55	2
58	2
65	4
91	1
94	15
98	8
99	2
115	10
117	4
125	6
132	12
139	7
140	14
141	10
143	12
153	5
157	3
162	1
163	6
192	3
Market 223
2	14
4	13
12	11
13	15
32	13
35	14
40	15
41	5
48	1
53	11
56	14
64	15
65	4
67	3
68	6
70	8
78	4
79	13
96	5
99	9
112	14
115	9
118	9
130	8
132	1
134	8
142	6
143	4
146	5
149	4
154	1
161	3
164	11
168	11
176	6
177	14
180	14
185	10
188	12
193	9
199	1
Market 237(F)
2	15
3	10
4	12
12	4
16	2
32	7
40	10
43	12
48	2
50	14
60	6
70	2
72	12
73	1
78	14
82	12
87	12
88	7
89	2
105	11
110	1
117	2
118	3
124	15
127	14
130	8
137	6
143	7
145	5
149	4
151	10
157	7
176	11
185	5
Market 255
2	8
15	15
49	11
53	5
54	2
57	12
58	2
60	3
61	9
64	14
65	2
66	13
67	13
70	15
78	12
84	5
87	13
96	11
100	6
109	15
112	1
114	11
115	2
118	13
123	12
129	10
134	12
136	1
137	14
157	14
162	15
165	8
170	4
171	5
182	14
185	3
193	4
198	12
199	7
Market 247(F)
1	8
13	4
19	6
20	5
25	10
31	1
35	6
38	2
49	5
54	8
60	2
62	11
64	6
69	14
73	1
77	5
78	4
82	6
96	2
99	1
102	1
105	10
109	3
114	11
115	11
118	10
120	12
139	5
140	10
141	1
143	7
146	9
152	14
153	12
162	11
163	15
166	12
170	3
173	5
174	11
176	7
178	15
182	5
186	2
193	9
Market 72
24	14
31	2
45	15
48	6
68	1
75	13
89	7
110	5
115	5
133	15
139	8
141	12
150	6
164	5
185	11
193	1
200	15
Market 141
6	6
12	5
19	6
34	2
37	7
47	12
48	15
51	5
52	14
54	10
65	12
68	2
70	12
75	11
76	1
79	4
80	6
84	11
87	4
103	15
106	8
112	13
121	14
125	12
126	3
127	7
132	10
134	15
135	9
136	2
145	4
152	3
154	11
156	9
173	10
191	15
193	5
Market 123
3	14
4	15
6	13
18	5
19	2
24	9
31	13
32	6
44	14
45	12
48	3
49	3
51	4
72	4
76	5
82	9
93	2
97	1
98	12
101	2
110	4
122	13
123	5
126	15
130	5
136	14
137	12
140	15
142	8
160	7
182	11
190	9
196	7
Market 191
2	13
4	8
6	5
15	14
34	12
35	2
37	1
53	10
54	2
60	3
61	4
69	4
73	1
75	10
81	8
87	2
93	6
94	14
96	4
98	9
99	1
102	5
106	8
107	9
120	11
122	11
125	7
130	14
133	11
142	10
147	10
154	7
161	9
185	1
192	13
195	2
200	14
Market 117(F)
4	7
15	4
16	3
22	14
25	14
28	9
31	6
47	2
54	5
56	1
77	13
94	14
97	7
98	11
102	9
120	14
121	11
125	14
134	10
135	7
137	6
138	8
142	2
161	9
162	9
178	4
190	4
Market 11
7	15
17	10
22	5
27	3
35	3
54	14
55	2
56	6
57	1
58	10
61	4
62	8
64	13
79	9
80	14
82	9
94	11
97	2
99	9
111	10
121	1
130	2
132	8
135	11
136	2
138	1
141	11
146	7
161	6
170	9
173	14
186	14
188	4
191	6
192	1
193	10
194	14
198	6
200	2
Market 167
11	5
17	8
31	11
32	10
35	2
47	14
54	14
56	7
58	11
63	6
66	14
69	6
70	2
72	1
75	15
78	5
79	6
87	4
90	2
93	15
95	9
98	6
99	10
107	5
111	7
112	13
117	5
120	6
122	8
131	7
134	5
137	4
139	15
145	14
146	7
154	11
157	8
177	9
180	13
182	10
190	13
191	3
194	3
199	10
200	2
Market 100
5	6
6	8
12	7
16	12
19	10
26	4
27	3
28	6
31	12
32	14
51	7
56	12
59	8
62	12
71	9
81	1
86	4
88	3
92	4
95	1
99	6
103	9
110	15
115	9
117	1
118	3
133	6
164	9
166	15
176	10
182	6
188	12
190	11
192	11
196	6
Market 160(F)
9	8
12	1
13	7
21	11
31	7
33	11
51	9
54	3
56	5
59	9
64	13
67	1
79	4
93	7
97	9
107	12
113	10
122	12
133	3
144	2
150	8
155	10
161	4
186	5
200	15
Market 73
10	15
15	3
22	4
27	10
35	1
39	10
44	13
57	3
58	11
60	5
64	9
65	3
81	15
89	15
95	6
96	2
102	9
105	2
106	9
120	1
134	13
140	1
141	2
142	8
145	1
162	7
164	10
182	12
188	12
Market 272
3	1
11	8
14	1
15	9
17	15
25	14
32	8
44	1
52	4
62	6
64	9
69	3
70	5
72	3
90	7
93	11
99	2
107	14
139	11
142	15
157	10
169	12
170	13
176	15
185	15
191	14
Market 267
1	3
7	3
22	11
26	3
31	12
41	1
47	3
50	15
52	9
56	11
57	13
63	6
66	12
68	9
69	5
77	3
79	15
81	10
86	15
87	6
88	6
89	13
91	10
93	13
95	10
97	4
98	12
99	8
103	1
105	7
116	3
122	8
125	14
127	15
133	10
134	1
136	10
137	4
139	1
143	14
144	7
152	15
155	3
161	9
162	6
164	14
168	4
175	3
178	5
181	11
183	12
188	4
190	15
193	8
195	5
Market 50
4	12
13	3
16	2
31	5
38	5
42	8
49	6
51	8
54	6
56	15
59	13
65	10
82	15
95	2
106	2
110	6
122	4
133	6
139	14
154	7
158	6
162	4
164	3
176	15
192	2
193	9
Market 33(F)
10	8
12	3
17	8
25	8
28	5
29	7
42	4
43	8
46	6
50	1
54	8
63	4
65	12
69	2
76	3
84	12
87	11
88	14
90	3
93	2
95	11
96	8
97	12
102	15
105	9
106	9
107	1
113	5
116	8
117	15
122	4
130	5
134	1
139	12
143	12
150	6
153	14
157	7
159	15
162	10
163	9
177	12
186	1
189	1
Market 80
19	1
30	13
31	13
37	10
42	14
50	3
54	8
61	5
64	10
78	13
79	14
80	3
84	4
87	13
97	9
107	7
114	3
121	3
125	11
127	8
136	9
140	13
142	9
149	3
161	6
187	2
Market 138(F)
5	10
15	9
17	2
19	10
25	4
31	5
45	10
62	8
66	8
86	15
95	12
96	4
100	13
115	9
119	15
122	6
130	10
147	8
158	13
166	14
Market 158
3	8
9	13
13	15
30	10
31	3
38	12
43	13
54	3
61	13
62	5
64	9
77	10
79	11
80	5
107	11
110	8
122	8
123	8
131	12
139	9
140	1
142	12
145	14
148	6
164	6
165	12
173	15
186	6
193	13
197	11
Market 253
13	9
23	2
27	13
29	8
34	15
52	3
62	13
64	7
66	8
67	15
70	13
74	3
89	9
93	2
107	12
108	11
114	15
117	8
125	9
127	4
136	12
142	15
145	9
146	10
157	14
166	8
174	12
176	10
184	5
186	9
194	14
Market 24
2	14
11	1
22	5
37	12
42	12
48	4
54	5
55	1
65	11
67	6
75	11
79	10
91	9
97	11
110	14
115	7
125	5
130	14
132	4
133	2
139	15
185	3
188	6
194	14
Market 110
1	3
8	3
10	13
12	2
18	6
19	13
23	15
25	7
28	13
38	6
48	4
51	12
61	5
64	3
65	6
67	3
75	5
85	6
89	5
97	14
100	5
102	13
103	4
109	11
110	1
113	9
115	8
117	7
132	13
134	9
141	7
142	14
144	12
146	2
147	5
154	2
155	11
157	7
159	15
161	9
164	8
166	5
186	12
189	9
190	15
192	13
193	2
195	6
199	14
Market 149
4	11
12	3
17	6
18	13
25	4
26	5
27	1
30	11
31	8
51	11
55	14
64	1
70	10
72	2
73	3
75	10
76	3
80	6
84	13
86	8
87	12
90	4
94	3
97	10
103	10
111	13
112	6
115	3
118	14
121	6
122	10
127	3
133	10
134	11
138	3
140	12
146	5
147	3
150	8
154	4
161	10
173	3
176	6
177	15
180	9
185	2
187	4
188	13
193	11
200	4
Market 17
3	13
5	5
25	6
28	4
42	2
43	6
49	5
50	6
51	12
54	6
63	2
64	7
70	13
79	14
84	3
86	2
87	7
95	8
98	7
111	12
112	1
122	5
123	4
127	8
130	15
140	11
143	8
146	2
152	6
161	6
166	1
175	11
178	8
183	9
190	5
Market 281
3	10
10	1
18	4
26	14
31	4
33	1
37	5
38	8
54	13
55	3
64	3
87	2
89	7
90	5
93	1
105	9
146	15
147	13
155	2
165	10
170	6
174	7
178	4
191	11
197	9
Market 108
6	12
11	5
13	9
27	10
39	4
47	8
63	15
73	4
82	14
83	11
96	11
98	6
102	4
127	13
132	5
135	3
147	2
148	9
155	4
160	5
175	6
193	2
Market 180
2	7
32	14
44	10
48	6
50	7
52	15
57	15
60	4
62	13
67	14
69	1
72	3
82	13
101	10
102	3
105	14
107	6
114	11
115	8
125	13
127	3
137	10
140	15
142	7
143	2
145	1
148	8
151	9
162	15
165	6
175	15
190	3
197	7
Market 236
3	6
4	4
6	13
10	7
11	12
12	13
15	13
16	3
23	6
27	3
28	8
31	7
38	10
44	9
56	4
61	8
64	10
66	8
89	6
107	5
110	11
120	13
130	10
131	3
141	10
143	7
145	7
147	9
150	2
154	14
169	10
170	3
177	7
185	10
192	5
193	2
Market 52
4	4
5	4
19	9
22	13
28	1
37	11
38	4
62	2
63	1
65	12
67	13
70	15
78	14
80	14
82	14
90	4
93	1
94	12
115	4
120	3
125	7
141	1
149	8
153	3
162	11
166	2
170	7
180	8
190	15
194	13
Market 157
9	15
12	12
24	11
37	10
48	13
52	6
62	4
79	3
82	1
100	13
103	14
107	6
113	7
125	7
130	13
139	1
142	11
144	5
161	6
162	10
164	8
182	5
189	2
196	11
Market 65
4	7
8	15
18	11
20	12
27	15
32	8
33	15
35	15
47	4
48	4
50	7
53	1
55	9
56	8
58	2
61	2
62	6
78	2
85	15
93	9
94	6
103	6
106	9
118	3
122	9
126	14
136	5
147	9
154	2
166	1
173	2
174	1
185	11
186	6
188	6
Market 229
19	13
21	4
27	1
32	3
44	10
71	3
79	5
93	8
109	5
112	13
115	6
117	11
130	13
136	3
141	7
147	13
150	13
173	7
200	11
Market 62
4	2
11	14
19	5
26	4
27	6
32	11
33	13
35	3
49	10
51	15
54	3
95	3
96	10
99	1
117	7
142	8
146	9
166	1
176	15
180	4
192	11
194	14
Market 260
15	2
31	12
37	6
38	13
48	2
56	8
57	15
67	2
70	8
75	5
79	2
86	15
107	1
117	9
139	2
142	14
166	8
173	3
188	6
Market 128
1	4
4	2
8	5
10	5
12	2
13	14
15	11
17	10
20	2
27	10
32	2
44	1
48	14
51	8
60	4
62	13
88	13
89	12
95	12
97	13
101	3
106	12
114	12
117	14
130	7
145	8
149	5
155	4
160	7
162	2
164	9
176	7
Market 175
9	7
19	7
21	11
25	6
35	15
37	10
49	12
56	2
58	8
65	9
70	4
78	4
79	10
86	11
95	4
97	11
99	11
105	11
107	3
115	1
117	5
125	6
135	2
138	6
139	4
141	5
147	15
154	13
161	13
164	11
176	13
179	2
183	13
185	11
188	5
192	11
Market 82
2	3
39	1
48	6
49	15
51	5
53	3
63	7
69	9
78	15
85	15
91	9
93	1
95	5
115	15
136	3
140	11
150	5
160	1
174	12
182	10
196	12
Market 240(F)
4	15
5	9
11	7
19	14
27	14
35	11
37	13
45	15
65	3
73	13
84	5
87	7
89	6
98	11
110	9
117	7
136	7
142	8
146	3
162	6
178	2
187	15
190	3
Market 27(F)
11	7
13	11
19	14
26	3
31	10
32	10
35	14
37	6
59	7
61	12
64	8
74	3
75	3
81	4
90	5
94	8
98	15
102	13
115	10
140	4
143	10
163	2
166	8
170	7
171	12
184	10
185	3
Market 85
2	3
4	14
5	6
11	6
12	2
19	10
25	6
27	13
34	9
35	8
49	1
54	4
56	9
59	7
64	8
69	11
70	6
79	14
82	7
84	1
86	2
89	13
90	2
98	15
100	5
102	1
113	12
115	3
120	10
121	14
140	13
149	5
159	10
163	13
174	1
176	1
177	8
182	1
185	11
188	12
200	6
Market 46
2	11
3	7
10	8
15	5
18	15
32	12
34	9
37	2
47	4
48	1
53	11
55	1
61	4
63	2
75	11
79	3
93	2
94	9
97	9
105	6
111	6
115	11
132	15
139	2
143	2
149	8
176	2
185	14
192	4
193	10
Market 246
18	9
21	14
22	7
27	4
31	4
44	11
55	5
57	12
78	1
86	14
87	9
89	3
93	15
98	12
101	2
103	11
105	5
107	12
111	2
114	13
115	14
135	14
140	4
142	3
145	15
150	4
152	7
154	9
159	8
164	6
174	2
176	9
178	6
180	8
185	2
188	8
190	2
Market 12
2	5
5	3
9	14
11	13
12	3
21	8
27	15
34	4
47	7
48	1
51	7
54	5
59	10
61	4
62	8
64	13
65	1
66	6
86	2
109	7
115	13
122	5
136	4
142	7
164	1
166	9
176	14
193	3
200	13
Market 159
2	8
11	6
18	12
19	11
31	7
33	9
43	12
44	5
51	3
53	11
56	7
57	15
63	7
64	3
66	1
70	4
79	11
80	6
91	10
105	3
115	8
122	11
130	12
139	8
147	8
162	2
173	10
176	9
194	2
195	10
198	12
Market 35
2	2
10	11
12	11
18	14
20	10
25	7
26	6
37	1
44	4
45	6
49	12
52	3
63	7
69	12
72	14
76	9
77	5
83	11
98	5
101	2
102	3
103	2
105	9
110	11
114	14
120	13
123	12
131	8
140	5
142	13
145	11
146	15
147	11
150	12
151	4
152	5
162	14
169	8
178	13
197	7
200	6
Market 214
1	10
22	8
23	13
32	11
38	9
55	12
56	7
60	13
61	10
64	9
66	12
69	11
76	4
79	2
82	9
94	3
98	4
105	12
107	13
111	15
114	15
123	12
126	6
130	14
134	5
138	7
140	15
142	1
145	3
146	7
147	7
165	2
166	6
170	11
187	14
Market 55
12	6
15	5
22	1
23	8
32	1
33	15
34	3
40	9
50	6
55	13
57	9
64	1
69	6
77	12
78	7
79	4
84	13
88	5
98	7
132	5
142	4
147	4
151	11
155	5
157	9
166	12
170	5
184	14
198	15
Market 212
20	1
26	13
31	4
32	4
33	4
37	12
38	4
56	5
57	15
63	14
65	13
67	14
69	7
78	1
80	5
87	1
94	10
96	10
98	1
102	13
107	2
114	13
115	2
117	6
127	8
132	12
135	4
138	4
140	5
149	3
152	4
156	9
161	14
166	5
170	11
176	14
178	5
187	8
191	7
198	1
Market 102
3	13
10	15
13	7
17	10
22	14
28	14
42	12
54	5
57	5
63	15
65	8
66	6
73	15
79	14
82	2
90	2
93	8
94	9
102	13
127	7
142	3
146	5
177	8
200	13
Market 42
2	1
8	15
10	9
11	1
13	9
17	12
18	7
22	7
32	15
35	4
43	7
52	14
56	3
69	15
73	8
84	10
96	5
110	8
114	11
122	5
123	8
127	2
130	7
137	9
140	15
146	11
148	7
152	6
155	5
160	7
162	3
170	3
174	14
186	7
Market 115(F)
3	3
4	1
12	2
26	13
31	1
43	14
44	13
52	14
55	12
57	12
60	4
63	6
65	2
66	12
69	10
72	15
78	10
79	4
84	5
88	9
96	3
97	2
99	10
106	1
114	13
125	12
131	11
140	9
149	2
153	9
161	6
163	5
169	2
174	6
175	1
176	15
177	2
182	4
185	11
187	13
190	3
191	6
198	4
Market 43
2	3
11	12
18	11
32	9
36	1
50	5
53	10
54	14
57	13
58	14
64	15
65	15
67	10
77	9
78	15
79	13
81	15
85	14
87	6
89	6
93	13
94	6
96	5
97	2
102	11
115	2
125	1
127	6
136	1
139	5
141	8
142	11
143	2
146	8
147	12
152	7
155	10
156	11
160	5
162	14
166	4
170	4
173	3
178	1
183	5
187	10
191	6
Market 264
1	10
6	10
8	3
18	13
19	2
33	14
47	1
48	1
51	12
66	8
79	10
96	1
103	8
106	10
136	3
193	1
Market 188
2	10
4	8
13	7
18	7
23	6
25	12
30	1
45	4
54	4
71	12
103	6
106	10
115	8
141	14
142	7
180	13
192	11
200	1
Market 270
11	10
13	7
22	13
23	3
25	9
32	3
37	7
54	15
55	15
57	1
59	8
62	12
63	3
66	9
68	6
69	9
73	9
75	6
77	13
87	12
89	5
93	11
98	2
100	1
102	1
106	7
107	15
114	5
115	7
135	5
139	11
142	15
144	3
147	4
148	12
160	5
161	12
166	2
170	12
190	9
193	8
Market 137
2	4
4	12
26	4
28	8
31	4
35	11
38	15
47	5
48	6
51	13
54	4
57	8
61	1
66	7
79	11
90	10
94	12
97	14
100	12
103	15
105	7
106	6
113	6
115	6
119	1
132	13
134	3
143	9
146	5
150	3
153	2
154	10
161	8
166	14
171	14
180	5
181	8
185	5
186	5
194	14
Market 64
6	11
17	15
18	10
31	1
32	9
37	6
50	6
54	7
57	15
63	5
66	15
70	15
80	6
82	9
107	5
117	3
120	9
123	8
125	2
130	7
146	6
147	3
152	11
155	14
160	4
161	11
182	11
200	14
Market 8
3	11
8	12
13	6
19	13
33	15
36	10
38	7
51	15
54	3
56	14
74	10
80	1
84	11
90	10
95	7
96	2
103	2
105	7
107	3
108	11
110	10
111	5
117	9
125	13
138	2
143	9
147	2
150	1
176	5
Market 274
4	11
12	11
18	7
26	2
27	7
35	7
37	10
41	4
48	14
62	4
64	4
67	13
77	14
87	14
89	12
96	4
107	15
110	1
114	8
117	7
123	11
142	10
145	3
160	5
161	8
Market 276
2	14
6	3
9	7
13	5
22	1
27	4
34	6
35	3
37	8
61	12
68	13
69	7
71	9
73	8
79	4
80	3
88	12
96	1
109	13
118	10
122	5
150	8
152	9
154	9
164	13
166	11
170	12
178	15
180	9
185	14
188	7
200	2
Market 298
4	2
20	6
28	3
33	2
47	7
59	12
64	13
72	14
96	4
106	10
117	7
120	15
122	10
126	11
139	6
147	12
150	15
180	7
Market 20
11	6
12	9
22	1
23	3
24	6
34	13
38	2
49	6
54	10
58	12
67	3
81	8
88	14
89	6
94	10
96	9
98	6
102	10
112	14
115	6
117	2
127	7
135	15
141	15
142	6
143	6
157	6
161	8
162	7
163	6
173	1
174	15
180	6
186	9
190	14
193	9
194	11
197	10
198	12
200	15
Market 69
2	14
5	12
18	14
21	11
22	7
31	8
34	15
38	5
41	7
44	4
56	14
57	2
59	15
63	10
64	13
66	1
68	13
72	9
75	3
76	4
79	2
80	10
86	15
96	15
98	6
100	13
107	11
126	4
130	6
132	6
140	14
144	5
145	15
146	5
147	2
151	2
160	10
164	2
165	7
174	11
177	1
191	7
195	12
Market 47
3	11
22	12
25	3
32	8
38	6
47	13
49	13
59	15
68	4
69	9
71	5
95	12
98	5
105	10
119	8
125	11
130	5
143	7
146	7
147	10
176	4
186	4
195	7
196	10
Market 58
2	8
9	7
11	13
18	12
22	3
48	12
53	6
80	8
88	7
97	7
107	5
121	12
125	6
130	4
136	3
137	15
138	1
139	7
140	11
141	7
152	15
155	4
163	15
190	11
193	2
198	13
Market 15
4	4
11	6
13	12
19	2
28	8
32	5
46	10
52	13
54	8
58	4
61	4
62	1
65	10
75	5
96	5
99	4
106	2
112	15
115	6
122	1
130	10
140	2
146	4
154	10
157	11
161	7
180	15
192	1
Market 93
18	15
35	9
37	5
49	13
54	15
55	3
56	7
57	7
59	15
65	8
75	14
88	4
95	14
99	4
106	14
110	14
111	5
113	9
134	1
136	9
154	14
157	7
164	15
189	3
198	3
Market 105(F)
6	1
8	6
11	1
13	8
19	3
20	11
26	6
27	3
33	1
37	10
47	9
50	4
51	7
55	4
57	13
59	13
61	13
66	7
68	15
70	4
73	2
78	4
84	14
87	1
88	10
91	5
98	4
99	8
100	10
103	9
109	14
110	1
117	3
118	10
119	6
125	10
127	2
136	10
140	13
153	12
157	14
161	8
163	5
173	5
176	14
178	10
191	1
194	11
195	3
Market 227(F)
10	4
13	12
15	6
18	5
19	7
21	2
32	6
35	15
47	6
48	4
52	15
55	10
59	8
65	13
66	1
71	5
75	10
79	8
82	6
95	12
107	11
109	4
110	3
121	10
132	9
135	9
139	12
140	7
145	1
146	7
154	14
162	5
163	15
164	2
170	11
173	15
176	8
180	7
182	11
190	10
198	8
Market 226
2	13
11	13
12	5
19	11
23	12
40	6
49	5
51	11
62	13
66	10
68	7
71	13
122	12
130	8
133	8
136	15
144	10
147	5
154	9
158	15
164	10
189	1
195	1
200	5
Market 136
2	7
5	14
7	5
9	12
10	2
12	14
15	8
26	13
28	3
31	14
40	15
44	10
57	11
60	14
66	14
67	7
80	6
82	3
96	9
98	6
101	4
120	13
123	9
134	5
135	15
174	8
177	13
197	4
200	10
Market 107(F)
11	13
45	6
67	5
79	9
87	10
88	14
98	12
117	15
139	8
145	4
150	6
154	14
163	2
173	6
177	9
190	2
200	12
Market 192
4	8
11	13
18	10
21	4
34	2
39	10
52	4
54	7
55	3
69	13
76	3
77	8
80	5
87	10
93	1
98	13
101	5
120	5
123	13
135	6
142	12
145	14
155	9
176	12
182	2
190	15
200	14
Market 186(F)
4	9
16	5
18	3
19	12
22	8
23	3
28	1
35	6
37	2
38	4
52	15
54	8
57	3
59	2
62	8
66	10
72	4
79	3
87	5
89	3
95	10
101	7
106	13
107	14
120	1
125	12
131	6
137	10
142	6
150	10
155	4
161	5
165	5
169	14
174	4
177	7
186	2
196	4
Market 71(F)
11	11
31	14
32	7
47	9
55	9
56	11
57	9
62	14
63	7
72	3
89	7
96	6
101	14
102	6
126	10
137	11
140	15
143	6
145	1
155	14
161	3
162	12
166	6
171	1
174	4
180	15
186	2
190	6
191	4
196	1
200	11
Market 26
1	6
13	13
19	8
20	5
27	13
31	4
32	3
33	13
36	7
38	10
47	15
49	6
52	8
59	4
60	7
64	1
69	7
72	10
75	2
82	6
88	7
95	15
96	10
97	10
101	14
103	8
107	2
114	3
119	11
120	4
123	15
133	7
135	9
140	7
150	8
151	12
173	8
178	9
180	6
182	2
190	12
200	4
Market 206(F)
4	5
9	12
10	15
12	4
18	4
19	6
21	10
23	9
39	15
41	4
44	6
59	5
67	1
71	1
79	2
80	6
90	6
96	7
99	1
102	14
106	7
110	12
119	15
125	10
130	12
133	12
141	9
150	5
154	7
164	6
173	4
185	3
186	7
191	14
193	14
200	14
Market 278(F)
2	4
17	5
18	1
19	3
21	13
31	7
34	12
38	2
48	13
49	7
52	4
57	15
65	7
67	14
79	15
80	12
84	1
102	13
105	8
115	7
127	2
130	7
132	1
135	8
143	8
183	15
187	9
191	15
Market 156
13	7
22	1
24	14
25	4
37	6
49	13
51	5
53	2
55	10
59	4
64	15
65	4
66	7
67	2
69	9
85	12
87	4
93	10
96	10
97	2
102	13
107	12
111	7
118	15
122	6
123	15
125	9
131	9
132	14
134	15
137	13
139	1
140	10
141	11
142	13
145	12
150	3
160	8
162	13
166	3
173	13
174	12
180	14
185	2
188	5
190	12
192	11
193	1
196	6
200	5
Market 288
4	13
6	9
9	9
10	4
23	13
51	13
52	5
54	4
59	9
65	6
67	3
75	8
78	7
85	14
86	13
90	10
91	14
94	7
98	4
99	15
110	2
122	8
130	6
141	10
143	6
154	7
157	5
163	2
169	3
180	2
188	1
192	10
193	6
198	11
Market 297
2	3
20	11
24	13
27	8
33	6
35	11
39	1
44	1
48	12
52	14
56	13
61	5
64	13
67	14
80	15
86	3
87	7
89	3
96	8
97	6
99	15
100	2
102	5
105	9
109	7
112	2
125	3
127	9
132	7
137	9
138	15
154	2
155	11
157	2
158	14
161	5
170	15
185	2
188	2
192	14
198	3
Market 37
2	4
3	5
4	11
9	1
10	4
12	6
13	1
15	5
16	2
23	5
31	14
38	9
40	9
43	7
45	4
57	9
58	2
63	1
67	14
77	13
79	13
81	3
83	13
86	14
91	9
97	6
98	4
102	15
106	11
115	5
118	13
120	3
122	13
125	8
127	6
136	8
139	8
140	5
155	8
162	7
164	5
170	10
174	14
176	15
185	10
186	14
188	11
197	15
Market 16
9	12
10	8
16	2
22	1
23	14
28	1
41	1
44	1
45	1
52	14
59	14
63	9
64	7
65	13
67	10
69	9
76	9
79	10
95	14
96	6
98	2
100	14
102	12
107	14
110	7
114	1
117	11
126	7
132	14
134	14
136	2
162	13
166	6
169	6
174	4
182	12
186	2
190	1
196	9
Market 29
6	13
12	3
13	2
22	6
30	6
34	12
37	13
43	13
44	10
49	14
50	1
52	11
55	13
57	2
64	15
67	7
77	1
78	6
80	3
87	5
88	7
89	15
97	12
98	6
101	4
102	14
110	15
115	2
117	3
120	11
130	9
132	6
134	1
136	9
139	6
141	13
149	10
153	12
155	13
157	8
160	4
162	14
166	8
171	14
177	2
182	1
190	12
200	1
Market 32
12	11
21	9
28	8
38	3
47	4
48	15
60	3
65	7
67	11
87	6
89	4
93	11
101	2
107	12
114	1
123	5
126	3
142	2
155	5
169	4
176	3
186	9
200	15
Market 234
3	8
13	15
23	11
30	3
37	1
56	5
65	6
67	3
68	12
71	1
73	3
75	7
79	9
95	7
102	9
103	3
106	4
111	13
121	3
125	4
132	12
138	3
143	4
147	7
154	6
161	5
183	1
193	11
194	1
198	3
Market 57
4	4
24	8
27	13
38	6
44	1
45	11
62	10
64	9
73	13
76	15
82	4
87	3
88	2
89	5
102	10
105	10
110	3
112	6
114	8
117	2
120	6
123	14
125	6
126	7
132	14
134	13
155	5
159	1
166	13
169	11
170	5
180	12
182	13
189	13
192	5
196	12
Market 166
4	5
12	8
17	9
25	10
31	3
33	13
38	3
39	15
43	9
44	8
54	5
56	3
59	11
69	7
79	13
88	13
110	5
136	4
173	15
200	10
Market 66
6	1
9	2
12	8
13	11
15	8
23	11
28	9
31	3
32	1
34	3
62	9
67	9
69	7
76	11
82	7
95	13
103	9
110	7
111	14
114	15
125	3
140	1
149	7
159	8
161	2
164	2
166	11
168	10
177	3
186	11
195	10
Market 222
11	4
15	15
18	15
38	5
52	11
55	6
58	11
60	11
75	14
77	8
78	8
88	8
89	11
91	3
98	11
102	9
105	4
111	11
117	8
118	10
122	5
125	13
132	1
136	4
152	12
157	5
160	12
162	7
173	7
176	11
188	2
193	7
194	8
Market 95
4	11
18	4
26	3
31	1
33	13
37	13
49	5
51	6
55	9
61	13
63	14
67	11
72	2
86	6
93	15
97	10
98	14
109	15
110	5
114	5
117	7
120	5
122	11
123	1
130	9
132	1
134	7
140	10
145	15
147	10
150	8
151	12
160	1
166	6
170	4
182	13
192	1
193	15
Market 296
1	1
2	10
8	2
10	2
13	6
21	13
27	8
28	4
31	13
37	5
48	11
49	3
50	1
54	12
57	9
59	3
63	7
64	2
66	15
67	6
69	5
71	6
72	10
80	9
86	10
87	8
89	8
93	14
97	1
101	9
102	9
106	2
107	11
111	1
115	11
117	4
120	8
122	2
130	13
132	7
136	3
142	9
144	8
145	6
146	5
147	14
150	13
160	12
170	7
174	3
181	3
182	14
200	8
Market 232
2	7
15	11
26	5
27	2
50	11
59	7
61	11
65	15
66	3
67	6
71	4
72	1
79	4
90	9
95	4
103	4
107	5
110	8
111	2
115	5
120	8
125	13
132	3
133	6
138	4
149	2
161	10
162	3
164	10
186	3
193	7
198	10
Market 210
10	6
13	4
23	14
27	5
31	10
35	1
41	14
44	10
47	12
48	4
51	14
53	12
55	12
58	5
61	1
63	4
64	1
65	3
75	5
81	14
86	13
88	8
91	6
99	4
109	11
112	1
117	12
118	1
133	12
136	4
143	5
149	10
150	12
158	9
164	11
166	9
173	10
188	8
194	6
195	11
Market 28
4	4
19	4
26	15
32	7
51	6
55	1
61	13
62	12
63	15
71	1
80	3
88	6
93	12
94	1
96	14
106	9
110	2
113	14
125	6
132	14
146	12
147	5
150	12
158	6
167	14
185	9
192	7
193	5
195	10
Market 228
19	3
23	10
27	14
31	8
37	1
43	9
55	9
60	8
63	2
65	7
69	13
87	13
88	11
109	2
114	12
120	4
136	10
141	2
143	8
149	8
185	4
190	1
193	14
Market 7
8	12
18	7
20	14
22	12
31	7
49	3
50	10
52	11
54	11
59	12
62	13
66	12
74	9
78	14
90	10
93	7
94	2
104	7
106	3
110	14
113	1
114	8
116	5
117	2
120	2
121	11
125	9
130	15
131	14
138	6
140	15
143	7
145	6
157	5
159	1
168	9
170	7
174	1
180	11
182	7
186	6
191	2
193	13
Market 34(F)
5	2
6	15
10	11
11	15
12	14
17	7
18	4
23	1
25	3
26	5
27	8
38	7
42	2
48	13
51	13
62	13
65	6
75	5
81	6
82	10
92	2
105	14
110	10
112	9
117	1
122	14
125	15
142	9
161	1
177	5
200	1
Market 120
23	2
32	4
35	1
48	14
54	5
60	13
61	9
62	5
63	2
66	12
72	3
87	8
89	12
93	13
141	11
147	11
160	2
161	2
164	1
176	1
185	14
186	15
200	10
Market 133
2	5
3	8
18	10
37	12
57	2
62	6
64	8
89	12
96	11
98	5
102	4
110	1
123	15
127	9
155	7
160	1
162	1
173	1
186	8
193	9
Market 218
19	10
23	3
26	1
27	14
48	7
60	4
61	7
71	15
72	2
73	4
75	2
82	5
84	13
97	6
103	14
117	9
122	6
123	11
127	2
132	10
137	7
140	12
142	9
147	11
157	7
160	10
166	9
194	4
195	14
197	13
200	14
Market 77
1	2
4	10
8	7
10	3
11	9
12	6
22	1
23	7
33	3
37	1
51	8
52	15
55	2
56	2
60	15
65	4
67	10
68	6
69	14
70	5
75	3
84	7
96	11
97	2
98	6
100	15
102	11
111	5
114	13
120	8
121	2
122	10
132	11
136	12
137	12
138	10
139	15
140	9
149	13
150	11
155	12
157	7
162	11
182	13
187	13
194	12
Market 106
2	7
5	15
9	8
15	4
18	5
32	2
35	4
45	13
49	4
53	5
56	10
57	5
65	6
77	5
98	3
109	11
112	2
132	2
143	2
154	8
173	2
176	13
180	7
194	7
Market 6
10	12
11	14
21	6
35	6
41	14
44	6
54	11
57	2
64	15
66	2
75	8
88	4
104	3
106	15
107	2
113	12
114	2
122	2
123	12
127	4
136	11
141	14
150	12
166	9
173	12
180	5
192	4
193	10
Market 53
2	4
12	13
22	9
27	14
31	11
35	6
51	3
54	7
60	9
61	14
64	15
68	11
69	15
75	13
79	11
88	4
95	9
100	3
102	10
106	10
127	7
133	3
145	11
154	5
161	7
166	12
173	9
174	1
185	6
190	4
195	8
196	15
Market 257
2	4
3	12
4	13
5	2
10	4
22	3
37	14
42	8
48	9
56	10
66	5
79	10
80	5
82	12
86	4
89	1
93	8
97	7
112	8
134	15
136	13
150	15
154	6
158	4
161	2
166	5
190	8
192	13
Market 245
2	12
13	8
18	3
22	7
35	2
38	15
48	14
103	14
144	9
147	10
150	6
174	11
182	15
190	9
Market 242
15	5
17	4
18	7
24	8
27	4
28	8
31	4
32	13
40	2
45	15
47	8
48	6
65	8
66	2
76	12
79	4
82	14
97	5
98	14
106	7
110	14
116	9
117	3
122	2
136	9
139	15
147	9
150	11
154	4
162	9
168	4
190	8
193	6
196	11
Market 152
4	4
8	10
11	11
15	6
16	7
23	11
28	1
32	9
35	12
37	4
38	9
46	6
49	4
50	12
60	2
72	14
80	2
96	13
97	13
107	15
111	6
120	4
125	1
132	2
136	2
142	9
146	10
148	2
174	1
182	4
Market 144(F)
12	8
16	1
20	6
37	9
49	14
61	5
79	5
86	7
117	9
125	1
130	2
136	15
158	15
166	15
173	12
192	15
195	11
200	7
Market 67
2	5
3	8
11	12
15	4
18	14
31	6
38	7
42	5
44	15
46	15
57	9
79	5
82	9
93	4
96	5
105	2
126	3
131	7
136	13
140	15
145	1
148	2
150	3
155	3
161	5
166	1
170	7
177	8
182	6
186	11
190	1
193	4
196	8
Market 151(F)
4	10
10	1
12	4
25	14
32	9
38	14
43	12
59	1
66	5
68	14
71	4
75	3
81	14
82	8
86	5
89	6
93	4
99	9
102	6
103	1
105	3
109	8
115	15
136	8
140	15
141	4
145	14
158	9
159	6
176	5
177	12
182	4
193	2
Market 39(F)
13	14
19	13
22	3
27	4
39	12
50	11
52	5
77	7
115	1
117	2
130	15
132	4
141	4
146	6
162	14
176	7
182	5
183	4
186	1
187	15
194	3
197	9
Market 225
6	7
9	4
18	7
22	4
23	5
24	8
27	13
38	7
40	12
48	14
53	2
54	8
55	6
57	9
58	2
59	8
61	13
62	3
65	9
66	9
68	9
75	9
86	2
100	6
106	3
111	4
115	1
118	8
119	14
121	14
132	13
136	12
139	10
143	5
149	13
157	5
158	10
161	13
167	14
173	5
176	12
180	3
186	13
188	10
189	5
194	12
195	2
200	1
Market 87
2	3
3	4
4	4
13	11
16	2
22	10
27	7
31	11
35	6
38	13
41	13
50	4
53	11
59	1
65	6
70	14
80	6
81	15
91	5
95	11
99	8
103	7
109	4
115	14
119	6
121	4
125	4
132	14
144	15
146	10
159	14
168	15
177	12
181	15
189	13
198	5
Market 3
13	13
15	4
34	6
45	15
55	8
56	7
60	10
67	8
68	14
93	7
95	13
97	6
102	11
106	9
115	3
120	3
132	3
137	12
146	8
158	3
166	7
170	9
189	3
190	1
Market 284
17	12
35	11
50	4
52	10
56	10
63	4
65	15
67	4
69	5
78	6
80	9
94	11
102	1
114	10
129	1
139	3
141	8
146	13
153	6
171	11
185	14
186	5
188	6
190	6
194	13
200	13
Market 279
37	3
49	6
51	2
52	4
59	3
65	6
66	1
86	6
97	14
99	15
107	13
112	7
118	3
125	6
127	4
130	14
134	9
136	14
137	7
139	7
143	10
158	13
160	10
182	5
188	3
190	1
195	4
Market 153
3	7
5	4
23	5
27	11
31	1
40	14
48	11
49	15
54	2
56	1
67	2
68	3
69	6
71	8
93	3
97	15
102	3
110	10
112	5
130	5
146	5
147	1
158	13
161	14
164	2
167	10
176	2
193	13
194	7
Market 60
2	6
3	15
8	9
11	5
15	7
20	2
22	9
25	14
27	13
42	3
48	12
49	7
56	14
62	13
64	13
66	9
72	1
76	3
87	1
89	7
98	2
103	6
107	2
110	3
134	3
140	1
147	5
160	4
165	4
166	13
174	9
186	1
Market 248(F)
6	5
8	12
18	11
22	10
26	9
31	8
32	3
38	9
48	6
51	3
56	14
59	2
63	10
64	12
78	11
90	13
93	13
94	9
95	10
96	6
107	11
110	4
111	2
121	3
144	14
149	13
164	14
166	7
173	13
177	15
186	8
187	5
198	3
Market 217
2	11
22	12
28	1
44	9
54	4
61	12
62	4
64	9
65	14
66	3
67	3
69	2
72	10
82	5
86	15
88	5
100	4
126	9
134	9
137	7
143	7
147	6
154	13
166	10
169	5
174	3
180	8
182	1
Market 88
3	5
4	11
9	13
19	14
28	11
32	6
38	3
48	15
49	3
56	9
61	13
66	1
67	4
76	5
82	3
86	8
106	14
116	10
139	12
142	14
144	9
159	3
173	8
186	13
193	6
195	15
Market 14
5	13
11	12
23	4
28	3
32	3
35	15
38	4
70	2
88	7
90	6
96	8
98	3
103	4
121	7
124	14
132	4
140	3
141	14
142	7
143	12
147	5
149	2
166	4
188	8
193	13
200	15
Market 198
6	13
11	14
13	14
17	15
19	2
28	2
56	8
65	11
72	14
76	9
95	4
102	4
103	7
106	12
107	2
113	13
120	4
132	6
134	4
136	11
142	9
154	3
200	10
Market 299
31	2
32	4
35	11
36	1
44	4
53	6
56	6
61	1
62	15
65	10
66	5
82	5
103	2
107	11
112	5
117	6
140	12
147	15
151	11
160	1
169	11
173	6
185	11
188	8
Market 289
1	13
5	7
8	8
11	3
22	13
32	2
36	7
37	14
62	12
63	1
67	11
75	15
82	4
86	14
98	13
100	14
115	7
117	6
119	11
125	15
146	11
159	12
166	11
167	9
176	12
181	5
182	1
193	11
200	14
Market 83
12	9
13	2
22	8
25	1
27	5
31	3
33	6
49	6
56	9
59	6
66	1
69	8
72	2
82	7
103	7
105	14
110	12
111	14
117	9
120	8
127	6
146	2
150	4
152	10
154	14
165	5
173	1
176	13
177	3
186	8
Market 162
2	13
31	13
32	1
36	3
59	5
61	12
63	1
68	8
71	3
75	3
79	7
81	4
82	4
84	10
86	5
95	11
102	5
103	13
105	2
108	13
117	11
118	7
128	4
132	1
138	1
139	9
146	13
147	13
149	14
150	6
154	6
157	7
158	11
161	11
173	12
195	7
Market 173
4	15
9	3
22	12
25	7
32	11
34	12
37	10
38	4
40	8
45	7
48	12
50	9
56	4
57	8
64	11
65	14
66	5
72	9
76	1
77	8
80	3
89	4
93	5
98	5
100	3
107	5
117	1
120	11
126	1
135	6
136	3
140	11
142	9
155	7
161	14
169	3
174	6
Market 140
12	3
15	7
23	8
32	9
35	12
38	10
39	2
48	10
49	12
60	5
78	10
80	15
82	10
87	12
88	11
102	3
111	14
115	10
117	9
121	8
125	2
127	4
128	3
136	14
137	14
143	2
154	8
160	5
166	9
186	12
190	11
193	4
197	7
Market 96
11	8
12	11
17	13
19	14
31	12
33	3
48	7
52	2
56	5
69	1
70	5
72	2
74	7
87	1
88	6
89	4
101	6
117	6
120	3
131	11
132	12
137	12
141	15
142	14
143	3
160	6
162	2
166	6
176	3
182	13
184	7
186	15
188	7
196	12
Market 250(F)
18	5
31	15
32	1
35	8
37	1
44	10
50	13
64	11
70	7
80	15
88	3
107	12
110	14
117	7
121	1
141	13
149	14
160	14
174	6
186	4
Market 92(F)
11	10
23	10
33	3
37	8
48	3
52	13
54	4
60	5
63	12
64	4
66	9
67	8
82	9
93	9
98	9
101	7
102	12
110	6
117	15
120	2
135	15
148	9
166	15
170	15
196	6
Market 165
3	2
6	13
12	9
38	10
51	6
55	14
57	10
65	3
74	15
75	3
80	7
84	8
85	12
98	2
99	2
105	6
106	13
117	10
118	6
132	1
136	3
146	8
149	15
153	2
163	2
164	1
173	3
185	1
188	14
Market 283(F)
11	11
23	8
37	3
38	11
47	15
48	14
54	12
56	7
61	1
64	12
65	3
66	1
69	9
70	7
79	8
82	13
95	12
100	11
102	13
103	14
130	3
137	10
140	2
154	9
162	7
176	14
190	4
196	5
200	4
Market 86
10	3
12	4
13	6
19	12
23	5
24	10
35	8
83	3
87	12
88	5
89	14
93	13
96	6
102	13
109	8
115	12
118	1
130	6
137	5
141	11
148	14
178	7
180	12
193	6
Market 101
11	5
42	6
46	5
51	13
54	7
57	6
63	7
64	12
65	14
86	5
87	9
117	8
121	1
139	11
142	12
143	1
147	7
150	3
157	7
162	7
165	9
173	3
193	3
Market 266
27	4
47	13
53	3
61	9
79	10
93	14
106	7
141	9
150	13
153	1
157	11
166	11
188	11
192	14
198	3
200	2
Market 187
3	1
5	15
13	12
15	3
32	11
37	13
44	13
48	9
57	1
65	10
72	3
79	2
84	15
93	10
96	1
105	4
107	8
109	6
114	13
120	6
123	1
131	12
136	8
140	5
143	7
148	8
149	5
153	3
155	6
161	7
163	5
170	7
178	3
180	14
182	2
185	1
188	8
193	7
196	15
Market 261
9	11
11	9
34	14
39	2
44	7
54	5
56	3
59	9
63	14
66	1
70	5
76	11
77	15
82	12
86	4
88	11
96	10
100	10
103	12
123	13
130	7
134	14
140	9
146	15
147	15
150	7
154	10
155	6
157	11
180	5
193	10
194	14
197	8
198	13
Market 97
10	15
25	1
28	2
30	4
32	13
38	1
43	1
52	3
54	11
59	8
69	7
79	5
89	9
95	7
97	15
105	9
109	11
111	9
114	9
120	8
127	13
132	3
139	1
140	7
164	9
185	11
187	4
192	13
193	12
Market 40
13	9
18	13
31	10
44	4
91	15
106	14
118	7
122	6
143	7
147	2
Market 263
2	7
9	11
12	13
15	8
22	14
23	9
31	7
35	4
37	14
42	5
44	11
48	15
51	15
53	10
58	1
60	15
63	4
70	3
72	9
85	3
89	7
91	3
95	15
101	12
106	13
110	7
112	4
115	13
127	2
133	15
137	15
139	5
143	5
145	3
147	14
151	13
155	3
157	15
160	5
161	15
163	14
164	8
170	14
185	14
193	11
196	15
Market 22
5	9
18	5
21	1
30	13
31	15
39	2
43	9
44	9
51	2
57	4
59	11
110	11
116	13
120	12
125	7
130	5
132	7
136	11
139	5
161	9
162	11
164	10
170	15
177	13
189	13
193	13
Market 134
10	1
12	5
19	11
22	1
25	3
53	6
54	12
56	6
70	13
91	10
93	10
94	11
97	8
99	4
102	1
109	10
115	9
125	15
130	3
142	9
143	7
146	15
153	8
192	14
Market 269
1	15
3	5
4	4
12	14
20	11
22	9
26	4
27	9
29	13
31	5
32	10
38	13
47	4
50	1
56	4
57	5
63	9
64	14
69	10
73	2
75	9
78	8
79	4
87	3
88	1
97	7
102	6
103	1
105	15
117	15
118	14
125	10
132	14
138	12
146	7
149	5
153	11
162	10
178	7
191	13
194	13
200	13
Market 221(F)
10	5
25	3
28	13
38	14
52	10
56	5
60	3
65	5
87	8
88	7
89	5
93	5
96	8
97	1
115	7
135	5
140	1
141	14
143	2
160	7
163	9
165	8
166	9
169	3
177	3
178	6
180	9
182	8
188	6
Market 104
6	14
12	2
15	2
19	11
22	1
41	2
44	7
47	10
49	3
52	12
56	7
59	1
63	6
65	5
93	8
96	9
98	6
100	14
102	15
103	5
110	9
123	5
137	11
140	14
155	14
160	3
162	1
169	8
174	4
182	9
190	4
193	9
200	4
Market 174
2	13
4	10
15	8
16	2
18	11
23	8
24	14
32	10
34	1
38	10
44	8
45	2
49	10
54	5
56	3
60	10
69	7
75	12
84	13
88	1
89	4
93	11
96	3
102	15
114	15
115	3
120	5
135	4
141	1
160	8
162	2
166	1
170	12
176	15
178	7
182	13
185	6
188	2
190	3
197	4
Market 30
3	3
4	8
6	14
11	9
12	6
22	11
23	11
25	1
28	10
32	9
42	11
43	3
45	12
51	4
54	15
56	5
66	6
69	6
70	10
74	7
82	3
86	8
93	9
94	8
105	8
115	13
121	1
122	1
130	12
138	7
139	10
141	11
143	3
149	5
152	5
153	15
166	7
173	6
178	7
184	10
188	15
Market 220
19	10
22	7
25	11
26	12
27	10
28	13
43	7
47	6
48	10
55	11
67	6
69	11
78	11
86	6
89	5
96	10
102	14
105	13
110	13
113	10
114	5
120	10
124	15
125	6
126	9
130	12
135	15
136	13
139	8
140	5
142	8
146	15
164	13
173	1
182	15
198	11
200	5
Market 4
2	6
6	11
10	2
25	15
34	1
36	5
44	2
51	9
64	3
67	5
68	3
76	1
89	4
106	6
107	2
110	3
113	1
126	14
136	7
139	13
143	15
151	9
154	3
177	9
193	3
196	8
Market 292
10	10
11	11
18	2
22	3
23	14
25	8
32	4
37	2
38	12
48	10
51	2
61	6
63	6
64	4
71	15
79	7
82	8
89	9
93	4
98	9
100	6
110	4
115	4
119	14
122	11
132	4
134	1
144	2
147	15
150	11
173	11
193	2
195	10
Market 243
4	1
38	3
53	9
79	7
84	7
88	2
89	3
93	11
111	3
114	6
117	11
122	3
123	7
125	2
135	9
137	14
138	12
139	4
142	7
143	14
155	15
170	1
186	2
197	13
Market 75
6	7
9	3
13	3
20	3
32	15
33	11
35	1
37	10
38	7
44	15
50	13
52	13
56	11
60	3
63	14
69	3
84	4
88	6
103	10
107	13
115	11
118	6
127	2
130	10
152	7
174	12
183	15
186	9
187	12
190	6
195	7
200	5
Market 170(F)
4	11
27	15
31	7
48	6
49	8
54	6
56	2
61	10
64	14
65	13
78	6
79	2
82	13
89	2
102	1
103	12
117	14
120	13
132	2
134	4
140	2
155	1
160	4
162	4
166	9
169	7
177	4
186	8
193	15
196	7
Market 135
3	15
4	15
11	12
12	3
16	6
26	13
28	12
32	14
34	11
37	14
44	13
51	8
56	7
66	11
82	1
98	5
106	5
109	12
113	14
122	14
142	2
147	6
158	1
166	5
173	11
186	13
188	3
192	11
Market 183
11	13
13	6
22	8
23	13
35	2
43	6
47	5
48	3
52	5
57	11
60	9
62	2
63	5
64	2
65	11
67	11
68	8
77	3
82	10
86	1
87	9
89	12
95	11
100	13
101	8
103	9
106	5
110	6
122	3
123	9
126	5
127	5
131	3
139	10
140	1
144	2
147	2
150	3
155	10
161	10
162	10
164	10
165	11
166	3
170	9
177	8
182	2
186	5
195	3
Market 238
5	13
12	10
18	6
29	9
43	11
44	3
61	13
62	7
66	10
70	7
75	8
91	7
93	13
112	15
117	14
118	1
130	2
146	13
154	13
164	2
173	3
180	7
185	12
188	8
Market 178
4	6
17	15
18	15
37	14
51	8
53	1
63	12
64	12
86	9
88	14
94	5
106	4
111	13
112	7
115	9
132	11
139	1
147	13
150	4
163	6
166	5
180	1
185	6
200	3
Market 251
10	1
13	7
17	9
18	6
23	15
28	7
30	6
32	5
38	4
50	9
54	1
57	3
59	9
61	10
62	6
63	7
78	7
80	4
97	3
98	5
105	15
109	11
117	9
121	14
122	1
124	5
125	6
127	14
133	4
139	7
144	9
147	14
152	11
188	6
Market 230
4	3
9	13
13	7
19	13
32	11
33	10
44	14
47	4
48	7
62	13
65	3
66	14
67	12
69	15
75	14
77	6
80	10
82	6
87	6
89	4
114	7
117	15
122	6
132	10
134	5
137	11
139	15
145	11
150	15
151	15
170	13
174	3
182	5
200	8
Market 193
9	8
11	7
13	12
18	4
37	7
38	3
44	5
49	3
50	13
56	5
61	5
62	2
66	6
73	11
79	11
82	4
84	11
93	14
95	10
96	14
99	1
105	2
107	1
120	13
121	3
127	4
135	12
136	11
137	6
138	6
141	4
151	14
154	9
162	2
164	9
165	5
170	9
174	3
180	8
182	4
183	5
187	14
188	6
191	5
192	8
Market 168
10	10
12	4
13	8
16	1
22	13
25	11
35	1
43	12
44	14
55	7
65	5
70	4
90	9
96	12
98	11
102	9
117	7
136	11
149	14
156	14
162	5
183	4
191	9
Market 23
2	8
12	6
13	3
18	8
27	2
34	11
35	1
37	9
42	6
48	7
49	5
51	12
52	10
59	6
61	9
72	7
73	11
93	14
95	10
96	4
97	7
107	12
111	2
114	3
123	15
130	2
132	7
135	5
138	8
145	3
147	9
148	7
149	1
155	13
156	3
161	9
173	7
187	6
197	6
198	6
Market 196
6	12
13	5
20	14
25	2
27	2
31	5
32	6
39	5
51	4
61	4
67	5
73	9
77	6
93	4
96	10
111	6
114	3
120	4
127	10
130	14
135	11
148	7
152	15
161	14
173	1
175	11
187	2
197	11
Market 116
2	11
3	14
9	11
35	11
38	13
51	8
54	8
57	2
62	14
64	2
71	10
79	15
82	3
86	3
87	1
97	14
100	10
103	13
106	1
114	4
119	6
120	9
125	11
139	13
150	1
154	10
161	15
164	7
173	11
180	5
188	1
Market 216
4	15
13	3
18	14
22	9
26	8
31	6
32	15
33	15
38	1
39	13
56	2
65	7
67	15
70	8
81	2
88	15
89	8
91	7
95	1
112	5
117	6
120	14
132	9
136	10
142	7
146	8
166	13
185	2
194	9
Market 265
1	6
13	7
17	4
30	14
33	2
36	14
37	10
43	15
51	5
53	12
54	3
56	1
60	6
63	9
65	8
75	15
79	7
81	10
86	8
87	10
88	10
95	8
102	8
109	7
115	12
118	4
122	3
125	9
130	10
132	1
137	10
139	2
141	7
143	1
147	14
148	7
150	6
161	14
162	10
164	10
173	3
180	9
182	7
188	11
193	3
194	6
197	14
199	13
Market 259(F)
2	2
12	4
18	9
24	5
27	3
34	14
35	6
38	14
40	14
48	12
56	6
57	14
61	5
67	15
70	1
84	1
96	11
97	8
111	12
114	2
121	1
132	11
136	2
139	15
152	6
155	13
187	10
Market 113
13	10
17	9
23	15
25	3
34	2
48	1
49	9
50	9
51	2
56	6
61	13
63	7
66	8
68	10
71	8
73	9
77	2
79	9
80	1
87	7
89	2
95	1
97	14
99	5
100	4
102	5
106	3
107	9
109	7
119	11
122	3
134	12
140	5
142	2
143	13
145	3
155	7
158	9
161	9
174	3
178	10
180	7
181	2
185	10
186	5
188	7
192	5
200	3
Market 132(F)
2	15
3	9
8	12
13	14
20	2
31	11
35	15
44	8
47	10
51	3
54	4
66	9
69	3
82	14
89	5
110	4
116	9
117	14
134	6
136	6
139	2
147	10
154	11
159	4
162	11
168	7
173	7
182	11
Market 51(F)
10	14
12	12
13	8
16	9
18	14
23	15
28	2
37	13
38	5
42	13
43	2
47	15
48	7
49	4
54	3
57	2
67	15
69	13
73	12
90	7
93	1
105	12
107	7
120	7
121	12
131	14
135	7
140	13
142	13
155	9
160	4
161	1
162	9
163	6
166	2
176	5
178	12
180	10
182	5
190	8
193	5
196	8
200	1
Market 130
7	12
10	4
15	7
32	13
55	3
63	8
65	10
83	14
96	2
98	11
106	5
114	10
115	14
136	15
146	4
160	4
176	8
186	8
190	15
193	8
Market 219
4	15
9	14
10	11
13	4
17	11
19	4
20	13
21	5
23	14
27	11
31	13
37	13
38	12
43	5
44	5
47	11
48	1
51	9
53	5
58	2
60	10
63	13
64	5
78	3
80	13
85	8
87	3
93	4
98	1
99	6
101	11
103	4
105	2
106	3
110	9
122	8
125	2
130	12
132	4
136	15
137	1
141	1
142	6
143	14
145	2
147	3
150	11
154	7
165	3
169	12
174	14
182	10
186	8
192	6
193	12
194	15
196	13
Market 169
2	6
9	7
11	4
16	8
18	10
25	13
33	3
48	6
49	10
54	6
64	2
68	9
75	4
79	3
82	1
86	8
95	12
112	7
118	6
125	12
130	1
133	5
143	11
147	11
150	3
161	8
199	10
200	6
Market 18
8	10
12	9
19	12
22	15
23	1
27	1
32	12
33	5
51	7
52	12
53	4
55	5
58	15
89	15
93	5
106	9
117	15
139	9
146	12
153	14
180	2
185	8
191	7
198	11
Market 150(F)
3	10
4	6
5	15
6	13
22	13
26	6
32	7
45	11
52	6
56	4
69	2
75	9
81	2
88	5
91	7
92	6
99	14
102	10
106	11
120	1
140	12
141	13
146	4
147	4
149	12
157	5
162	8
192	3
193	4
194	8
Market 189
1	15
22	15
23	7
27	3
38	8
45	15
52	4
56	3
57	13
60	11
63	14
65	13
66	3
67	12
69	5
72	12
77	11
80	15
83	10
87	15
89	5
103	1
107	9
131	10
135	7
145	4
147	7
150	10
157	7
165	9
169	10
176	2
194	15
Market 41
2	10
11	1
44	5
48	14
52	11
55	12
56	12
61	12
62	13
63	10
64	9
65	2
72	2
75	8
77	15
79	2
82	11
84	2
95	4
96	6
98	1
107	6
119	14
122	15
124	12
125	11
126	1
132	15
134	8
135	10
139	8
144	10
161	11
166	15
176	2
178	5
182	9
183	5
191	5
194	14
200	5
Market 290
1	6
11	12
13	2
18	14
25	10
27	4
28	3
32	3
37	6
54	5
56	14
59	10
60	8
63	8
64	1
67	7
69	3
75	15
77	15
80	13
82	8
88	11
89	6
96	3
101	8
110	14
115	2
125	3
130	5
135	10
136	8
139	10
140	8
141	7
147	1
150	7
165	5
166	8
173	6
176	5
182	8
185	11
188	13
197	1
200	14
Market 44
3	11
4	5
6	14
7	11
11	12
19	6
37	6
38	1
44	5
62	6
64	3
72	3
86	6
97	8
100	7
101	6
110	15
114	5
130	9
146	9
147	13
154	12
161	3
164	5
165	12
166	10
168	11
169	10
182	10
189	13
190	10
195	12
Market 2
18	4
22	6
31	2
34	1
41	5
45	7
48	9
49	1
50	5
53	6
55	5
69	3
70	13
80	12
89	14
109	1
121	13
122	9
136	13
139	7
142	9
143	11
147	4
149	4
163	15
176	1
193	7
Market 181
3	1
10	10
12	12
13	5
17	15
19	9
22	14
23	3
32	9
35	3
37	11
47	7
49	5
50	10
52	12
60	10
63	13
70	2
77	10
79	6
89	15
91	2
97	7
98	6
99	6
101	2
110	12
111	14
115	10
117	1
123	8
132	1
140	6
143	10
147	9
149	1
153	4
155	6
157	7
160	3
162	9
165	9
170	5
172	4
174	13
182	6
192	9
198	14
Market 164
2	12
9	9
27	11
31	15
32	8
35	9
38	5
52	10
60	8
64	11
66	1
72	6
82	11
87	10
93	8
103	15
104	10
114	10
160	12
161	11
165	13
174	4
182	2
190	4
Market 129
4	4
19	9
35	13
38	5
52	1
59	6
64	15
70	8
76	7
78	9
80	7
87	4
93	14
102	8
106	1
107	4
114	7
117	3
123	6
125	6
130	8
134	10
147	2
149	14
150	9
154	8
166	12
170	5
174	9
176	12
180	2
182	5
186	11
Market 21
22	1
55	7
56	6
63	9
85	9
99	8
109	4
118	6
130	7
157	11
166	6
176	3
180	13
188	12
Market 59
1	10
22	10
27	12
35	11
38	2
44	3
48	1
49	4
50	4
61	2
62	8
67	11
72	4
73	15
75	1
76	13
79	10
80	13
87	11
98	10
99	5
101	15
105	10
109	1
115	7
117	13
131	8
132	5
139	9
145	8
146	13
149	10
161	5
190	5
193	10
197	13
199	13
200	9
Market 213
4	7
12	11
13	14
20	9
23	6
35	4
37	5
38	8
44	13
48	3
52	6
54	4
57	2
65	4
69	15
70	2
86	12
92	15
96	2
99	15
102	6
106	5
110	9
113	8
115	12
122	6
125	6
127	6
130	4
132	12
136	5
140	6
144	11
147	5
150	5
154	11
155	8
157	7
158	5
167	9
170	2
181	10
185	1
195	14
Market 70(F)
12	10
15	8
48	6
64	12
77	14
81	7
87	4
91	5
93	2
94	13
99	14
107	9
110	12
111	8
123	6
136	12
137	4
146	6
157	2
161	9
165	13
170	13
174	3
178	12
185	4
186	15
198	14
Market 205
11	15
15	5
19	12
23	2
35	1
44	10
45	10
47	8
49	15
56	1
57	11
61	4
62	3
72	2
82	11
88	12
101	1
114	3
125	9
147	3
157	14
160	8
174	1
196	7
Market 13
5	4
18	13
23	15
25	13
35	6
37	5
43	11
59	6
64	5
82	6
86	15
101	3
102	10
106	14
107	13
109	14
122	1
133	15
142	13
147	14
154	12
163	5
165	12
188	11
196	12
200	10
Market 31
6	11
11	7
19	15
23	9
31	9
37	5
44	7
50	13
52	5
55	9
58	9
65	4
66	10
69	12
78	7
79	8
85	12
93	11
94	4
96	1
97	15
106	10
107	1
110	4
111	14
115	7
123	14
125	3
134	6
135	6
136	3
141	3
142	7
145	3
148	3
153	7
155	15
166	12
178	14
182	1
193	5
194	2
195	3
200	2
Market 235(F)
3	10
15	2
22	7
23	4
26	7
27	2
31	1
32	11
35	8
43	9
48	1
52	3
62	13
64	3
68	6
69	8
70	4
72	1
74	5
75	9
76	7
79	12
80	10
82	8
89	15
90	5
92	9
93	3
106	10
107	5
108	1
118	8
128	2
130	1
132	3
143	2
153	7
154	14
159	15
162	12
163	12
184	3
187	1
192	5
198	12
Market 109
17	13
19	9
21	1
27	4
30	13
32	12
33	1
51	4
54	12
58	7
62	4
64	11
70	15
81	1
94	3
106	8
109	13
110	6
117	2
118	13
125	15
134	1
139	15
141	2
142	9
143	4
146	2
147	8
173	3
176	10
194	12
200	9
Market 124(F)
10	8
15	9
23	8
40	4
44	14
49	12
67	6
69	14
70	15
72	10
80	15
88	10
94	9
96	5
110	7
120	9
139	6
142	12
147	5
149	6
170	6
176	13
180	3
183	4
191	5
194	9
Market 195
11	7
19	5
35	7
48	11
66	15
76	9
79	10
82	3
87	1
89	2
96	11
103	8
107	14
115	13
117	8
139	1
142	1
147	3
161	6
176	3
177	1
190	6
Market 194
2	6
3	14
10	11
11	13
12	7
13	9
15	1
21	10
22	2
23	15
28	5
33	1
35	9
37	4
51	3
52	15
56	8
57	13
67	1
69	2
86	1
88	5
91	7
93	13
95	13
97	12
99	2
110	14
112	1
118	15
120	12
123	8
127	14
132	4
136	7
140	1
141	7
160	8
161	14
162	14
166	9
176	12
180	15
186	1
188	12
190	7
192	4
199	8
Market 127(F)
4	1
5	5
13	15
15	8
22	12
23	6
27	8
31	11
35	9
37	4
38	7
48	5
60	2
63	2
69	14
73	12
79	11
82	15
84	5
93	8
105	5
111	8
138	6
145	4
149	14
152	3
155	5
160	7
161	8
165	6
178	1
182	10
183	10
193	11
196	4
Market 171
10	5
15	11
26	4
28	4
31	15
35	6
37	1
42	9
48	6
49	2
51	2
56	12
61	9
66	12
70	8
80	5
82	4
84	12
88	7
91	5
96	8
97	4
105	7
106	1
110	15
114	15
117	3
121	9
132	12
135	6
138	1
139	6
140	5
142	15
149	13
161	1
162	7
176	10
180	4
191	9
192	15
197	11
200	15
Market 200
2	10
3	10
32	3
35	1
48	10
54	10
55	6
60	8
63	9
67	5
84	12
91	13
97	3
109	14
115	11
118	9
120	1
123	13
136	2
138	9
142	10
162	1
186	6
188	14
193	10
198	5
Market 143
4	7
9	12
10	5
21	7
48	2
57	2
61	2
76	13
84	12
89	13
93	12
94	5
103	9
107	6
117	14
132	6
137	4
142	4
143	7
146	15
153	5
155	1
163	4
186	7
200	6
Market 154(F)
4	11
18	14
19	4
23	12
25	8
38	6
44	2
47	5
57	5
61	1
67	10
70	13
72	3
81	3
92	13
96	11
97	14
100	10
105	11
107	7
116	6
117	5
122	13
127	9
130	9
136	4
143	5
148	2
161	2
162	4
Market 185(F)
3	12
4	6
11	2
12	11
31	4
54	2
56	2
57	10
59	8
62	8
69	3
76	13
82	7
89	8
93	14
95	8
97	13
104	3
106	3
114	4
115	4
123	9
126	10
133	10
136	14
141	12
145	12
147	15
154	7
160	14
164	5
165	14
167	15
169	3
174	4
180	11
Market 241(F)
2	7
4	10
10	8
15	11
19	12
25	1
34	1
35	15
45	8
49	7
51	11
52	9
53	5
56	3
57	13
60	15
61	14
63	4
67	1
81	12
88	12
89	14
98	13
99	15
101	2
109	14
131	11
137	9
139	1
143	4
145	2
146	4
149	15
151	11
163	12
173	5
174	2
176	6
178	10
182	2
194	14
Market 199(F)
3	1
4	1
38	12
50	11
61	9
72	6
76	14
89	4
93	11
96	4
98	12
105	6
109	7
115	5
122	10
126	4
130	2
132	15
141	1
142	7
149	14
161	2
166	10
174	10
176	6
182	1
185	4
186	12
188	5
190	5
192	4
199	2
Market 273
4	6
9	2
23	3
25	8
27	14
31	4
35	13
42	10
45	14
54	14
66	4
68	3
72	11
79	3
82	9
95	12
97	13
115	3
117	6
120	9
139	13
147	7
162	8
164	6
167	14
169	13
173	11
176	9
180	10
193	8
195	1
Market 209(F)
12	15
18	15
21	7
31	4
35	13
37	3
38	15
39	5
55	12
61	15
65	1
74	4
88	7
89	3
98	4
102	12
110	4
111	11
136	3
138	13
141	14
153	13
161	7
163	14
170	14
184	2
187	11
193	10
198	6
Market 103
12	14
15	14
18	2
23	11
25	10
31	15
32	3
35	8
38	6
41	3
44	8
45	8
50	3
56	7
57	15
58	1
61	9
63	1
66	1
72	14
78	13
86	10
90	10
99	8
106	9
108	2
109	7
114	1
121	7
122	5
127	12
135	8
143	13
157	9
160	13
161	13
166	13
173	13
178	9
191	9
192	9
193	4
194	2
199	2
200	10
Market 293
2	9
13	12
15	13
18	2
23	8
24	2
31	11
37	13
41	10
43	4
44	10
52	4
54	11
64	2
72	9
82	12
86	3
96	10
105	15
107	3
114	1
125	4
160	15
161	9
162	15
178	13
180	6
182	13
193	11
Market 239
3	3
15	6
19	1
27	12
28	8
48	11
50	7
53	11
58	13
61	14
65	8
80	12
86	2
88	10
89	8
94	7
98	6
99	10
117	14
122	15
126	6
132	13
134	9
136	6
140	13
145	1
147	3
154	4
161	2
162	8
163	15
165	12
173	9
182	3
185	9
191	10
194	15
Market 74
2	14
12	15
18	2
33	10
37	13
38	13
39	15
43	10
44	3
45	11
48	5
50	3
51	8
55	14
63	10
65	4
78	15
79	2
80	9
88	1
90	8
94	7
95	7
96	5
105	13
117	1
121	14
128	14
141	3
142	5
146	5
149	2
153	6
157	1
162	9
166	9
176	1
180	14
198	7
Market 291
6	9
12	4
22	8
23	13
25	12
38	10
41	14
45	4
48	7
50	3
54	14
55	15
56	8
58	14
66	14
67	11
70	15
72	2
73	13
75	13
77	8
80	14
84	10
88	6
89	7
94	14
105	10
106	10
109	11
110	2
111	3
114	7
115	14
117	12
124	11
127	6
130	12
135	4
142	6
149	8
153	8
154	7
163	4
176	4
183	2
187	1
192	12
200	15
Market 182
2	14
4	3
8	1
13	15
15	11
19	13
23	7
33	10
47	6
48	13
65	6
66	7
67	1
71	10
86	11
100	10
103	12
106	5
107	5
110	6
113	1
117	12
166	9
173	5
189	1
193	2
195	7
Market 177
9	2
11	3
13	1
19	4
25	13
31	8
37	11
44	4
45	2
51	9
54	13
56	7
64	14
69	4
84	1
86	11
88	1
94	9
97	7
98	13
114	3
120	3
122	4
130	4
137	8
149	3
150	11
154	1
155	15
162	7
176	11
178	4
180	8
186	9
187	10
194	3
200	14
Market 119
3	15
11	7
27	3
31	2
39	14
44	10
45	10
54	9
56	12
59	3
62	11
64	5
75	7
84	10
86	10
87	8
89	7
90	5
97	12
103	2
105	2
110	3
111	7
112	5
115	11
119	5
122	12
124	6
127	7
132	9
136	12
138	7
140	11
143	3
146	11
149	15
150	14
154	3
157	1
161	1
166	9
180	15
184	11
185	4
191	1
193	12
Market 285
10	1
15	5
22	14
23	9
28	7
38	11
43	9
47	11
52	7
53	4
63	6
67	8
86	7
97	15
103	3
107	14
115	7
122	1
125	1
146	13
149	1
154	8
157	10
158	4
166	5
176	4
Market 99
10	13
13	15
28	13
43	6
50	11
54	10
61	14
63	9
65	4
78	8
79	3
90	1
95	8
98	8
107	5
111	8
115	2
130	11
132	5
139	15
157	9
161	1
164	14
170	10
Market 122
8	7
12	12
23	14
26	10
31	4
35	6
38	12
48	1
54	2
56	9
59	8
64	6
75	2
79	8
81	15
86	10
91	4
95	12
103	15
109	10
115	3
118	5
122	12
133	4
143	1
147	15
150	13
157	4
166	2
173	11
176	12
192	14
193	5
195	6
199	5
Market 5
18	9
20	6
22	2
25	14
29	5
33	6
37	10
53	4
60	12
61	9
62	4
63	15
67	14
68	15
74	5
79	14
84	4
88	5
89	9
90	8
96	14
98	7
99	3
100	13
109	9
111	5
113	15
114	11
121	8
125	13
129	11
130	9
136	14
139	4
142	9
149	4
153	1
160	8
161	11
164	4
165	1
169	4
173	14
176	3
181	4
182	10
185	15
186	12
194	1
196	5
Market 114
2	12
3	10
6	14
10	9
12	10
13	3
17	12
18	3
23	12
25	14
35	7
38	15
43	6
47	2
60	4
65	15
67	2
70	11
77	3
89	6
93	14
98	6
99	8
102	5
114	13
115	12
125	9
136	15
137	3
141	7
148	1
151	7
157	2
161	14
170	6
174	13
193	15
196	14
Market 252
2	1
11	15
13	13
17	4
23	1
32	12
34	13
49	15
62	15
67	2
79	14
96	10
97	10
110	1
118	1
127	12
130	7
141	12
149	12
155	11
162	7
169	6
180	4
185	5
190	9
Market 98
4	2
11	14
17	9
26	14
27	8
30	13
35	6
38	3
43	1
58	11
61	2
70	2
75	14
77	8
78	2
81	7
82	11
85	10
89	1
91	5
93	7
101	1
104	7
122	8
123	7
137	4
142	4
143	1
147	3
151	9
155	12
161	8
165	4
196	9
200	3
Market 262
18	12
23	4
26	12
27	7
30	7
32	13
35	1
47	11
48	2
52	3
55	9
56	4
63	7
65	1
77	1
87	2
98	13
102	3
106	5
107	10
125	7
127	15
135	7
136	1
155	14
160	2
162	14
183	8
187	4
190	8
Market 61
19	13
35	2
47	15
50	11
55	15
65	5
69	7
84	8
86	2
89	7
94	15
98	7
106	8
111	10
117	14
120	6
122	11
125	7
138	11
150	12
160	10
166	7
167	2
186	13
188	15
197	3
Market 79
4	1
5	13
11	11
13	5
19	15
25	1
31	13
32	15
38	1
54	12
55	14
59	12
62	8
63	8
64	1
69	5
71	1
72	7
79	10
80	13
94	10
101	4
113	7
117	15
119	6
134	11
136	11
137	9
144	7
146	1
147	12
154	12
158	6
160	12
161	3
165	6
167	15
169	14
173	4
177	8
181	9
186	14
190	11
191	3
196	11
200	13
Market 208
4	15
11	13
15	5
18	8
19	5
24	2
34	2
37	6
38	7
44	12
52	13
54	11
66	1
69	2
76	2
93	4
96	7
105	11
127	10
131	6
134	6
165	2
186	3
193	12
196	14
Market 81
4	15
6	13
10	13
12	11
17	4
18	8
22	3
30	13
35	12
44	5
48	11
67	14
70	9
72	13
79	4
89	2
91	5
93	13
100	5
102	11
103	2
110	3
112	3
113	5
134	4
139	4
140	1
141	7
142	4
143	9
150	15
157	2
159	14
161	11
189	2
Market 197
2	7
5	10
8	14
11	1
12	10
13	13
31	12
32	4
38	13
42	1
45	9
49	12
54	3
59	10
70	9
72	1
81	2
91	11
97	4
105	2
109	12
112	2
113	15
114	11
120	8
126	2
131	2
134	4
136	14
145	11
154	9
157	7
165	3
170	3
174	8
193	15
194	5
196	9
Market 287
4	8
12	7
19	9
29	4
48	11
51	13
62	11
63	2
64	4
67	14
80	4
86	9
97	3
98	9
102	5
106	5
110	12
115	10
130	2
139	7
140	12
144	3
147	1
148	2
158	6
161	13
166	14
174	7
177	10
182	3
188	1
Market 207(F)
19	9
20	4
25	3
26	1
31	15
34	2
37	6
38	2
41	11
52	5
62	1
63	5
67	2
68	4
69	4
72	13
77	7
80	6
95	15
100	13
109	5
119	14
120	13
122	13
123	1
132	3
135	13
141	13
142	14
143	11
145	13
146	5
164	10
165	13
167	14
170	13
174	4
176	8
186	8
193	13
195	13
197	7
Market 161
2	7
10	12
11	6
18	1
27	13
31	14
32	12
35	8
37	5
38	3
49	4
50	7
51	4
52	11
61	13
65	14
66	1
80	12
89	5
93	14
96	11
99	4
101	3
105	3
114	8
115	13
121	7
127	12
131	12
132	10
136	10
137	10
139	8
141	3
142	3
145	5
146	11
151	7
153	2
155	7
157	1
162	15
170	10
171	8
174	12
176	8
180	13
190	6
191	9
194	13
Depot
