TPP_FSO_CapEuclideo.300.200.8.5
Total Cost:48227
|M*|: 298
Depot
Market 50
2	9
47	10
51	5
58	13
71	14
80	13
81	5
97	2
129	10
132	8
134	13
138	3
157	6
159	15
170	3
174	4
182	4
195	6
196	11
Market 197(F)
25	3
28	1
33	10
41	9
43	4
44	15
49	2
54	8
61	15
64	15
74	1
77	3
94	13
112	7
120	10
158	15
159	7
184	13
190	9
Market 201
12	4
16	4
25	6
26	9
32	2
37	10
41	1
62	9
67	4
83	14
103	10
111	14
125	3
138	10
142	8
157	7
159	2
194	9
195	5
198	5
Market 115(F)
3	4
5	5
15	1
17	14
21	3
29	5
51	13
63	9
68	9
80	11
96	5
97	7
125	4
137	3
141	4
154	9
158	5
162	13
175	7
186	4
190	15
Market 153
4	3
6	5
22	3
25	3
28	1
38	13
39	11
96	11
99	3
106	6
114	8
137	1
142	3
157	7
171	11
174	2
192	8
195	8
Market 244
44	10
53	15
66	6
68	5
70	13
72	10
77	5
80	12
83	10
93	15
105	5
106	4
107	10
134	3
136	3
139	9
145	3
161	12
164	3
166	1
171	3
174	11
177	15
190	2
200	14
Market 162
1	3
16	8
18	7
36	10
66	6
94	13
97	8
98	6
105	5
129	12
139	1
141	12
153	4
157	2
171	4
185	4
191	7
199	12
Market 56(F)
15	15
44	14
66	9
70	13
82	6
99	5
104	6
120	14
147	12
157	8
Market 3
3	12
6	9
14	8
15	7
20	5
21	10
38	15
40	3
44	13
46	12
50	9
52	10
72	3
84	2
88	8
97	9
98	6
136	9
140	9
153	9
162	11
166	11
171	3
172	8
177	10
183	10
190	13
193	1
Market 221(F)
12	12
18	2
19	15
28	4
34	11
36	15
39	10
45	2
50	8
51	14
52	4
53	3
65	15
66	10
80	14
85	2
89	15
97	14
100	13
109	9
113	6
120	6
137	8
171	5
185	12
Market 82
2	4
47	7
54	10
61	1
83	9
133	5
135	10
150	2
157	4
162	10
172	10
175	9
190	9
199	1
Market 106(F)
18	15
39	1
48	5
63	14
74	9
85	3
97	7
99	1
103	11
109	13
132	3
137	9
141	8
152	2
167	7
171	8
Market 126
1	2
2	2
17	5
23	1
63	12
68	7
71	10
72	5
124	8
127	10
154	13
157	14
159	14
180	8
192	1
195	8
Market 278
1	12
16	15
47	4
63	13
86	13
91	6
100	4
106	14
108	1
145	5
159	4
183	5
195	12
196	9
Market 40
4	5
15	1
20	4
22	9
47	5
50	1
53	9
60	1
62	10
64	7
70	6
71	5
76	9
97	11
103	6
120	7
138	4
180	13
200	4
Market 277(F)
3	9
13	12
22	2
31	5
33	5
58	12
64	15
80	15
107	1
111	12
138	12
153	8
154	12
157	13
172	2
187	4
200	7
Market 121
4	12
7	6
12	13
18	6
29	7
38	7
48	12
55	7
58	4
66	6
68	13
72	7
81	12
91	14
95	12
101	8
114	11
124	3
135	1
145	1
174	12
187	15
Market 266
17	14
46	12
71	2
136	7
141	14
145	4
148	10
156	13
162	15
174	11
183	10
190	2
196	9
Market 28
2	4
20	11
23	2
33	10
38	14
39	9
40	12
44	1
50	7
92	12
103	7
105	4
112	3
113	1
120	13
122	7
129	2
139	8
140	11
153	5
156	2
164	6
190	2
192	9
200	7
Market 160
74	2
80	7
88	14
91	11
95	15
103	8
107	8
114	2
124	13
126	5
131	10
136	11
141	7
143	12
157	3
159	3
166	12
173	4
183	15
185	3
192	10
195	9
Market 87
2	5
3	14
10	4
20	1
24	7
40	7
63	12
87	8
107	9
109	9
115	13
124	15
128	6
145	10
159	1
162	4
173	14
180	6
182	11
193	6
200	5
Market 12
48	12
51	12
53	11
55	6
63	10
71	3
72	14
83	9
95	9
103	8
106	7
113	3
129	11
135	6
150	10
152	10
161	15
170	2
183	13
Market 182
8	13
12	5
15	7
19	10
20	5
22	12
23	12
32	5
39	2
44	8
45	6
58	1
63	2
65	6
66	2
95	7
99	13
103	3
121	9
125	7
135	8
150	9
154	7
162	1
173	10
180	4
Market 271
1	8
4	6
6	13
7	2
12	14
17	12
21	2
26	11
58	7
61	2
62	10
65	4
66	4
71	14
72	4
77	9
101	7
103	2
105	9
107	6
120	4
125	3
126	2
132	8
139	10
155	4
156	1
160	5
171	4
174	15
198	13
Market 131
1	4
3	13
7	12
12	8
15	14
19	7
34	11
42	10
44	6
47	13
58	13
67	7
71	4
72	5
73	11
77	8
82	5
88	15
98	7
99	14
100	4
103	14
111	14
114	15
128	1
148	11
159	11
165	4
171	8
172	7
173	7
181	2
184	7
187	7
196	6
Market 253(F)
17	11
34	6
59	3
60	12
70	2
98	10
132	8
139	8
169	13
183	5
197	5
Market 166
2	13
4	8
25	2
69	6
80	14
87	1
106	3
113	14
117	12
120	8
127	9
139	9
141	15
156	9
187	8
194	3
199	15
Market 226
2	5
15	5
48	8
51	10
58	2
65	9
68	1
71	15
97	12
106	9
107	10
113	1
114	12
129	2
145	13
153	12
155	10
166	15
172	9
Market 282
2	1
12	10
32	4
47	13
61	7
65	9
70	12
76	5
81	1
82	3
83	8
91	13
100	9
113	6
127	15
128	9
129	7
135	9
184	13
191	14
196	14
198	3
Market 48
15	5
50	11
63	10
65	8
69	8
97	3
99	2
101	12
106	8
113	4
122	4
123	8
127	2
130	1
135	3
153	3
159	13
170	2
195	3
Market 227
4	7
15	13
23	10
32	2
34	11
58	2
59	15
64	3
72	5
75	1
80	7
83	14
84	9
111	3
112	13
124	10
133	5
139	8
140	6
170	14
176	9
185	11
196	11
Market 63(F)
2	13
5	15
6	15
7	13
14	7
17	4
19	5
20	11
22	14
23	10
25	6
29	11
38	5
40	5
46	6
47	14
48	5
59	11
62	15
71	12
77	13
78	13
81	2
83	12
103	7
105	7
115	11
122	7
129	3
139	9
141	15
151	1
159	9
167	5
188	5
199	6
Market 69
14	11
99	12
103	6
133	6
134	2
169	1
171	8
190	12
191	4
192	10
196	11
Market 292(F)
38	3
64	8
71	14
78	6
94	14
112	7
129	2
135	5
136	8
152	1
162	12
167	2
Market 97
1	13
5	4
6	14
12	2
14	6
20	6
23	11
24	5
29	10
51	2
60	15
62	3
64	6
66	6
71	9
75	10
76	15
95	15
97	15
101	13
103	1
115	7
124	11
132	11
145	5
187	12
200	5
Market 16
38	4
39	10
42	5
60	14
63	13
66	4
70	13
88	14
99	13
114	10
123	10
142	13
152	3
165	2
172	13
179	2
183	9
186	9
187	10
Market 299
8	2
17	1
25	9
51	9
62	13
72	7
73	10
78	15
120	12
123	13
130	6
139	9
141	6
152	1
156	3
158	15
163	5
171	9
175	10
187	9
200	14
Market 7
3	15
5	4
7	12
11	5
19	5
20	11
21	9
26	11
29	12
41	7
43	11
47	6
63	15
66	14
70	6
101	4
113	14
153	2
162	2
166	9
195	11
196	14
Market 171
11	6
16	4
42	5
45	8
54	6
55	5
58	11
62	11
64	11
65	4
83	10
95	9
97	15
111	9
126	10
139	12
141	13
145	8
156	12
195	15
197	2
Market 276
15	2
64	10
65	4
68	15
107	11
111	13
138	1
155	9
176	10
185	7
190	13
191	12
200	7
Market 128
16	10
20	14
40	3
59	2
62	2
64	9
66	14
87	2
89	13
98	4
99	14
102	4
111	3
130	1
139	15
148	7
166	7
169	10
173	6
180	10
197	12
Market 77
2	8
7	12
9	3
17	9
19	12
21	13
22	4
31	3
62	9
63	11
66	11
80	5
81	9
97	10
124	6
139	8
143	3
157	13
158	11
159	11
169	1
180	13
187	13
192	10
Market 103
3	14
4	3
6	11
7	3
16	15
18	13
25	9
26	6
36	3
40	11
61	15
64	9
77	5
81	2
89	9
91	11
107	7
121	6
126	10
132	12
155	6
160	3
167	1
173	5
174	12
181	1
191	15
Market 45
10	11
22	4
28	6
29	6
39	13
40	8
48	15
57	5
65	1
72	11
78	13
100	8
131	12
141	12
158	6
159	9
166	6
171	3
179	15
180	12
186	4
Market 243(F)
1	15
2	1
3	11
4	9
6	5
14	8
20	5
23	7
24	1
25	5
37	8
39	5
44	8
52	11
53	2
62	10
71	15
78	3
95	6
100	4
101	14
105	2
107	2
108	12
128	10
137	8
141	7
143	6
162	1
170	14
180	8
181	15
190	8
191	5
198	11
Market 129
30	4
50	15
53	5
60	3
63	9
81	5
94	3
95	11
138	12
141	7
158	8
174	10
Market 205
2	14
4	15
22	5
38	10
47	7
52	5
53	8
65	1
72	1
75	4
83	10
89	7
91	4
99	13
110	14
118	2
138	7
143	8
155	8
159	2
162	5
173	6
174	13
188	2
Market 132
18	8
48	12
55	11
70	6
71	7
74	11
76	13
83	15
97	8
98	2
123	9
126	2
138	14
139	7
168	3
177	5
190	12
192	7
200	5
Market 17
1	11
10	11
16	2
24	15
68	8
126	7
132	1
136	13
156	14
199	11
Market 159
15	5
18	4
20	7
24	15
28	10
42	13
51	11
59	13
78	10
80	6
83	10
85	1
86	14
101	6
106	13
107	10
114	9
122	15
123	14
129	7
130	9
136	9
158	14
171	13
176	14
179	7
188	11
Market 228(F)
38	5
51	9
52	3
59	3
61	10
62	5
63	5
70	1
73	4
93	1
97	15
98	3
111	2
115	7
120	6
126	6
133	3
134	10
135	5
138	14
143	6
169	5
192	4
Market 137
1	5
5	14
10	11
14	4
29	1
33	11
35	13
38	14
49	5
58	10
65	2
66	10
75	5
97	6
114	15
116	9
128	14
130	13
141	7
145	9
148	4
161	5
174	1
177	15
183	8
190	15
Market 117
9	14
28	10
36	10
58	3
65	14
70	8
77	4
112	8
119	2
158	1
171	13
174	1
176	11
184	15
185	9
190	4
192	11
195	4
Market 61
32	6
44	10
45	14
46	15
65	7
68	8
70	1
80	7
145	1
153	1
164	9
169	14
179	14
181	4
192	10
Market 114
4	4
8	4
16	10
17	15
19	7
22	7
23	7
25	2
29	4
32	1
53	9
55	12
60	14
61	6
66	13
77	3
78	7
94	13
99	5
106	8
122	14
123	3
126	10
137	11
139	5
152	9
156	3
163	4
187	5
190	2
195	1
Market 109
14	2
16	2
25	2
32	2
59	7
61	1
68	3
105	14
111	12
126	5
143	15
147	4
156	7
161	15
171	1
183	1
187	7
196	11
Market 296
15	3
23	12
38	1
65	12
66	2
72	6
78	10
81	3
86	11
87	14
99	15
103	5
107	14
129	15
139	8
154	12
156	8
169	5
171	11
193	6
200	2
Market 224
50	5
57	2
63	1
72	14
75	7
100	13
110	10
141	5
143	3
154	8
158	15
174	2
Market 234
12	3
23	1
38	12
47	2
50	13
62	4
68	4
76	14
78	1
86	4
98	15
100	9
123	8
128	13
129	5
130	15
148	8
156	5
158	9
164	11
169	5
190	12
Market 172
15	6
50	4
54	6
72	6
93	12
94	10
99	9
101	4
106	12
112	2
123	1
129	4
131	13
135	14
136	11
154	2
162	4
175	10
181	15
Market 189(F)
12	10
14	5
15	2
18	15
25	13
29	6
64	8
89	8
100	12
102	13
103	3
114	2
127	1
131	8
133	9
138	13
156	4
159	11
166	1
169	11
171	13
173	2
174	2
196	15
197	5
Market 151
1	10
3	8
7	9
13	7
20	15
25	3
28	9
32	5
33	2
34	2
40	5
45	9
67	13
76	1
77	10
80	2
91	15
118	15
139	13
144	4
145	14
157	4
161	11
174	13
188	5
200	5
Market 256(F)
44	11
46	14
50	11
53	9
64	4
65	15
91	3
103	5
135	3
145	10
170	2
188	9
190	15
195	1
196	13
Market 27
5	9
8	8
14	15
16	5
28	9
39	2
40	13
45	7
49	8
72	11
85	14
100	11
119	5
127	7
136	13
145	4
156	9
161	10
182	14
188	5
Market 108
44	6
54	1
62	8
81	1
103	4
106	14
107	2
113	4
140	4
174	10
175	8
176	7
185	14
199	15
Market 214
1	5
20	5
23	13
44	10
50	15
55	12
58	13
60	11
62	12
63	14
76	3
81	10
91	12
98	3
102	5
114	7
135	8
138	2
156	1
157	7
159	4
161	1
166	5
173	10
180	14
Market 209
7	5
11	12
21	11
23	8
31	12
52	9
61	7
70	11
72	7
93	13
99	5
112	11
183	4
187	10
196	4
Market 46
8	13
24	5
32	14
48	7
64	15
71	8
98	5
113	3
138	14
157	7
183	8
200	13
Market 98
4	8
41	12
58	3
68	13
71	13
77	10
85	4
101	6
120	15
139	5
150	5
159	5
170	6
174	1
Market 58
1	3
5	11
9	3
21	5
43	6
50	11
64	1
65	14
66	9
72	11
80	4
97	11
107	8
124	8
126	14
129	11
145	13
155	8
173	9
181	4
187	6
195	14
Market 120
2	4
15	9
44	7
58	10
60	9
69	3
72	11
77	3
81	9
95	8
99	1
105	2
120	1
130	6
132	14
138	9
141	6
148	11
162	9
198	4
Market 240
16	3
17	15
38	7
46	5
51	2
52	3
68	13
75	4
78	2
80	13
111	15
118	5
127	4
130	4
131	8
136	8
137	2
155	1
169	8
192	9
195	11
200	13
Market 149
1	2
12	11
32	14
33	4
50	14
83	15
85	11
95	13
102	13
106	9
108	6
122	2
131	5
134	15
136	15
150	6
155	13
163	2
176	9
177	7
182	3
187	1
Market 245
2	8
6	13
11	1
12	15
18	7
20	14
32	10
51	6
53	6
68	7
70	4
80	5
87	4
99	1
101	4
126	2
133	4
153	4
156	2
157	2
164	4
174	9
187	14
195	7
200	9
Market 260(F)
5	11
53	9
62	15
70	6
77	6
106	4
136	7
143	7
174	1
Market 289
7	13
17	3
21	13
31	9
37	15
51	2
64	9
80	2
97	7
99	15
109	9
129	11
132	11
156	12
164	11
175	4
Market 247
15	7
20	6
24	13
25	15
63	4
71	4
80	1
91	5
93	2
127	2
128	10
149	13
174	14
186	2
187	8
Market 6
18	15
61	15
62	14
64	2
88	6
114	11
125	1
128	9
137	11
139	1
200	8
Market 72
1	13
6	6
15	3
20	6
22	9
23	12
44	10
50	6
52	6
60	4
61	3
66	9
72	14
91	8
96	11
98	7
99	13
124	1
138	7
141	7
154	14
173	12
185	14
192	1
197	5
199	14
Market 268(F)
4	11
23	4
25	10
47	8
50	7
67	12
68	10
77	11
80	1
89	1
101	15
103	1
111	5
115	14
128	3
130	7
148	1
155	10
156	11
159	15
169	9
174	10
182	14
197	13
Market 261
18	1
19	9
21	1
28	5
39	7
55	3
61	2
78	8
83	8
85	8
97	14
103	4
105	14
120	15
129	3
136	7
153	6
164	8
193	4
198	1
Market 9
1	11
5	10
8	10
11	15
12	1
20	13
23	3
33	1
42	9
44	6
48	10
51	14
57	11
66	8
72	4
73	10
81	15
83	5
86	1
101	15
103	14
129	3
133	8
135	2
152	10
154	3
155	13
162	14
163	2
169	5
173	13
176	4
186	11
192	14
Market 89(F)
4	2
15	4
16	12
18	13
19	1
40	14
46	9
66	3
94	5
95	2
120	10
130	4
139	4
176	11
179	3
Market 207(F)
10	3
12	2
13	7
31	4
33	6
38	12
39	14
51	8
56	6
63	5
68	15
96	2
99	14
103	1
106	3
113	11
129	7
130	15
139	11
145	9
162	10
166	14
173	10
193	12
Market 251
4	10
16	2
22	13
25	9
49	4
57	2
81	9
106	10
107	5
113	6
114	2
153	5
158	11
166	14
169	9
170	4
176	2
186	1
187	14
Market 288(F)
1	2
5	3
16	9
25	14
42	3
44	3
45	1
51	7
53	10
58	13
62	13
64	1
66	1
87	3
99	15
106	2
123	3
130	6
153	4
156	7
158	6
159	1
167	4
168	9
177	5
180	5
195	9
Market 62(F)
17	13
43	4
52	14
62	3
66	11
90	12
113	4
125	1
126	7
131	12
133	10
138	9
183	15
188	6
Market 190(F)
3	4
5	13
22	3
28	1
39	12
59	8
70	6
77	3
93	10
121	10
126	1
129	12
139	13
143	5
148	7
161	1
162	12
167	14
169	5
182	1
190	10
200	14
Market 167
14	11
20	6
25	6
28	9
33	13
48	9
81	12
97	1
127	6
131	12
135	3
145	4
146	2
151	7
161	7
187	4
Market 293(F)
1	14
2	6
4	12
7	11
10	4
15	2
17	1
64	2
68	14
81	14
90	5
96	15
109	11
113	5
126	8
137	6
138	9
141	8
155	1
157	14
165	8
174	1
178	2
184	4
188	4
192	12
195	8
200	3
Market 96
5	6
18	5
45	7
51	8
62	5
65	8
73	7
81	13
91	4
92	3
94	13
115	1
120	4
126	9
134	7
148	13
154	11
157	6
159	10
165	7
171	12
174	7
177	14
184	3
192	11
Market 70
15	2
17	13
53	1
55	7
58	12
59	4
76	8
79	6
80	14
99	4
101	9
102	10
105	12
113	2
126	7
155	4
156	11
165	1
166	2
173	8
183	4
186	3
191	13
Market 18
2	1
4	12
6	13
11	5
12	4
16	5
18	13
19	3
20	12
22	10
29	8
36	11
37	6
39	2
40	12
44	1
50	10
62	2
71	15
81	1
83	8
111	10
123	12
130	1
146	15
149	1
154	10
156	7
157	6
159	2
161	6
164	13
172	6
177	11
183	13
185	7
192	13
200	5
Market 200
15	15
23	14
44	2
47	12
53	13
55	11
59	6
63	13
83	3
123	5
129	5
143	11
150	3
155	7
159	6
162	6
171	9
182	5
192	7
195	5
198	8
Market 54
17	10
47	2
48	10
55	9
57	12
67	13
80	6
83	4
85	1
95	2
129	1
130	15
133	3
157	3
163	11
166	8
169	14
172	8
175	1
176	2
185	14
199	14
Market 297
11	8
15	6
19	13
22	13
24	6
36	3
58	5
62	11
114	7
135	5
138	4
192	7
Market 88
12	1
100	6
101	14
103	8
146	5
149	5
159	2
161	7
174	5
185	9
187	14
200	14
Market 105
22	14
26	3
31	4
39	8
51	8
61	13
66	1
85	4
92	13
95	6
101	6
104	15
106	1
120	4
134	13
136	2
157	5
191	11
193	11
Market 116
2	2
48	4
60	7
74	9
100	13
111	9
129	3
135	1
143	7
156	12
192	8
Market 11
10	1
15	13
18	14
29	1
32	1
33	14
39	2
60	3
67	8
73	5
74	14
75	15
81	6
83	6
128	1
137	3
184	11
Market 142
47	1
48	3
61	8
64	11
72	7
95	15
103	3
105	1
111	6
115	2
126	10
127	4
139	14
160	15
168	1
175	12
184	5
189	3
Market 225
5	11
12	7
24	13
25	14
32	2
38	3
44	1
61	14
65	13
71	3
81	10
97	7
105	3
121	15
148	2
156	2
169	9
170	14
Market 198
1	4
4	15
51	5
59	3
60	7
71	4
78	4
85	13
136	1
160	15
163	7
169	4
171	4
183	3
Market 23
2	7
16	7
23	2
25	12
32	8
44	9
50	14
62	5
63	14
67	2
101	2
113	2
114	6
126	7
130	8
132	11
158	2
183	4
185	9
Market 222(F)
2	4
4	3
12	13
23	7
34	5
36	3
41	14
45	15
54	1
72	14
90	4
92	1
96	9
101	9
106	7
120	1
122	10
132	6
135	8
136	2
142	12
154	9
167	1
172	1
174	15
188	4
Market 177
14	10
16	5
17	7
23	5
48	6
50	3
52	9
91	7
99	12
105	10
121	15
127	10
128	6
145	9
159	7
170	10
176	1
187	7
196	9
Market 49(F)
4	7
7	4
8	9
12	3
18	10
19	15
24	1
41	12
53	14
59	3
61	12
62	10
63	9
64	9
90	7
100	11
105	1
111	9
116	10
131	10
133	14
138	12
139	15
143	4
148	7
157	12
161	3
171	9
182	14
184	2
189	3
192	10
197	11
Market 43
6	6
18	2
22	11
24	13
26	10
30	15
36	12
53	6
72	2
76	13
82	5
91	6
100	6
110	15
114	2
115	3
118	4
188	2
Market 15
20	12
32	14
36	15
40	2
44	10
50	15
53	10
64	8
71	4
72	3
81	8
85	6
91	9
95	4
103	12
105	5
106	12
111	5
128	7
132	6
135	9
136	13
141	4
159	9
170	6
184	14
Market 175
13	11
32	11
33	11
39	3
59	15
71	11
72	4
109	14
124	8
129	15
132	8
135	9
154	14
159	11
164	4
167	1
171	9
186	9
192	7
Market 136
7	4
15	4
16	5
20	6
25	4
33	5
47	13
50	9
60	7
63	8
77	9
91	1
97	8
98	14
103	3
111	4
113	14
114	2
128	3
129	8
141	10
150	15
155	4
158	10
161	13
166	1
173	10
175	12
181	15
185	11
194	15
196	6
Market 20
5	15
32	7
36	4
38	1
50	7
53	11
57	4
62	2
66	9
72	3
73	5
83	9
89	12
91	10
101	6
104	11
111	2
120	9
123	2
126	8
133	9
139	14
155	15
158	15
159	1
164	14
174	10
181	2
184	13
192	6
194	15
195	15
Market 181
1	11
6	5
8	11
14	3
20	4
23	3
25	6
33	9
45	4
46	6
47	15
48	12
52	4
55	10
61	6
66	4
68	3
72	10
81	9
93	15
99	4
100	6
112	6
114	15
120	12
123	14
126	15
135	15
161	15
166	5
170	6
171	9
192	4
Market 90
59	10
72	12
91	14
103	8
109	10
137	9
174	7
192	3
Market 51(F)
8	13
9	11
16	15
18	8
26	10
41	13
46	14
60	15
81	13
112	12
120	3
126	1
128	7
132	12
141	12
142	10
147	5
152	6
162	13
164	5
187	13
Market 267
10	10
11	3
16	3
34	14
36	3
41	10
44	9
47	6
72	1
84	10
111	8
136	3
138	9
148	1
174	3
190	6
Market 273(F)
3	8
17	12
36	2
77	4
80	4
92	3
93	6
111	7
113	2
124	11
133	8
141	9
156	2
163	14
174	10
175	10
Market 101(F)
1	12
4	6
15	13
28	7
32	1
50	14
58	6
71	3
105	15
122	4
166	5
185	2
198	12
Market 111
7	1
8	4
19	8
20	2
26	4
31	3
33	15
36	13
42	6
43	10
44	8
48	10
58	6
72	13
77	3
83	14
99	10
103	2
105	8
120	4
123	14
136	1
151	4
153	7
162	10
164	2
169	13
170	4
199	12
Market 75(F)
5	13
44	4
46	12
52	8
53	12
65	7
78	10
98	10
100	7
102	14
106	9
110	7
131	13
148	5
161	13
162	3
183	15
185	8
199	11
Market 286
2	8
24	4
32	11
38	9
48	13
54	11
64	7
66	12
77	7
94	15
95	11
113	6
125	3
136	1
138	9
169	5
173	12
199	14
Market 8
15	12
23	7
28	2
44	12
45	10
46	1
63	4
66	14
71	8
76	10
83	5
88	13
99	13
101	14
116	11
126	3
141	14
150	2
167	7
168	15
173	5
180	15
183	8
188	2
192	5
193	10
200	13
Market 134
18	15
24	1
38	15
51	10
57	10
58	15
63	1
64	9
67	11
72	12
80	8
88	1
100	4
123	5
132	4
139	3
167	8
171	5
172	13
194	9
Market 112
4	4
7	8
17	13
23	7
24	5
28	5
31	11
32	15
38	11
41	15
44	5
51	12
65	5
68	9
73	7
80	4
82	1
87	12
89	12
98	13
101	4
103	12
107	11
111	3
124	6
126	1
136	12
154	5
156	3
158	4
161	10
186	2
Market 143
15	6
19	2
22	12
27	8
33	5
39	9
55	7
57	2
72	8
83	12
101	3
107	9
113	7
114	10
124	15
134	11
139	2
151	15
154	2
155	7
156	11
158	11
175	9
180	14
Market 60
29	5
48	14
59	2
77	14
85	13
89	3
109	1
112	11
128	12
136	10
155	7
170	6
184	6
191	13
192	9
Market 164(F)
5	3
18	9
22	3
36	1
44	10
58	14
65	12
71	3
116	9
132	9
145	7
148	1
168	7
169	14
Market 287
1	3
2	3
15	12
24	4
33	1
36	8
38	9
40	13
41	8
83	13
87	8
107	1
114	1
126	8
130	8
131	14
141	9
155	7
157	7
169	8
182	3
187	1
195	4
200	14
Market 145
4	10
5	2
7	11
12	4
17	6
23	3
24	6
26	7
28	15
39	13
41	3
47	6
52	12
58	5
65	13
69	10
75	10
91	1
132	3
141	7
154	15
155	15
161	4
Market 80
24	15
34	9
37	13
63	2
103	3
120	4
155	13
174	8
181	13
187	7
195	6
Market 52
2	10
4	3
5	2
7	15
8	14
21	6
23	10
24	6
30	8
39	3
64	2
70	6
107	14
109	1
115	7
125	12
139	5
145	14
167	7
174	12
Market 272
2	2
16	14
23	5
26	2
28	2
31	7
33	1
37	12
43	5
44	13
46	1
51	3
62	8
71	1
76	11
78	13
81	3
82	4
86	7
100	10
120	7
133	14
141	15
158	9
161	11
164	2
168	6
174	6
186	14
188	14
200	8
Market 36
16	7
38	4
44	6
48	5
50	8
68	10
77	3
88	4
95	6
109	6
137	13
143	15
155	15
170	1
190	3
Market 64(F)
2	2
17	4
68	15
114	7
137	7
138	1
158	1
159	5
164	8
Market 192
18	6
31	1
43	13
64	12
73	1
80	13
95	9
113	4
114	4
125	3
141	5
171	10
200	11
Market 269
1	1
19	6
20	10
28	3
29	5
39	15
45	5
47	7
62	11
72	9
81	6
90	7
91	3
109	7
111	7
128	3
133	14
139	1
141	10
144	5
145	12
148	13
168	12
171	12
182	4
Market 235
6	7
10	4
16	4
20	1
23	7
24	2
39	5
41	6
63	7
66	8
68	12
71	9
72	4
78	11
83	5
93	7
99	8
121	7
122	9
170	5
175	15
Market 231(F)
22	10
25	3
36	4
42	13
44	6
52	15
77	1
85	12
98	12
100	1
122	1
129	9
138	2
152	10
161	3
179	1
185	11
Market 39(F)
7	6
15	11
17	14
22	4
29	7
32	1
38	4
39	5
43	5
55	11
66	1
77	6
78	13
81	12
96	14
106	5
112	5
114	1
123	2
134	3
139	9
143	12
169	4
170	3
185	4
193	1
200	2
Market 187
3	15
7	9
8	1
12	9
16	7
24	5
25	14
29	4
31	11
44	1
64	4
77	3
83	5
92	12
95	2
103	11
128	5
136	12
140	5
151	8
162	8
174	6
187	3
192	3
Market 254
4	11
21	15
48	10
51	12
55	15
59	10
77	4
94	6
97	4
100	12
101	10
103	14
115	4
138	5
145	1
159	13
160	12
170	1
177	5
182	4
187	1
191	8
Market 252
1	6
17	4
23	13
51	5
53	13
58	11
60	11
64	4
67	12
72	1
77	11
95	11
113	9
136	1
159	4
173	7
181	1
190	12
195	15
Market 212
46	14
53	14
88	5
91	6
103	11
105	4
107	4
161	2
185	10
Market 233
1	4
2	10
4	7
12	1
40	15
43	14
51	3
63	2
88	11
106	10
107	2
113	5
114	1
115	9
159	6
Market 67
15	8
16	3
36	11
38	1
58	4
87	9
106	1
141	2
164	14
172	3
174	4
Market 14
13	12
20	14
47	9
64	15
87	10
101	7
103	13
109	14
145	6
183	4
187	1
Market 57
1	8
2	6
3	1
7	10
8	13
18	5
23	12
25	4
26	5
33	2
41	14
48	6
49	5
53	1
55	4
58	9
66	13
68	6
99	3
100	15
104	13
113	13
129	13
131	6
141	10
150	1
159	12
164	11
173	4
174	10
184	12
185	4
191	13
195	14
200	11
Market 195
1	1
8	6
18	9
22	2
32	3
33	4
36	15
38	3
40	1
41	11
45	1
68	13
72	6
80	8
99	3
115	13
143	1
155	1
156	2
157	8
167	6
181	4
194	13
Market 42
38	8
65	2
73	7
94	1
112	15
125	5
126	7
136	4
139	4
143	13
150	14
154	6
169	8
171	12
174	6
180	1
181	13
182	1
185	7
187	11
195	6
Market 241
3	3
12	12
16	12
17	15
32	2
44	4
58	8
61	6
71	6
85	6
92	11
95	10
96	13
97	7
104	13
114	5
130	5
148	8
162	1
175	15
185	14
187	8
Market 290(F)
26	2
34	8
63	12
73	15
77	9
81	15
87	12
97	7
107	2
113	4
114	3
125	15
130	4
145	5
165	3
166	14
Market 174
12	10
23	8
53	12
58	5
62	5
64	5
65	12
80	3
93	14
99	12
114	11
133	12
134	4
148	14
159	2
161	4
171	6
192	13
198	14
Market 170
25	2
47	5
74	1
75	14
78	6
98	2
102	8
110	5
120	15
138	7
156	5
161	8
167	14
174	13
Market 216
23	10
44	9
64	15
66	3
68	2
71	12
77	8
78	3
91	5
103	2
116	1
129	6
143	1
157	9
161	4
183	5
199	6
Market 298
2	6
18	5
23	11
38	6
60	8
61	8
65	15
71	7
72	13
91	9
113	14
138	6
145	7
148	9
169	13
174	13
184	2
Market 168
15	2
24	15
44	11
46	12
47	4
62	7
64	9
77	8
79	5
86	11
94	3
95	8
100	6
129	11
136	14
139	2
145	11
156	14
169	12
184	10
191	7
192	2
198	2
200	5
Market 158
2	8
15	9
58	15
105	5
126	5
134	8
157	12
159	5
175	8
Market 119
2	8
7	5
10	1
13	3
15	13
18	3
22	3
32	1
34	9
36	3
37	8
52	5
59	9
60	3
66	10
68	12
73	1
75	3
90	14
99	6
102	3
109	12
113	9
115	5
130	5
139	9
141	15
145	12
159	7
165	1
168	1
171	6
179	7
182	10
187	14
192	14
195	12
200	13
Market 19
8	5
13	4
26	9
29	12
31	2
36	7
42	2
43	9
47	7
55	10
57	13
58	13
72	3
81	13
89	7
95	2
134	13
139	11
150	3
154	1
157	5
162	12
166	10
198	15
Market 262
28	4
51	12
52	13
53	11
64	2
70	10
72	13
75	11
82	2
92	15
114	4
119	9
138	10
145	5
155	4
166	15
188	1
191	6
198	15
Market 139(F)
5	6
7	13
24	8
25	5
31	12
32	15
34	15
37	14
38	12
47	15
63	8
81	1
97	13
98	14
99	6
101	3
120	13
132	5
138	10
157	12
162	6
175	6
188	10
198	7
Market 295
4	3
12	10
22	10
44	14
65	11
67	6
70	1
80	1
111	4
112	11
114	14
128	6
132	15
142	15
156	11
162	12
166	2
174	11
185	3
190	6
196	12
199	3
Market 85
4	2
14	10
17	12
51	10
58	10
64	3
93	3
98	6
99	9
120	13
134	5
148	8
154	15
170	3
174	5
191	7
Market 99
12	9
21	13
26	14
31	11
37	8
38	1
65	12
66	11
72	12
86	9
101	15
103	14
115	10
123	9
130	7
141	2
153	7
157	8
187	9
Market 239
16	3
19	8
20	13
22	6
36	5
38	5
44	1
67	7
80	2
88	2
97	7
107	6
113	7
124	9
128	14
142	11
154	13
155	7
157	14
159	11
180	7
185	1
187	9
200	11
Market 248
3	9
7	15
39	5
50	14
62	7
103	3
111	13
113	13
122	1
123	6
130	12
137	12
141	15
162	6
164	14
183	9
190	5
199	2
200	9
Market 264
15	4
44	2
50	14
55	11
66	10
71	5
72	12
78	15
86	12
106	2
112	6
131	11
152	12
155	3
157	12
162	14
165	9
200	12
Market 213
1	11
3	5
5	13
7	8
14	11
21	7
24	4
34	10
38	6
40	8
41	12
43	12
57	2
64	13
65	4
71	5
73	2
74	2
86	3
88	10
90	2
95	11
97	4
100	5
107	1
125	5
139	5
152	14
166	5
178	5
181	10
192	10
Market 300
20	15
44	11
49	15
60	5
64	12
78	12
80	7
88	11
91	8
98	14
103	7
123	10
126	2
157	3
161	10
183	13
Market 163
1	12
2	4
4	11
5	3
7	12
9	8
17	11
34	5
36	7
50	14
51	4
52	9
61	12
65	10
67	2
72	15
73	8
77	1
80	3
87	2
95	14
97	14
102	2
105	12
107	7
114	5
126	6
137	6
139	1
142	11
143	9
155	12
157	3
158	6
165	2
166	13
186	14
187	13
192	1
193	10
195	8
196	5
200	3
Market 26(F)
3	9
4	8
23	7
39	15
50	14
58	3
78	2
81	11
105	1
106	14
107	1
130	1
154	14
174	14
177	1
Market 31
7	14
10	15
12	14
22	9
29	6
33	5
37	15
48	4
72	7
76	3
99	12
101	3
159	7
170	11
Market 83
11	2
12	10
17	9
21	3
22	1
23	6
24	14
39	5
43	12
58	6
62	6
80	9
86	15
95	12
101	12
103	1
106	4
166	15
171	6
172	5
174	9
180	7
Market 123(F)
4	13
5	2
9	6
11	11
18	15
24	10
33	3
34	8
36	6
43	8
58	13
60	3
61	12
71	2
72	2
77	15
91	15
93	5
111	3
128	11
129	14
132	14
141	3
145	3
162	14
169	3
174	5
183	1
196	11
198	8
Market 255
15	2
16	7
21	11
26	2
34	15
63	8
73	10
87	13
97	3
137	8
142	8
166	12
181	10
Market 186
15	9
38	13
50	11
52	3
59	6
60	13
76	12
82	7
98	7
106	14
111	6
113	6
115	12
119	6
138	2
155	7
157	11
171	3
192	14
Market 84
6	4
29	7
32	2
40	1
45	4
46	8
53	2
65	8
71	3
75	15
80	14
86	10
89	14
91	11
93	4
99	10
108	8
109	10
128	6
136	15
138	12
154	12
159	13
183	8
195	2
Market 55
11	15
12	8
24	13
91	9
180	11
183	3
195	2
Market 188
46	12
58	2
64	12
66	15
75	7
80	8
103	10
106	8
107	3
110	8
113	5
114	8
129	10
139	15
158	10
161	15
166	11
174	1
195	9
Market 265(F)
1	5
4	7
16	2
17	14
38	10
43	15
50	4
70	12
76	8
101	14
111	6
115	9
128	3
138	15
161	4
171	4
181	13
190	9
194	12
Market 124
45	5
57	5
68	15
91	14
94	5
103	15
109	7
114	8
123	13
132	10
136	3
141	10
154	11
182	4
188	4
Market 122
20	8
39	7
42	15
44	13
57	7
59	15
60	9
68	12
72	9
77	1
78	6
103	1
105	3
106	13
107	3
109	5
115	7
123	3
129	4
136	8
155	7
158	1
186	3
192	5
Market 102
2	8
5	6
14	5
20	8
22	15
25	9
29	15
58	11
62	13
85	2
87	12
95	7
99	7
101	4
103	9
130	14
141	12
153	13
157	7
158	15
171	14
172	1
Market 78
1	10
2	11
12	12
15	14
51	2
52	8
70	10
71	6
82	14
90	6
98	6
109	14
111	7
126	4
128	2
155	13
161	12
167	3
169	6
190	1
195	3
200	15
Market 146
16	7
44	11
62	8
66	12
81	15
105	1
135	11
150	1
156	9
166	3
170	6
177	12
187	15
192	14
Market 150
9	7
12	9
16	14
21	11
22	8
26	5
28	12
32	14
38	8
46	1
73	7
79	6
86	7
98	6
103	1
106	3
119	1
120	9
125	12
130	13
156	13
159	2
165	15
166	1
177	15
181	11
196	12
Market 93
3	3
4	5
13	12
32	10
48	13
54	12
60	13
65	9
76	6
77	9
84	6
94	2
97	8
101	11
107	9
124	12
130	4
141	6
143	5
148	8
156	10
158	15
166	1
174	4
182	6
185	6
190	10
192	1
200	15
Market 118
2	8
15	10
50	3
53	12
64	10
65	14
80	12
81	5
86	7
87	12
89	2
101	1
113	14
114	15
120	8
126	13
130	5
134	8
137	15
139	7
154	9
164	9
166	2
169	14
177	5
180	15
182	9
184	8
191	1
193	8
Market 206(F)
31	3
34	12
43	8
46	14
53	5
60	11
73	4
84	9
127	8
131	13
132	6
137	9
157	10
190	3
192	4
Market 283
1	4
2	2
5	1
19	7
32	15
45	8
48	10
55	14
57	6
64	8
66	3
114	11
129	6
157	15
164	14
176	14
179	15
192	5
200	1
Market 38(F)
7	1
11	4
16	9
20	4
22	1
28	2
31	13
39	4
43	9
45	9
46	10
62	15
70	12
71	3
76	14
84	9
100	9
103	8
113	13
119	12
127	6
136	1
141	1
150	14
157	14
171	5
Market 76
44	15
48	8
53	14
60	13
61	11
63	7
65	10
73	2
77	9
78	8
98	6
105	9
123	2
127	2
137	11
141	14
162	11
184	6
200	6
Market 104
1	12
2	7
38	12
47	1
60	10
62	3
73	1
103	4
111	14
113	4
125	8
134	8
174	5
181	1
Market 223
1	3
8	6
10	11
18	6
19	5
23	6
24	14
26	4
28	11
29	5
31	7
34	9
38	7
44	15
45	5
57	3
62	7
63	13
67	13
74	15
86	5
95	9
101	10
109	4
124	13
126	13
135	2
136	4
139	7
159	3
172	12
173	4
175	9
200	8
Market 179(F)
2	13
9	6
10	6
13	5
17	5
18	10
21	4
32	14
44	5
45	10
47	1
52	2
59	1
62	9
73	11
80	3
83	13
91	10
98	9
107	9
111	2
120	11
128	6
130	14
139	9
149	14
162	9
172	13
184	13
187	4
191	8
200	15
Market 199
8	12
15	12
19	11
28	10
33	3
38	3
45	5
59	9
91	6
97	1
103	13
120	11
131	4
145	5
190	4
Market 169
21	4
32	3
38	10
41	14
43	3
53	7
66	8
67	15
68	9
95	7
100	4
131	15
136	14
137	13
142	9
166	4
167	2
182	10
191	9
Market 24
15	6
16	15
20	7
63	1
75	3
78	14
94	2
98	6
99	6
101	4
107	11
114	1
122	7
134	8
159	1
166	9
167	5
192	10
Market 5
6	12
23	13
24	5
25	5
27	7
28	4
33	7
35	6
38	6
44	5
47	13
48	8
62	11
66	1
68	10
72	8
75	1
76	4
81	11
84	5
97	13
103	10
112	2
113	11
114	9
122	3
135	14
154	8
156	8
158	2
162	2
169	5
183	8
185	3
192	3
196	5
Market 291
2	1
3	12
16	12
17	8
21	8
28	8
33	9
48	15
58	13
59	5
65	15
71	10
88	7
93	8
96	7
103	11
115	8
119	3
132	1
137	6
183	6
184	8
196	8
198	13
Market 211
3	5
5	12
6	14
11	13
24	14
34	13
38	10
42	8
44	8
58	7
60	8
66	4
68	4
69	2
74	10
77	9
83	6
88	2
89	15
105	7
107	11
118	15
125	8
127	7
131	6
162	2
171	3
184	1
187	3
190	9
191	2
194	4
196	3
Market 135
4	5
8	7
12	5
22	5
23	3
24	4
25	12
26	7
29	5
36	10
41	7
43	12
46	11
50	4
53	10
58	11
59	2
67	5
72	9
75	11
78	14
81	11
89	9
98	12
111	11
113	13
127	3
137	7
143	14
155	14
156	10
157	14
159	6
161	2
164	11
167	10
169	3
182	9
Market 202(F)
2	8
20	9
24	3
29	12
50	8
78	5
107	7
111	14
113	4
114	3
159	1
169	11
187	9
188	2
Market 274
23	7
44	11
59	10
65	13
71	13
89	7
90	13
99	3
115	8
125	13
130	5
142	13
158	3
162	5
164	9
186	4
187	11
Market 229
5	11
16	4
40	13
68	3
79	4
85	15
100	1
135	15
156	7
157	1
190	4
195	6
Market 279(F)
1	14
15	8
18	3
20	3
28	2
39	2
41	15
43	7
47	3
59	7
60	4
63	11
64	8
65	11
70	9
89	1
91	13
95	9
97	11
105	7
109	7
126	3
131	4
133	3
150	2
162	11
170	2
171	1
173	15
196	13
200	6
Market 250(F)
12	7
24	6
29	15
38	14
50	11
58	12
103	3
136	7
162	5
166	4
171	9
177	10
190	15
195	8
Market 155
6	15
14	3
27	7
37	10
41	8
47	8
54	2
68	3
70	7
71	15
83	4
94	4
106	5
111	11
112	14
137	13
139	13
155	3
159	8
161	12
174	2
183	6
195	12
198	11
Market 148
1	3
2	7
23	8
38	2
46	10
55	6
59	15
67	8
70	9
75	7
77	5
111	13
129	11
130	6
132	14
155	15
156	10
167	13
185	6
Market 140
2	3
5	7
15	3
20	15
22	6
28	12
36	10
48	3
52	6
58	11
62	6
68	1
73	6
75	12
85	13
100	15
101	6
109	14
128	3
129	15
131	1
137	12
138	9
155	3
161	5
185	7
195	9
199	4
Market 294
1	13
2	7
47	4
50	14
52	9
53	14
62	3
68	6
76	8
89	10
103	7
113	1
115	9
118	8
133	15
136	15
138	11
139	14
155	13
157	3
161	15
169	6
174	8
181	2
190	1
195	10
Market 204(F)
2	14
10	14
13	6
15	2
23	6
31	9
44	9
64	10
67	4
72	2
76	1
92	9
103	7
130	8
136	13
138	5
149	7
157	2
159	8
169	12
171	1
174	10
184	5
Market 113
20	1
25	10
29	5
32	8
34	11
39	14
45	6
52	9
60	7
75	1
77	4
126	12
128	9
139	13
156	1
161	9
188	15
191	6
192	8
198	5
Market 203
5	8
10	13
12	9
15	10
21	15
28	15
41	13
59	12
62	3
65	3
71	7
75	13
77	10
78	15
81	13
85	13
91	14
94	10
124	15
126	6
132	2
139	14
152	3
167	5
174	2
176	14
185	3
192	4
199	2
Market 37(F)
8	13
11	1
15	13
39	1
58	5
81	4
86	8
99	1
106	9
114	12
120	5
136	2
141	9
150	5
157	9
166	4
171	2
174	2
196	14
199	11
Market 180
3	13
5	4
17	2
18	10
26	3
34	13
43	12
45	5
53	5
66	5
92	4
99	14
109	3
114	10
115	7
127	3
136	15
156	14
159	11
188	13
195	12
200	4
Market 74
1	13
34	2
50	2
62	3
64	3
80	7
81	5
91	11
96	2
99	4
103	15
105	11
143	15
156	8
157	9
165	10
171	2
173	6
187	10
Market 2
1	7
22	15
53	13
55	2
65	11
72	7
103	7
148	8
183	5
195	3
196	5
Market 193
1	11
7	1
11	12
32	11
33	11
45	9
48	5
61	15
64	2
68	5
81	9
97	13
112	15
128	2
138	6
156	10
168	10
175	15
185	5
191	7
192	5
Market 280
15	1
62	15
78	3
97	6
145	5
155	5
158	9
159	8
185	7
196	6
Market 41
1	8
12	13
17	15
28	2
48	11
60	5
71	14
81	4
99	4
123	15
148	2
150	5
177	2
190	11
Market 73
2	7
5	15
14	12
15	10
16	3
20	7
23	3
29	5
32	3
39	11
42	4
48	3
54	4
73	2
78	3
90	11
100	5
105	8
112	12
113	6
114	6
122	4
140	4
142	13
166	13
173	11
176	9
188	10
194	9
Market 157
2	12
4	13
20	3
26	3
29	12
43	13
58	7
62	8
66	3
68	1
71	10
106	6
129	1
139	11
145	6
169	14
182	12
200	10
Market 47
16	10
17	4
18	13
22	8
23	9
26	2
28	15
29	9
37	9
38	10
53	8
58	1
65	13
71	5
77	10
80	2
83	8
84	8
93	12
103	9
128	10
156	5
170	5
174	12
175	9
191	4
Market 275
1	15
5	8
20	9
23	5
33	5
38	8
39	4
58	4
60	4
65	15
68	1
81	11
97	3
101	9
107	5
114	8
125	5
126	7
133	12
139	7
155	13
156	1
161	13
166	10
182	2
183	5
192	3
Market 81(F)
2	7
6	6
21	8
26	15
38	3
40	7
41	8
47	9
49	3
65	1
69	4
71	14
72	15
74	12
81	4
89	5
93	1
97	15
98	12
109	4
113	4
136	9
141	6
149	6
153	15
157	5
174	8
190	4
191	7
200	2
Market 238
2	2
24	8
63	10
66	11
71	12
83	4
94	4
107	13
112	9
113	1
120	2
128	13
130	2
141	13
154	11
156	5
162	8
166	6
175	6
176	4
184	14
200	6
Market 10
2	8
12	8
15	6
28	1
47	12
51	15
60	7
62	13
66	10
70	15
72	11
91	14
95	11
106	12
132	15
143	9
154	3
159	5
166	7
178	11
186	5
187	9
196	5
Market 284
3	2
12	4
26	10
33	3
65	7
66	6
76	7
88	5
96	15
97	3
99	11
106	14
109	10
111	12
115	15
127	8
159	6
162	5
166	4
Market 237
10	10
17	15
20	3
24	4
28	15
31	2
41	5
44	7
45	2
50	9
70	9
75	3
80	11
87	10
97	4
99	2
114	5
124	5
133	14
141	3
165	14
169	5
188	10
191	4
Market 257(F)
2	5
4	14
8	9
11	11
17	10
28	11
29	1
36	8
48	13
50	12
62	13
64	14
71	14
80	15
93	2
98	15
105	7
112	10
135	13
151	2
166	6
170	13
171	8
176	1
183	13
187	12
192	12
200	3
Market 258
1	14
6	2
10	11
12	13
25	11
38	1
48	10
63	10
95	13
107	7
120	5
128	10
131	15
136	6
141	13
142	4
164	2
171	13
172	1
174	1
187	6
191	7
194	15
200	10
Market 220
2	11
5	2
24	7
32	13
50	4
67	12
83	7
120	2
130	2
136	1
142	10
192	15
Market 30
12	1
15	1
20	12
25	13
29	3
40	9
49	14
66	5
72	13
73	5
85	8
91	8
98	14
109	1
110	7
131	2
132	5
143	13
145	4
156	13
157	2
167	13
174	2
182	5
190	3
196	9
Market 110
5	1
6	11
8	12
10	4
12	1
15	14
17	4
18	5
20	5
25	5
29	2
32	3
33	3
44	8
50	10
61	10
62	1
67	10
68	15
75	15
76	11
77	14
83	4
91	2
101	2
105	4
120	4
124	13
127	8
128	13
136	3
148	2
169	9
172	8
180	15
183	10
191	14
Market 44(F)
2	9
5	1
10	7
15	3
18	12
21	6
28	11
37	15
39	14
43	7
50	11
70	12
76	6
81	7
94	14
103	3
112	14
113	3
114	3
120	8
122	13
132	9
156	10
157	15
159	3
163	10
183	10
185	1
195	6
Market 219
12	7
14	7
24	1
32	7
38	14
50	3
60	14
63	13
71	14
78	10
83	12
96	2
120	10
123	8
136	14
157	5
163	10
190	5
Market 33
1	13
4	6
5	12
12	14
20	5
23	14
24	1
29	2
45	14
52	10
58	5
63	8
64	8
75	3
89	3
115	4
129	10
131	5
154	8
166	11
171	5
173	11
174	13
182	10
200	5
Market 127
3	14
18	1
28	3
31	11
43	9
48	2
50	12
60	6
64	2
72	13
78	8
80	15
81	2
120	2
131	6
137	10
162	5
167	12
169	7
175	10
195	9
199	6
Market 147(F)
1	4
8	12
9	13
21	5
22	6
24	2
34	9
39	1
40	1
43	5
44	4
48	2
51	10
73	13
81	12
90	10
97	15
101	13
107	10
113	5
115	12
125	15
138	9
139	11
156	9
157	4
172	13
182	14
190	6
Market 25(F)
1	3
10	11
11	10
12	6
13	4
16	4
23	11
38	2
41	9
45	5
56	2
65	6
85	1
86	8
94	3
95	15
99	14
100	15
123	15
136	6
150	10
167	4
185	10
200	5
Market 242
5	14
16	1
23	1
24	12
32	5
49	3
62	1
73	13
78	10
96	15
100	4
103	15
113	1
125	2
137	15
139	4
155	5
156	1
164	15
169	5
172	1
187	7
Market 35
12	12
21	6
38	10
58	8
63	2
69	3
79	9
86	11
94	1
100	6
101	5
120	5
122	10
129	4
150	7
158	9
162	11
176	1
Market 125(F)
8	4
15	11
19	14
20	15
28	6
29	14
46	6
59	8
68	12
72	9
75	2
81	6
83	5
101	15
109	14
110	12
114	14
120	14
124	13
127	4
148	13
154	12
180	4
183	1
192	9
194	5
195	9
Market 217(F)
11	10
18	12
42	2
51	9
73	14
114	8
124	9
128	1
130	3
Market 53
4	12
9	14
13	10
16	9
24	7
31	3
38	9
44	8
65	3
66	2
70	7
80	7
105	15
107	3
109	7
133	14
156	14
169	4
181	6
185	4
187	6
199	5
Market 232
2	11
11	10
28	4
39	11
51	14
57	12
63	7
71	12
73	2
77	5
81	1
100	11
112	11
120	11
124	7
153	3
155	9
159	14
175	2
176	2
181	4
187	15
190	3
Market 4
19	15
51	6
52	11
91	13
97	6
98	7
99	12
104	15
106	12
108	11
120	1
128	1
131	14
132	11
139	5
169	8
172	10
173	5
Market 161
10	5
18	2
21	11
23	5
29	9
45	12
53	11
61	5
63	3
65	14
66	14
77	12
80	14
95	9
98	1
100	15
106	10
110	6
120	15
126	13
128	11
132	8
138	5
145	5
159	12
162	3
167	5
169	9
174	2
187	15
192	7
200	4
Market 191
3	2
6	8
8	8
12	13
21	10
23	9
24	3
28	3
32	2
34	6
36	2
39	8
40	5
44	10
45	11
50	4
52	5
71	10
82	1
106	9
111	7
129	12
155	14
161	12
171	5
177	8
180	6
185	13
190	9
200	4
Market 100
15	1
34	8
38	7
46	3
47	14
61	13
65	3
71	5
80	12
92	8
97	4
102	6
110	13
129	10
138	11
148	10
156	4
167	9
171	14
187	5
198	15
Market 176
2	13
7	2
12	9
17	10
24	12
32	15
39	10
44	6
59	12
64	7
77	11
83	1
88	10
100	7
107	10
109	15
113	10
128	11
142	14
145	10
153	2
158	13
167	5
174	12
177	10
182	15
190	2
Market 141
10	12
17	10
18	5
22	8
29	1
32	7
33	6
34	12
40	14
45	14
61	14
81	5
97	3
100	7
101	15
105	5
106	14
107	9
109	9
114	1
128	4
137	7
139	1
143	1
145	11
159	2
166	8
174	7
175	8
200	7
Market 165
3	7
11	13
19	14
23	14
25	10
58	5
62	9
63	5
71	9
85	10
95	4
106	9
107	5
114	5
135	1
169	14
171	15
191	11
198	8
Market 215(F)
5	8
13	9
18	2
19	2
21	3
24	7
28	14
32	11
43	13
47	5
52	12
60	4
61	12
68	10
69	7
93	6
103	11
127	15
129	4
132	8
133	15
148	4
155	8
156	2
159	4
162	3
170	2
173	11
175	10
190	2
191	6
195	4
Market 194(F)
2	6
23	10
55	14
66	15
123	1
129	11
130	1
133	6
139	5
176	2
179	4
185	4
187	10
Market 79
3	4
4	9
16	2
31	10
38	1
42	10
65	13
73	6
92	7
93	3
94	12
97	5
100	5
106	2
108	1
115	3
131	13
139	8
159	5
165	3
173	3
176	5
179	14
184	11
196	10
Market 230
15	8
17	10
23	14
36	11
38	1
51	9
53	13
58	15
61	8
62	15
68	1
83	11
87	9
107	9
131	15
139	9
141	9
158	8
171	4
173	14
187	6
194	14
200	2
Market 178(F)
1	7
2	10
15	3
16	12
20	4
41	12
48	5
63	3
65	6
68	6
77	8
81	2
86	15
95	2
103	9
105	2
112	5
129	3
135	4
151	2
157	3
175	13
192	11
195	1
Market 130
25	3
38	2
52	15
58	7
61	15
62	12
64	3
66	10
72	5
77	9
78	4
83	6
85	12
99	14
129	9
135	3
141	12
150	10
152	8
155	12
159	15
161	4
162	7
175	8
Market 66
15	15
23	15
24	13
44	10
47	14
65	11
71	13
81	13
132	6
135	10
170	15
174	5
183	10
185	11
190	12
Market 196
2	12
15	5
23	10
45	4
46	10
51	14
52	5
65	10
66	3
72	9
85	8
92	6
94	10
97	10
99	4
100	7
105	11
133	12
134	7
145	12
150	14
155	11
161	4
162	10
170	9
176	9
184	9
191	12
Market 173
2	5
14	15
29	3
33	5
55	3
63	10
78	12
136	15
139	5
166	10
173	3
183	11
192	14
Market 95
4	13
8	6
15	10
22	5
24	14
28	6
40	9
43	8
47	3
48	8
53	11
61	9
62	14
68	10
77	13
93	15
103	2
132	5
134	8
138	1
152	13
164	1
174	4
175	12
191	5
199	13
Market 152
1	13
4	14
6	12
19	2
22	13
23	5
24	11
25	15
29	7
32	8
45	8
47	4
68	5
83	13
84	2
98	14
103	3
105	13
129	7
135	7
140	2
141	12
147	13
155	4
157	6
174	10
183	9
191	8
192	7
200	5
Market 183
12	10
19	1
24	2
46	2
52	3
58	3
64	1
68	4
105	6
109	10
132	15
155	11
174	14
188	8
190	14
196	15
Market 22
22	10
38	10
40	2
44	6
65	2
77	2
93	7
100	15
113	3
115	9
122	10
129	8
132	8
150	14
152	8
153	15
159	4
164	8
176	2
182	12
198	11
Market 65
1	1
3	4
9	4
22	15
60	6
62	7
68	15
71	4
77	14
89	3
117	4
128	12
137	4
139	10
143	6
161	6
162	14
169	9
170	4
175	12
187	2
188	1
Market 92
12	11
16	14
45	13
81	7
84	5
99	6
103	4
105	15
124	6
136	14
150	11
164	3
171	2
174	7
177	15
192	1
193	3
Market 59(F)
3	12
5	2
6	14
13	11
15	11
16	7
23	2
34	7
36	11
38	1
41	2
44	12
47	6
52	2
59	7
62	14
66	11
68	14
81	15
83	12
97	3
109	2
111	3
114	14
124	9
139	3
145	8
155	8
167	10
180	15
189	11
Market 34(F)
1	12
2	10
12	10
38	7
53	1
81	8
82	5
83	8
107	14
113	6
134	7
167	12
170	1
175	3
188	2
191	1
Market 218
5	9
18	8
23	5
25	8
36	7
38	3
39	15
40	12
58	6
62	1
83	3
95	3
97	6
106	3
133	10
135	15
139	7
155	11
162	15
166	11
174	15
196	5
Market 133
5	5
6	10
12	2
21	2
32	1
61	9
62	6
72	3
73	11
76	10
78	13
83	9
92	6
96	11
99	14
111	6
120	1
128	13
131	11
135	13
139	10
141	8
149	4
155	4
156	5
163	1
169	2
175	2
183	4
185	15
190	10
192	7
195	11
196	9
199	13
Market 91
16	1
17	6
20	1
24	10
25	13
28	7
33	11
41	5
61	13
62	2
69	6
80	6
81	9
92	5
95	6
112	4
123	5
127	8
139	11
155	8
156	1
157	10
161	1
175	8
177	12
184	15
196	11
200	14
Market 156
60	7
62	7
63	8
70	5
78	4
80	5
100	9
106	9
120	3
131	11
136	1
137	15
154	11
164	4
177	8
180	10
192	5
Market 71
3	12
12	13
18	9
24	9
25	8
33	8
45	3
48	3
59	14
114	14
136	4
137	9
139	3
159	9
171	2
192	10
194	1
Market 13
17	11
34	13
46	8
48	12
49	1
50	10
51	9
64	2
72	2
81	15
91	14
101	8
106	4
109	15
115	12
124	6
130	13
156	2
161	4
164	7
169	1
171	15
176	5
182	11
183	13
187	3
192	9
193	12
195	13
200	12
Market 259
2	2
21	12
23	5
25	1
26	8
34	9
40	13
50	12
52	8
53	1
59	9
63	7
83	5
102	4
106	8
113	2
137	6
171	14
187	6
Market 270
2	3
16	12
20	8
48	1
55	14
98	12
112	8
120	7
124	2
130	13
135	14
170	9
183	4
Market 29(F)
1	11
2	11
6	13
7	3
17	11
21	8
23	12
26	15
29	7
48	12
61	3
66	3
67	5
88	4
107	15
112	8
113	7
120	13
129	14
134	5
136	12
150	3
158	3
169	13
171	3
192	14
Market 263
3	3
5	13
8	11
24	2
31	10
40	12
45	7
87	3
91	6
103	11
120	4
154	5
169	12
171	2
Market 184
2	13
15	13
24	3
33	7
40	5
50	14
65	3
83	15
94	12
106	11
123	9
128	11
137	9
157	15
162	6
170	7
171	10
184	8
192	9
Market 236
5	14
7	8
16	1
38	9
43	15
44	10
50	15
68	7
70	12
75	12
87	15
89	9
92	9
103	7
120	4
128	14
135	3
154	5
155	14
156	4
163	11
169	3
171	1
190	3
Market 208
44	7
45	7
48	9
62	8
64	6
74	10
80	4
90	10
106	9
107	9
115	7
132	2
137	14
138	9
141	9
173	8
181	10
188	2
189	8
190	13
195	1
Market 285
1	13
11	5
12	10
14	3
25	15
47	2
52	7
58	13
64	9
69	4
73	13
81	12
97	13
102	2
103	11
104	11
118	6
126	15
127	1
130	14
133	15
141	12
148	1
159	10
184	11
192	9
Market 21
5	14
18	9
22	12
28	14
33	12
39	4
48	1
63	2
81	1
88	4
99	4
111	3
118	12
129	11
132	5
145	4
155	15
169	7
173	15
Market 281(F)
8	5
15	6
18	15
32	6
33	4
35	8
39	9
42	7
48	6
58	2
59	11
63	14
67	11
90	8
97	6
100	4
109	5
111	13
113	8
125	11
126	10
128	4
131	7
135	7
137	13
141	11
143	8
155	15
166	10
169	14
171	9
182	10
185	11
188	9
190	15
194	4
Market 185
2	15
5	14
16	3
33	6
39	9
44	7
55	4
65	13
66	1
67	6
71	4
85	10
88	14
103	8
122	6
125	2
131	11
139	9
151	1
154	8
171	4
176	7
181	6
185	14
186	7
187	2
194	1
Market 246
4	13
17	15
27	6
32	7
38	15
40	12
65	5
91	2
128	14
132	7
138	9
140	7
162	2
171	15
183	9
185	3
194	7
195	15
196	3
Market 210(F)
16	5
23	10
50	9
51	1
63	13
65	2
78	14
89	15
95	7
103	6
104	14
106	1
111	13
124	3
128	9
129	8
133	10
135	10
139	8
141	14
157	1
158	7
159	10
164	11
165	3
173	6
185	12
191	9
192	9
197	15
Market 94
2	13
3	8
15	10
24	8
32	12
38	10
44	7
48	4
57	2
58	8
60	3
64	11
66	3
70	9
76	1
95	12
98	4
136	14
156	8
158	6
162	6
171	5
192	13
Market 154
3	2
12	6
18	15
37	5
43	10
81	3
116	13
127	2
143	4
159	6
161	11
182	8
185	14
188	13
Market 86
15	6
23	13
53	6
81	4
97	5
113	5
115	4
129	10
132	10
138	14
145	1
157	14
190	5
Market 144
5	1
12	11
17	6
24	8
32	11
45	4
63	15
65	15
77	3
89	14
91	13
100	11
102	9
107	2
129	14
159	8
186	12
187	14
195	11
Market 68
18	6
33	9
50	9
71	10
97	1
107	3
115	1
136	7
145	10
160	1
171	13
173	4
190	12
Market 249
1	10
8	12
10	13
15	13
23	10
24	4
29	4
36	6
38	5
40	14
41	8
44	10
55	4
61	15
63	11
78	12
97	14
105	4
113	9
114	9
115	10
123	13
137	2
141	7
159	3
162	8
166	4
167	4
175	5
177	8
182	4
187	15
195	14
200	11
Market 32
15	6
28	11
44	1
50	3
62	6
71	4
80	2
87	1
99	2
100	9
106	1
114	8
120	6
123	15
124	11
136	7
138	6
154	1
157	12
162	3
176	3
187	2
Market 138
126	11
138	3
139	5
141	7
145	1
155	4
166	9
175	12
180	9
184	9
185	8
193	6
Depot
