TPP_FSO_CapEuclideo.200.200.5.3
Total Cost:202842
|M*|: 199
Depot
Market 109(F)
5	6
8	11
10	11
11	4
15	1
16	3
23	7
27	3
30	8
34	15
36	11
38	8
41	1
44	2
45	8
50	2
53	7
54	3
55	7
64	14
69	15
75	1
79	12
83	13
108	3
110	3
111	15
123	14
127	12
138	7
142	3
145	11
148	2
153	1
154	10
158	1
159	13
169	11
179	10
180	5
182	8
189	8
192	4
199	12
Market 121
1	6
4	2
8	9
11	6
17	8
23	2
25	7
34	11
36	2
39	7
44	6
45	14
46	11
53	2
54	7
57	14
60	14
75	8
76	12
81	15
83	6
90	3
97	14
99	8
103	12
112	2
117	8
122	3
123	11
126	3
129	3
131	4
137	15
138	15
147	5
148	5
150	14
157	14
158	10
159	9
169	3
175	9
176	4
178	6
182	7
192	11
Market 171
1	6
8	15
12	3
17	2
18	1
23	11
26	8
30	10
32	8
35	5
37	1
41	6
46	11
50	6
54	1
63	12
68	9
69	15
73	3
75	15
77	3
81	4
85	12
92	11
94	2
105	8
108	6
111	10
112	3
118	13
124	9
126	13
127	5
128	5
130	5
142	4
145	3
147	1
152	4
153	8
158	3
159	7
164	8
165	7
169	14
170	6
175	11
182	5
190	12
191	1
195	9
199	3
Market 44
1	1
2	10
4	9
6	4
11	11
17	14
24	13
25	12
26	6
30	11
34	3
36	12
41	4
43	4
44	11
47	11
52	10
53	3
55	4
65	12
70	11
71	2
75	7
76	3
90	1
94	13
95	13
103	6
109	3
110	15
112	2
113	12
115	9
117	12
118	14
119	12
122	6
131	2
137	2
138	9
149	13
150	8
151	14
155	13
156	9
157	13
170	4
178	2
181	6
188	4
191	12
192	1
194	8
197	15
198	3
199	10
Market 56
2	11
3	1
5	5
9	11
11	7
14	3
16	8
17	11
20	12
23	13
25	9
27	1
32	2
34	9
41	3
46	7
48	2
50	15
54	5
55	9
60	11
62	14
67	4
74	7
75	7
76	15
77	11
78	6
81	9
83	1
93	4
110	12
112	14
115	13
116	2
117	10
119	13
123	7
124	13
127	12
138	11
141	9
143	9
145	5
149	7
150	2
152	4
154	14
155	6
158	9
165	7
169	4
175	10
179	2
180	6
182	15
184	1
185	8
188	4
192	5
197	12
198	4
199	12
Market 14
1	1
4	13
11	6
12	8
16	13
17	13
20	9
23	12
30	12
34	11
36	1
40	10
48	14
60	15
67	4
68	11
71	6
74	15
90	4
94	10
103	1
105	9
110	10
115	6
120	7
128	15
129	7
135	6
137	2
143	12
148	3
150	13
151	12
169	12
173	14
175	6
179	10
182	2
183	12
190	4
192	3
199	10
Market 68(F)
2	8
8	1
11	11
16	3
21	6
25	7
27	12
29	15
30	14
33	2
34	10
38	10
40	8
43	2
45	6
48	15
55	2
57	14
59	7
67	1
71	7
81	4
82	12
94	7
96	9
98	12
103	8
110	11
112	9
120	11
126	2
129	13
133	7
141	10
150	5
157	2
163	13
167	4
178	14
181	7
190	2
191	1
Market 57(F)
1	9
6	7
7	9
16	13
19	8
27	8
29	8
30	15
32	7
41	12
44	12
47	11
52	13
55	7
81	3
93	6
95	15
101	11
109	5
124	6
129	13
139	3
141	8
145	13
148	11
151	5
154	6
155	12
158	3
160	1
161	9
167	10
174	6
181	6
182	8
191	7
196	12
Market 174
8	3
11	1
12	5
17	7
22	13
23	7
25	15
26	11
30	12
35	10
40	7
45	7
49	3
57	2
61	3
71	1
77	1
78	15
82	12
89	2
94	9
98	11
103	14
117	6
121	12
123	1
124	8
126	14
138	8
144	3
147	1
148	1
149	15
151	9
152	10
158	14
159	11
163	3
165	11
170	10
175	4
176	4
179	8
180	12
185	15
188	7
191	8
Market 25
1	14
2	13
4	3
9	2
11	3
13	13
15	8
25	4
29	9
32	4
36	14
38	7
40	10
41	3
46	7
48	2
57	6
61	1
67	10
68	7
71	10
74	3
77	1
89	15
93	5
94	7
103	15
112	7
117	4
124	11
141	10
143	13
144	10
147	7
149	10
153	15
163	2
165	9
169	8
170	10
176	4
180	2
181	13
182	3
191	7
194	7
198	7
199	2
Market 102
3	15
4	14
10	10
11	9
15	9
16	11
20	11
22	5
24	11
25	8
27	8
33	9
34	1
38	14
40	13
41	13
43	12
44	13
48	14
55	6
67	14
70	1
71	13
75	6
82	4
87	4
95	8
97	3
98	8
103	7
110	1
112	5
115	4
116	5
124	5
126	9
128	15
129	12
132	10
135	3
147	10
153	11
154	6
155	3
156	2
160	11
161	12
170	6
171	8
173	4
179	11
180	8
182	4
191	10
192	9
Market 60
1	2
4	12
6	11
7	14
10	8
12	8
18	9
20	3
24	14
27	6
29	9
38	2
41	12
43	10
44	13
53	11
55	4
65	11
68	1
70	14
81	9
87	12
90	11
101	14
113	9
115	9
118	11
124	11
129	15
132	1
138	5
153	6
154	8
157	9
169	10
173	10
177	5
178	11
179	3
182	13
187	5
190	6
191	13
196	11
198	9
Market 101(F)
11	11
16	8
23	14
25	7
29	14
32	9
41	13
51	9
55	2
60	8
68	13
71	7
76	10
77	15
78	1
82	4
89	4
93	2
98	8
99	1
106	1
110	9
116	13
124	10
131	14
135	8
138	9
141	11
144	13
147	9
150	13
152	2
154	15
158	5
159	4
162	10
165	15
176	6
179	14
180	4
188	15
190	11
194	2
Market 161
4	6
5	5
6	15
7	14
9	1
11	13
12	4
16	12
17	2
18	3
22	8
23	10
26	6
27	13
32	10
33	15
34	14
40	7
41	11
43	15
50	8
52	3
55	2
57	10
71	13
75	12
83	6
87	10
90	3
91	15
92	2
95	11
99	9
100	6
102	10
103	13
105	7
110	15
113	13
119	2
122	11
123	5
124	8
125	3
128	8
131	9
135	8
138	15
140	13
141	1
143	2
148	7
153	2
154	6
155	9
158	9
160	1
167	13
169	1
170	11
171	13
180	11
182	7
183	14
188	11
191	7
193	10
194	13
198	3
Market 133(F)
1	2
7	11
11	13
16	2
17	15
19	15
20	1
24	15
25	1
27	9
29	14
32	10
34	13
38	11
39	9
40	2
41	8
43	6
64	9
67	8
70	10
71	8
76	7
87	10
89	13
92	9
93	6
95	12
97	7
110	8
112	2
113	7
115	6
116	2
120	13
123	13
128	8
129	1
138	4
139	12
141	13
150	10
154	14
156	11
159	2
171	10
173	1
174	1
178	8
181	15
186	7
188	10
191	14
194	14
198	3
Market 111
1	12
2	6
5	11
10	15
11	4
15	14
17	2
18	14
19	1
20	7
28	10
32	4
38	8
41	14
44	1
48	8
55	6
56	12
63	3
64	1
68	10
70	4
76	5
79	12
87	14
90	2
91	8
92	9
95	3
97	11
100	7
103	10
109	10
110	9
112	15
114	3
118	5
123	8
124	7
133	1
138	14
145	7
146	13
149	1
156	8
159	9
166	12
167	1
169	7
170	8
171	4
178	10
179	1
180	1
182	9
187	7
191	5
196	3
Market 20(F)
4	12
11	4
12	15
17	14
20	15
22	13
25	15
26	12
27	14
28	11
34	11
38	9
50	14
53	4
54	9
55	13
65	7
77	4
81	15
83	4
92	12
94	13
95	11
97	2
98	3
103	11
110	5
112	8
115	2
116	5
121	11
128	6
130	6
135	3
138	2
140	5
141	14
147	14
150	9
151	12
155	8
156	4
159	15
161	5
167	11
179	1
180	11
181	15
185	4
188	7
190	6
194	9
Market 156
4	5
5	3
6	14
10	8
11	8
15	15
16	10
18	8
20	7
27	5
28	3
32	1
33	15
34	15
37	15
43	3
47	1
51	3
52	12
55	12
56	3
64	8
69	1
70	14
75	11
81	9
87	6
91	2
95	4
96	11
97	10
100	1
103	15
108	2
112	13
113	8
114	13
118	5
119	1
123	11
124	10
126	12
128	15
133	4
138	5
140	5
154	10
159	1
160	9
166	14
167	3
171	12
172	14
176	10
178	2
182	10
190	6
191	10
192	12
197	7
Market 4
1	15
3	4
4	11
5	10
6	12
7	11
10	14
15	7
16	14
20	14
22	6
24	4
29	4
32	10
34	13
38	5
40	4
41	15
42	13
44	3
46	10
52	3
55	9
57	12
64	4
65	2
70	5
75	13
77	7
79	11
81	13
82	9
86	1
87	14
89	11
91	10
92	11
93	6
95	7
97	13
98	3
100	4
103	14
110	3
115	10
116	9
118	15
119	10
121	2
123	13
127	12
132	13
134	1
138	8
145	2
146	1
149	15
150	13
153	2
154	6
155	4
156	8
158	14
160	10
161	14
167	13
169	4
173	6
177	13
178	5
179	13
180	6
181	8
182	6
190	15
191	2
194	9
196	6
197	13
200	4
Market 150
1	12
2	12
6	5
7	12
8	13
18	5
20	1
22	7
26	7
34	1
39	9
43	10
44	3
50	13
53	2
55	1
57	3
65	15
71	4
74	15
75	12
76	6
77	11
81	1
89	10
94	7
98	8
101	15
103	7
115	7
116	7
117	11
131	14
132	14
135	5
137	7
142	10
145	13
147	13
148	9
150	2
151	1
156	3
157	3
158	13
159	7
161	13
170	9
175	1
182	13
190	3
191	14
194	15
199	6
Market 21
1	2
2	4
8	2
10	2
12	14
15	5
18	2
22	9
26	12
28	4
32	4
38	1
41	5
44	4
45	6
46	13
51	3
53	2
54	14
64	11
68	11
70	9
73	2
75	15
77	7
81	8
83	10
91	10
92	10
95	15
97	14
100	11
103	4
104	8
112	15
116	7
118	7
119	4
121	9
126	13
128	1
130	13
132	15
133	1
135	14
138	2
140	15
146	11
149	12
151	9
153	13
158	5
159	9
164	4
166	12
170	4
175	1
178	9
186	7
188	3
191	4
192	10
198	2
199	4
Market 183
2	5
6	2
10	15
12	8
20	9
23	11
24	3
26	8
27	12
33	14
34	6
38	6
39	14
41	3
43	14
47	14
48	13
52	3
54	1
55	2
59	8
64	5
65	5
68	7
70	1
71	14
74	13
77	7
83	3
87	12
89	15
90	9
92	13
93	10
94	4
97	14
99	7
105	3
109	3
110	10
116	8
119	15
131	11
132	5
136	1
140	14
141	10
148	3
149	15
150	12
151	9
153	6
156	5
158	10
160	13
161	4
168	4
169	3
171	15
173	14
178	4
179	3
181	12
182	3
186	6
190	11
191	8
192	14
194	1
198	14
199	15
Market 41
2	11
6	13
13	10
19	8
26	14
27	3
32	14
33	5
41	5
45	3
50	11
51	1
54	8
55	11
60	4
64	15
68	14
77	3
78	15
81	8
83	1
87	13
92	12
94	8
95	13
100	10
102	6
105	4
110	2
112	13
119	7
122	13
123	12
126	11
128	3
131	12
138	10
140	14
144	2
145	15
149	2
151	10
153	5
154	3
155	2
156	12
159	4
165	11
170	9
178	13
180	11
184	12
191	10
192	15
196	15
198	6
200	15
Market 188
5	14
7	3
9	11
10	14
11	2
12	7
14	5
16	12
20	5
25	10
26	14
29	1
30	4
34	2
40	8
41	12
46	14
50	5
53	11
55	13
59	2
67	7
74	7
75	8
77	9
94	12
99	7
106	1
107	9
110	9
112	14
117	14
123	10
124	9
126	9
127	8
130	1
131	3
135	11
145	14
148	8
152	8
154	8
158	13
159	15
165	13
169	10
178	1
182	11
184	9
185	12
192	2
194	2
198	11
Market 166
8	9
17	3
20	11
26	15
30	4
34	11
39	5
40	4
44	3
45	5
48	15
50	11
53	6
57	6
67	15
71	10
74	5
81	9
82	13
83	5
89	1
90	13
97	10
98	5
105	11
112	11
116	13
117	7
122	15
124	13
128	12
131	7
132	13
135	9
137	7
142	2
148	14
149	9
158	4
169	1
170	3
173	2
178	15
180	2
181	2
187	6
188	6
199	5
Market 173(F)
1	5
5	14
11	15
14	14
15	3
23	1
32	4
46	3
64	11
68	13
70	8
77	14
78	15
84	14
92	8
95	2
96	13
100	3
127	8
128	7
132	10
148	8
149	2
151	3
153	2
155	12
158	14
160	10
166	8
170	13
171	2
182	7
185	7
190	12
194	8
196	5
Market 33
1	13
4	10
5	3
10	6
15	3
26	6
27	8
32	4
38	6
42	3
45	4
46	4
53	12
55	4
68	12
79	4
83	1
94	13
99	4
105	4
108	3
110	5
116	7
123	9
124	12
126	3
127	9
128	11
131	3
138	11
142	3
148	4
149	2
151	5
154	14
158	2
175	11
179	3
182	2
186	11
188	15
191	9
192	6
198	11
Market 52
2	2
5	12
14	10
15	9
17	14
18	4
20	10
22	8
23	9
30	6
33	2
36	15
38	13
41	15
44	6
45	11
46	4
48	4
51	6
53	11
54	4
59	3
62	8
70	12
83	6
90	5
94	12
95	4
103	8
108	8
110	6
118	6
123	1
126	13
132	13
133	13
135	7
140	5
147	4
149	12
153	12
154	2
155	10
167	4
169	3
175	12
176	15
178	5
182	14
186	9
190	10
192	12
194	13
196	2
200	5
Market 99(F)
2	10
8	9
11	4
15	13
20	7
22	11
23	6
24	5
25	10
27	15
30	5
33	14
38	4
40	13
43	15
45	7
46	4
48	15
49	9
54	13
67	1
70	10
71	10
76	8
89	10
94	8
102	2
103	14
110	1
112	14
121	9
124	10
130	9
132	11
133	8
140	8
149	11
151	3
153	13
156	2
159	12
170	13
171	7
175	15
180	11
182	14
188	2
190	2
191	2
192	7
198	7
199	14
Market 141(F)
12	2
16	10
17	5
20	2
24	10
25	14
28	15
38	12
41	11
48	8
53	7
59	10
65	12
77	8
81	11
87	8
98	4
110	9
111	7
114	1
116	2
119	9
124	1
126	13
128	9
132	12
140	3
146	14
148	15
149	3
154	10
155	5
160	6
167	11
175	9
181	13
188	2
191	4
196	15
200	4
Market 87
5	15
6	9
13	1
23	10
24	15
27	12
29	11
34	2
36	3
38	8
40	13
44	10
48	4
52	9
55	1
60	7
68	2
70	5
78	7
81	8
82	9
86	8
90	3
91	1
94	9
99	2
100	10
103	12
113	3
121	4
123	11
124	7
127	13
131	15
132	12
135	1
141	5
145	7
148	11
151	9
154	7
156	8
158	6
159	5
160	2
165	15
169	10
170	9
175	5
182	14
184	1
188	3
190	8
194	5
198	11
Market 90
8	1
17	11
23	1
25	10
27	7
36	3
39	11
45	4
50	9
54	4
57	14
67	14
68	4
76	5
77	9
89	2
90	3
92	5
93	7
105	14
110	15
117	7
122	1
124	8
128	3
129	1
141	9
143	3
154	15
167	4
169	6
170	10
179	7
186	9
189	11
191	12
Market 27
1	6
2	10
4	13
13	6
17	5
19	15
31	12
38	4
48	14
54	13
55	2
64	15
74	6
90	4
103	10
106	13
117	1
126	15
128	14
139	5
145	14
154	12
156	11
159	8
160	12
165	4
169	11
170	2
176	2
180	2
184	13
186	1
190	3
192	14
194	2
198	14
Market 198
1	7
4	6
7	1
12	11
15	10
20	2
22	2
23	14
27	1
38	15
47	2
48	6
52	10
53	4
55	13
57	1
89	2
91	5
98	1
100	11
103	11
112	7
115	12
121	8
123	1
132	3
134	3
141	2
146	14
147	5
151	13
156	14
158	1
170	5
173	6
177	9
179	13
190	6
194	11
196	12
198	1
Market 200
1	15
4	3
8	5
11	4
12	7
17	7
20	8
23	3
24	15
28	14
30	6
32	14
34	12
35	5
39	13
41	11
57	12
59	7
65	4
70	3
71	3
74	14
75	3
76	14
78	10
82	8
83	14
90	9
94	5
95	13
97	11
98	7
101	4
103	3
105	11
110	3
112	14
113	1
116	13
117	15
118	4
119	13
124	14
126	2
135	2
138	5
140	5
149	15
151	9
153	13
156	15
165	4
169	2
173	6
175	14
176	12
179	7
182	1
190	6
194	13
197	10
199	10
Market 130(F)
1	2
7	13
10	7
11	5
12	12
15	8
26	3
29	2
30	2
32	9
33	5
38	14
43	7
47	5
48	8
50	1
67	9
70	9
71	6
75	5
87	8
92	1
94	2
96	14
99	3
103	2
110	12
113	3
123	1
124	8
126	7
131	4
132	7
138	14
140	8
150	4
153	1
163	1
167	8
181	10
192	7
Market 149(F)
2	10
4	15
7	9
9	6
11	14
12	13
15	15
16	15
22	8
23	1
24	12
25	15
27	3
29	4
30	5
40	5
41	13
43	11
45	10
47	4
48	7
50	10
53	6
55	1
59	3
60	15
64	9
75	6
76	4
82	4
83	13
87	5
89	3
92	11
93	15
95	3
96	6
98	5
102	4
103	8
105	3
109	6
112	5
113	10
115	7
117	12
119	6
122	15
126	1
129	8
137	7
141	13
143	12
145	6
147	12
148	12
149	1
151	15
153	5
154	1
155	2
156	2
158	12
167	12
169	15
171	3
175	2
180	13
185	13
188	7
190	15
191	6
192	6
194	3
196	12
199	10
Market 129
2	5
8	14
10	1
11	3
14	2
17	15
20	3
25	3
32	10
48	4
51	3
53	11
57	1
61	7
67	4
68	3
75	11
78	1
81	4
89	14
94	5
95	15
98	13
110	7
116	14
117	7
119	10
123	13
124	2
126	15
128	1
130	3
132	13
138	5
141	11
145	7
147	14
149	12
158	9
159	10
167	14
175	7
180	8
181	7
184	13
187	12
194	15
Market 7
2	2
3	5
7	9
15	9
16	7
23	10
26	13
27	12
29	5
33	14
34	10
38	2
40	13
41	5
44	3
46	2
48	3
55	14
62	12
64	6
67	11
68	13
70	3
76	5
82	3
85	8
87	9
89	5
90	4
91	2
93	3
97	9
100	10
103	13
108	4
110	1
117	9
119	10
121	13
123	11
124	7
127	13
128	7
129	1
135	3
140	11
145	11
146	3
148	7
150	2
154	6
159	10
167	9
169	12
170	8
176	15
178	13
179	2
182	11
187	13
188	10
190	14
194	15
200	14
Market 157
1	3
5	15
8	10
11	6
12	14
14	11
17	2
18	14
20	9
26	10
30	7
32	4
34	3
46	12
48	13
50	1
54	9
57	3
59	11
62	8
68	5
71	5
77	15
81	8
83	4
85	6
89	2
90	4
100	3
103	13
104	14
112	3
116	5
118	2
121	9
124	11
130	10
132	15
135	9
138	14
141	2
148	5
153	12
164	8
165	9
166	2
175	5
179	7
180	3
182	2
188	8
190	10
192	7
194	1
198	9
199	13
Market 180(F)
7	5
11	1
12	9
15	14
16	15
20	2
23	1
25	10
28	10
29	10
32	15
34	4
39	5
44	8
45	6
46	10
53	8
60	12
67	6
70	3
75	7
77	6
81	4
89	8
90	11
93	1
94	11
97	1
100	14
105	13
112	4
117	13
119	8
120	4
123	8
128	12
129	3
134	8
135	14
137	11
141	14
143	10
145	10
147	10
148	10
149	4
150	1
151	11
153	12
154	1
155	12
156	10
157	5
158	4
161	3
165	3
173	4
175	2
177	7
179	8
181	5
182	13
190	9
191	12
194	6
199	15
Market 76
1	5
2	12
8	12
15	13
23	13
26	12
29	4
30	9
34	14
36	9
39	6
41	9
48	15
53	12
57	10
65	9
68	9
71	11
75	15
77	12
81	2
90	9
93	4
94	7
103	9
110	10
117	4
123	11
131	5
132	2
135	4
137	6
142	11
148	12
149	13
151	10
154	6
155	11
157	12
159	11
161	15
165	9
167	15
169	13
170	8
173	12
175	13
178	4
185	13
190	10
194	11
Market 175(F)
1	9
2	5
6	15
7	1
8	4
10	13
15	11
16	4
17	2
20	2
23	15
26	2
27	2
30	9
34	6
36	7
38	7
41	2
45	1
50	3
53	7
54	9
57	14
60	2
64	15
67	15
71	1
75	4
76	1
81	2
82	7
83	7
87	1
93	13
94	1
95	8
96	5
98	2
99	3
102	3
103	4
110	11
113	8
119	12
121	12
122	7
126	2
128	13
131	2
132	3
135	12
137	12
141	3
143	5
147	14
148	1
153	6
155	15
156	7
158	7
160	7
167	12
169	8
170	14
171	8
175	11
178	8
180	1
181	7
182	1
187	11
190	15
192	10
193	6
196	12
197	3
198	7
199	5
200	15
Market 78(F)
6	2
8	1
10	4
11	5
12	7
17	14
23	5
24	11
30	7
32	5
42	6
43	10
44	6
45	8
46	4
48	4
52	3
53	11
55	5
59	15
69	13
79	12
87	14
90	1
99	6
109	14
110	4
113	13
118	2
119	14
123	13
128	6
132	15
136	10
140	11
142	13
145	11
148	6
149	1
151	9
154	2
156	13
164	7
179	15
180	4
192	2
197	7
Market 108
1	2
2	2
10	4
11	3
16	1
18	1
23	2
27	9
28	15
34	4
44	12
46	15
48	14
52	14
65	7
68	6
70	1
76	5
89	12
91	3
92	13
115	3
118	13
119	11
123	2
124	3
132	4
146	10
149	3
150	8
153	9
159	11
168	9
170	4
173	7
177	6
180	12
188	13
192	3
198	2
199	13
Market 195
2	11
6	15
10	15
18	1
20	6
25	10
29	7
34	10
41	14
43	1
48	7
53	5
57	12
64	3
67	12
76	1
81	10
87	4
89	8
95	12
98	7
109	12
110	14
112	7
113	7
118	2
120	4
124	7
128	7
129	14
132	4
141	1
153	8
157	11
160	15
161	13
177	9
179	9
181	2
185	1
188	6
190	8
191	7
198	4
199	2
Market 140
1	11
2	10
6	10
8	6
11	3
12	5
15	2
16	9
17	1
18	14
22	13
24	10
27	8
28	2
30	5
36	13
37	6
38	12
41	4
45	10
46	8
50	3
53	14
55	2
63	7
65	10
68	11
69	12
75	5
76	2
79	9
83	4
90	14
95	3
97	12
100	15
103	1
105	8
108	8
110	4
112	14
114	12
118	10
123	15
124	11
131	13
132	2
135	13
140	10
145	10
146	3
147	9
148	2
151	12
153	15
155	11
158	12
159	13
160	10
166	11
172	12
176	2
178	6
179	14
180	12
181	9
198	10
Market 182
2	14
4	1
6	14
8	11
11	11
17	14
18	7
19	10
27	12
30	4
33	2
36	12
38	12
45	1
52	6
53	8
54	11
55	1
64	3
68	3
70	9
74	10
94	7
95	14
99	9
100	14
102	1
112	15
113	15
131	11
132	13
145	13
149	11
155	10
156	13
160	1
167	10
170	12
177	6
181	4
188	12
190	11
Market 192
1	5
6	3
7	15
10	3
11	12
15	4
17	12
22	14
23	6
27	6
29	5
32	10
34	6
38	9
41	1
46	15
51	11
55	13
57	10
64	7
67	6
68	10
74	11
76	12
81	4
82	8
87	3
92	2
93	11
98	14
100	8
106	13
109	3
117	4
123	14
124	4
126	8
128	11
135	15
146	9
147	1
152	12
153	12
154	4
155	2
156	3
160	15
170	5
171	11
174	4
179	9
181	4
192	3
196	7
199	4
Market 186
1	11
6	7
8	5
10	10
16	14
23	14
25	12
26	1
30	2
32	7
34	8
35	9
38	10
41	3
44	11
50	1
54	11
64	9
65	8
67	6
77	6
81	15
87	13
94	10
95	1
98	3
101	12
104	14
111	1
112	7
113	4
114	7
116	11
118	2
121	9
128	2
130	5
134	4
138	8
145	12
151	3
155	4
158	7
159	14
160	14
167	2
169	6
170	5
173	13
177	14
180	13
181	11
182	6
190	3
Market 185(F)
4	11
10	7
15	14
18	13
26	5
27	10
32	9
36	1
37	9
41	6
45	5
46	2
50	2
59	11
68	13
75	2
77	2
86	3
90	5
91	12
94	1
95	12
99	10
108	7
111	7
116	13
118	15
124	7
135	9
138	10
148	3
153	5
155	6
159	7
164	5
170	1
179	6
182	1
190	14
191	8
194	8
196	8
200	5
Market 24
11	12
15	5
22	6
26	15
30	11
33	5
35	8
41	12
45	15
53	4
54	3
59	13
75	6
76	10
87	15
90	3
106	10
112	4
113	6
116	4
117	6
124	5
130	15
135	1
138	15
147	3
148	4
149	10
154	7
155	10
156	6
158	8
164	15
165	13
167	4
169	15
178	15
181	10
182	1
184	7
188	11
192	7
196	11
Market 48
2	3
16	13
17	13
25	8
26	11
27	10
38	9
41	1
50	15
53	5
54	4
55	8
57	6
68	1
71	12
76	7
81	8
110	7
115	14
122	10
126	3
134	2
148	13
150	7
153	11
155	11
157	7
164	1
167	15
175	4
178	11
179	8
181	7
188	6
190	15
Market 142(F)
1	12
2	10
5	7
6	12
16	3
34	4
36	10
38	12
43	8
44	15
53	10
55	8
57	14
64	4
71	10
79	5
85	5
89	3
91	12
94	4
96	3
100	4
108	7
109	15
112	12
113	7
119	5
126	8
128	9
132	1
133	10
135	1
138	10
140	11
149	12
156	14
159	3
160	1
167	5
169	13
170	15
171	5
173	13
176	2
178	9
181	13
188	8
191	6
Market 178
1	5
2	8
4	12
6	7
7	12
10	8
15	3
17	14
26	1
27	5
38	3
41	5
43	13
44	11
47	3
52	7
53	3
57	8
64	13
67	1
71	9
76	1
81	15
82	2
87	1
98	2
101	2
109	8
113	9
116	9
119	7
124	12
126	9
128	12
135	3
139	15
141	5
154	4
155	7
156	12
157	10
167	10
174	11
179	6
188	8
192	5
194	15
195	10
198	12
Market 160
10	6
15	10
16	11
23	2
30	6
32	11
36	11
41	15
44	10
46	1
51	8
54	15
55	15
58	3
71	5
78	10
82	4
87	5
89	12
92	2
94	3
95	2
100	4
106	6
110	11
112	4
116	6
117	12
123	1
128	9
130	10
132	4
135	11
141	6
145	8
147	7
148	1
153	3
154	9
155	6
156	6
163	11
167	4
169	3
175	14
176	13
179	3
181	13
188	7
191	12
193	6
194	11
199	7
Market 163
1	13
2	2
4	6
16	12
17	7
21	8
25	5
27	10
29	15
33	12
36	14
38	2
39	6
40	12
43	1
44	8
47	11
48	15
54	12
55	14
60	2
64	13
65	9
68	10
70	2
71	4
78	14
81	5
82	6
83	15
87	14
89	14
92	14
94	14
97	9
99	1
102	7
110	1
113	3
116	7
119	15
124	9
126	12
131	14
132	11
143	10
147	10
149	1
150	5
151	2
153	3
154	2
161	13
169	2
174	6
176	14
180	12
182	2
188	15
192	7
198	1
199	4
Market 123
1	14
2	15
4	2
10	13
11	15
12	12
17	11
26	14
27	4
32	4
43	5
54	15
55	10
64	12
79	9
83	10
86	7
94	7
99	15
100	14
105	15
109	10
116	14
118	4
124	6
128	10
131	7
136	14
138	7
148	5
151	11
154	3
155	6
158	2
164	7
167	5
169	11
175	13
188	5
198	14
199	12
Market 71
6	15
7	11
15	14
25	10
29	3
38	8
44	2
57	9
67	2
82	5
87	3
93	8
103	7
110	8
112	7
116	14
132	13
140	11
150	8
154	15
160	5
161	9
171	9
179	14
182	8
188	14
191	14
194	14
198	8
Market 176
4	11
6	6
7	1
9	5
11	11
13	5
15	3
20	12
25	10
29	7
32	11
33	9
34	4
36	5
38	12
46	6
48	6
52	1
55	8
57	3
64	1
74	11
75	9
78	4
83	13
87	9
90	1
92	7
93	7
103	11
106	14
123	10
124	3
128	13
129	5
132	5
138	12
140	2
141	1
144	11
145	7
147	13
148	6
153	5
154	9
156	11
159	7
161	6
165	12
167	10
169	9
170	11
176	9
178	14
181	2
182	11
185	6
190	1
199	1
Market 11
2	5
7	1
13	2
20	7
22	5
26	15
36	11
48	5
55	10
57	9
64	5
67	12
77	8
81	10
89	11
90	2
112	6
116	7
117	4
121	5
124	11
128	5
138	11
141	6
143	14
146	4
147	11
148	3
151	12
152	7
155	2
158	4
159	7
167	9
175	13
176	10
185	15
188	6
191	7
192	7
198	12
Market 153
2	8
5	9
7	15
10	12
11	7
17	14
22	12
23	5
24	1
25	12
27	10
33	15
34	10
36	14
39	6
41	14
47	5
48	10
53	9
57	7
68	15
71	11
77	4
79	8
81	12
82	14
90	8
92	3
95	2
97	13
98	12
100	2
102	3
103	1
110	13
113	1
116	12
118	12
119	10
128	15
132	11
134	8
135	9
138	15
140	8
141	9
146	10
147	6
149	1
150	13
153	3
154	9
159	15
163	1
167	2
170	5
175	12
177	5
178	15
180	14
182	4
187	5
190	5
191	4
192	12
198	8
199	13
200	10
Market 23
4	5
6	12
8	7
12	11
16	12
17	11
20	8
23	11
24	1
26	6
27	11
30	13
33	4
34	8
36	4
43	11
44	2
48	10
50	14
53	8
54	13
68	11
76	4
81	5
83	8
87	6
89	6
90	9
103	10
109	2
112	3
116	12
121	4
124	3
126	15
128	11
140	14
146	11
149	2
156	12
160	11
169	5
175	3
181	8
182	3
188	15
191	3
194	1
198	12
Market 127
2	14
4	14
7	9
8	12
10	5
16	12
17	8
18	6
23	2
24	12
25	11
30	1
34	15
40	7
45	4
48	6
50	6
52	14
53	1
54	13
55	7
56	4
59	9
70	8
72	3
76	6
77	12
87	3
92	9
93	15
95	7
97	3
98	9
100	6
103	2
104	14
109	11
112	3
113	15
118	4
124	1
126	13
132	7
135	15
145	13
146	15
147	15
151	10
153	15
156	14
158	2
159	13
160	1
180	13
181	6
182	6
186	4
190	4
199	8
Market 114
2	15
4	11
6	8
10	12
16	9
17	10
23	2
26	3
27	4
33	7
34	2
36	9
41	13
43	3
47	4
48	9
51	13
53	5
57	6
61	10
68	15
75	13
76	14
83	14
87	5
90	10
95	2
102	4
109	13
119	5
123	3
132	4
138	9
144	3
148	15
149	3
153	15
154	11
155	9
156	15
165	8
167	9
171	8
176	7
178	6
181	4
186	4
188	13
190	6
192	2
Market 122
2	2
6	15
11	12
15	9
20	3
25	10
27	8
32	4
38	12
39	4
43	5
53	6
55	8
64	1
65	11
68	5
71	6
76	3
80	10
89	2
92	2
97	3
101	3
109	6
110	10
115	10
124	2
126	15
132	3
138	5
141	5
149	13
150	8
153	3
154	1
156	5
159	2
161	13
177	12
178	13
181	7
187	4
Market 162
1	8
2	15
5	2
7	1
10	13
13	6
15	12
18	9
24	7
26	6
29	14
30	3
32	15
34	3
36	8
41	3
44	8
50	10
53	6
54	10
57	4
60	14
68	10
69	6
70	13
75	12
79	8
89	14
92	8
93	8
95	9
99	9
102	3
106	13
117	14
118	14
119	6
123	13
126	1
131	1
132	11
135	14
138	10
141	11
145	9
147	3
148	8
149	11
150	1
151	9
152	8
153	2
154	7
156	14
157	11
158	13
159	8
161	6
165	5
171	15
176	8
178	13
180	13
181	3
188	12
190	6
191	9
192	3
194	15
Market 50
5	9
11	8
12	12
15	4
17	7
18	9
19	3
20	15
22	7
26	4
30	12
37	4
41	7
43	11
45	11
46	11
47	3
48	1
50	9
52	7
53	13
54	11
70	4
74	12
75	13
76	7
77	2
81	7
90	5
91	1
92	5
98	4
100	5
108	1
110	11
111	15
121	6
123	6
124	8
126	2
127	11
128	14
145	12
147	6
151	15
153	9
154	3
155	2
160	1
164	11
166	4
167	6
170	1
176	11
178	6
180	3
181	9
188	8
192	9
194	11
Market 92
1	4
2	10
5	3
7	5
8	7
15	15
16	14
17	13
27	10
29	2
30	14
32	3
36	13
38	7
47	12
48	11
49	7
50	6
54	7
55	12
59	2
68	9
71	13
72	1
74	10
75	6
82	9
83	5
89	8
91	5
93	9
94	4
95	5
105	13
109	3
110	13
112	8
116	3
119	9
124	2
130	8
131	11
132	9
138	1
141	9
142	14
145	4
147	15
148	4
149	1
151	12
153	8
154	2
155	1
156	8
159	3
161	3
163	3
177	2
178	12
180	13
182	14
188	6
192	12
194	9
199	10
Market 37
1	2
2	7
6	11
7	4
8	10
9	10
11	12
13	1
20	14
22	1
23	13
26	6
28	4
30	15
40	6
41	15
45	15
48	1
49	12
53	14
55	15
56	2
57	7
65	6
68	3
72	15
74	15
81	6
82	5
87	6
89	11
90	7
92	3
97	1
98	7
103	9
110	9
112	7
116	15
117	9
121	11
126	3
128	7
130	8
135	9
147	8
148	6
149	5
153	9
154	11
155	7
156	7
157	7
161	4
163	11
165	12
167	5
168	7
170	13
171	15
173	2
180	8
187	13
188	12
190	6
194	12
195	1
198	11
Market 83
4	8
15	7
20	8
23	2
24	5
27	15
33	2
51	6
53	8
55	15
64	5
68	8
70	4
75	5
76	7
78	15
81	15
92	3
95	5
100	13
102	12
108	2
109	2
110	7
113	2
117	13
119	3
126	15
127	7
128	7
132	3
133	15
135	8
140	6
145	14
149	1
152	13
153	3
156	12
159	10
167	1
176	12
178	9
188	7
191	7
192	3
194	5
197	15
198	1
199	2
Market 155
8	9
11	10
12	12
16	11
17	8
18	11
23	15
25	6
26	10
28	2
32	7
35	6
39	5
41	9
44	11
45	14
46	7
53	1
54	15
55	5
59	6
64	2
65	2
68	13
69	8
83	9
92	15
95	8
97	9
98	10
108	12
110	3
111	7
115	2
116	1
121	12
123	15
126	7
127	10
138	1
141	8
142	10
145	6
146	15
147	4
150	12
151	8
154	1
155	5
158	4
167	10
169	15
173	2
177	6
178	3
179	14
182	9
186	10
190	5
195	12
199	6
Market 49
4	6
5	5
6	12
7	12
10	6
16	3
20	6
23	2
32	1
36	8
39	2
42	8
43	15
44	3
48	9
51	5
52	7
64	8
65	13
68	15
69	6
70	1
76	4
86	13
91	11
92	8
97	4
108	8
112	12
119	4
126	15
132	5
138	7
146	6
148	9
153	11
155	12
166	3
170	8
176	14
178	13
180	6
188	2
192	8
194	6
196	8
Market 116
1	7
2	14
3	6
4	1
7	10
8	2
11	12
12	8
20	7
22	7
24	11
25	15
27	13
30	3
38	10
43	1
47	12
48	9
52	13
55	14
57	9
59	10
67	10
70	15
75	12
77	7
82	7
87	3
93	15
98	2
103	13
109	12
113	9
116	2
119	2
126	11
128	4
130	12
132	8
141	2
147	5
149	2
150	6
153	9
160	4
167	2
170	10
171	10
178	3
179	1
181	11
182	8
187	6
190	9
191	10
192	6
198	6
200	2
Market 106
2	10
6	12
10	11
16	7
17	3
23	1
26	4
35	11
36	8
38	15
41	6
47	4
48	7
55	3
59	10
60	8
64	3
68	1
76	11
77	4
83	7
89	8
90	14
92	7
94	14
98	3
101	12
103	10
105	6
109	4
110	9
112	7
116	10
121	6
123	9
124	9
130	9
132	11
138	6
143	5
145	7
148	1
149	14
151	15
153	8
154	4
155	9
156	5
169	2
170	3
175	12
188	6
190	15
191	13
Market 139
4	7
6	7
7	7
15	4
23	5
24	1
27	9
34	6
42	12
43	8
46	4
53	10
64	13
67	2
69	7
70	14
75	3
81	3
87	1
88	3
92	10
98	4
100	12
108	7
124	6
132	4
134	11
141	4
146	15
147	7
148	2
149	12
150	8
153	1
155	4
169	15
171	1
177	5
178	6
179	11
181	3
192	11
194	10
198	8
Market 134
1	3
6	6
9	10
11	14
13	2
15	14
17	3
23	3
32	14
45	8
53	15
54	13
55	4
77	9
81	1
87	9
90	3
92	1
95	2
99	3
101	3
105	9
109	13
112	8
113	3
117	1
123	3
128	8
137	14
143	7
145	5
148	5
149	1
151	14
154	1
158	5
159	11
160	3
165	8
181	3
187	3
188	1
189	12
190	10
191	12
195	13
199	4
200	7
Market 59
1	2
3	9
4	10
7	15
12	8
16	15
20	1
22	11
23	10
25	6
26	14
30	10
40	10
41	12
44	13
50	10
53	13
55	13
60	10
67	10
68	12
75	11
82	6
89	12
90	6
95	9
99	8
103	12
110	14
115	9
116	9
120	8
122	4
123	11
124	4
126	11
128	9
130	2
131	5
132	10
135	5
137	8
138	13
141	14
143	13
145	11
147	10
148	6
149	7
150	13
154	9
155	4
157	10
158	2
165	14
169	1
170	4
175	6
176	8
182	8
187	2
188	15
189	3
190	5
191	7
194	13
195	10
198	11
199	1
Market 145
1	8
6	2
7	5
10	2
11	13
13	7
14	4
15	12
17	15
23	13
24	8
26	9
27	12
34	6
36	15
43	12
44	5
48	15
51	8
53	2
54	4
55	14
57	11
61	2
64	2
68	5
74	15
81	14
83	14
87	1
90	7
92	12
95	3
102	2
110	6
112	7
115	13
117	9
119	5
123	12
132	5
145	1
148	1
149	1
154	9
155	13
157	1
165	6
167	14
171	11
180	10
181	11
185	10
194	13
198	5
199	4
Market 181
2	10
4	2
7	4
10	3
11	5
16	9
17	10
18	14
22	11
25	2
39	10
40	13
41	12
43	5
44	13
57	4
64	11
71	1
75	10
76	4
81	3
87	11
90	6
92	7
93	2
94	4
109	13
116	3
118	9
121	3
126	7
128	4
129	8
132	2
135	13
138	10
141	3
147	11
148	5
154	9
155	3
156	5
159	1
161	13
167	1
170	9
175	11
179	7
190	5
191	12
192	12
196	7
197	14
Market 126(F)
4	8
8	10
12	2
18	7
22	6
26	1
27	8
30	12
32	12
34	4
35	7
36	1
38	7
41	8
44	13
48	1
51	4
69	4
70	11
73	14
76	8
77	8
79	15
81	6
83	11
87	7
91	2
92	8
94	1
104	1
110	4
121	8
126	8
130	11
132	15
135	13
138	9
142	13
145	15
147	15
149	7
151	13
153	2
164	13
167	4
169	7
179	14
190	2
191	4
192	5
199	10
Market 74
7	8
16	15
19	10
25	6
27	10
29	2
33	14
34	5
40	12
41	8
47	4
48	3
52	10
53	1
55	4
64	9
67	12
71	8
76	3
81	3
82	11
87	10
90	13
95	6
98	12
103	2
110	4
112	13
126	11
129	3
135	4
138	4
141	5
150	5
153	1
160	5
161	5
167	8
173	13
179	15
182	9
190	4
192	12
196	10
Market 3
4	14
7	5
8	4
10	13
11	10
12	1
26	5
32	9
39	10
41	11
44	14
50	4
57	15
59	10
74	5
75	7
94	2
99	10
112	12
116	2
131	4
132	2
141	7
146	4
149	3
150	15
153	4
155	13
158	7
161	14
164	8
175	1
180	8
181	5
187	11
188	12
191	8
194	11
Market 137
1	13
4	13
5	2
8	4
10	9
15	14
18	1
20	10
23	11
26	13
27	2
41	3
47	8
48	4
50	7
53	14
55	10
64	6
75	12
76	3
77	14
81	9
87	12
90	1
95	6
103	5
105	1
111	11
112	13
116	14
119	10
124	12
132	4
138	10
145	7
149	2
151	12
153	8
158	10
164	9
165	5
167	15
169	13
179	7
180	14
181	6
182	1
190	9
191	1
192	9
194	14
196	14
199	15
Market 193
2	8
4	2
6	11
13	5
18	12
24	12
26	5
27	3
30	1
36	12
43	1
47	14
52	3
70	11
78	2
80	11
81	12
90	12
92	1
94	8
106	7
109	13
112	14
117	5
119	15
122	7
123	15
128	2
131	12
143	7
151	15
167	6
169	14
176	12
180	4
182	1
184	4
191	14
197	5
198	4
199	14
Market 154
4	10
5	9
8	11
10	2
12	6
17	10
26	1
30	8
43	1
45	5
46	13
53	12
64	7
68	9
75	5
77	7
86	4
87	9
90	11
91	7
92	15
94	5
103	5
105	2
108	3
110	11
111	6
116	1
124	13
135	13
141	10
142	4
156	9
159	2
160	4
164	13
167	4
180	8
188	2
190	15
193	3
198	7
199	7
Market 146
4	12
6	4
7	8
8	1
9	14
10	3
13	10
16	13
18	6
22	3
24	9
25	3
26	15
30	14
34	6
36	9
40	11
41	5
44	13
47	11
48	7
50	7
53	12
54	12
55	2
57	13
59	11
67	1
70	1
74	6
78	15
80	15
81	14
82	11
92	6
94	7
95	8
98	10
99	7
105	13
106	14
110	13
118	9
121	13
123	3
124	11
132	8
135	12
142	6
144	8
145	2
152	4
153	2
156	7
159	10
165	8
167	4
169	4
170	11
179	6
180	3
182	14
190	4
191	1
192	11
194	2
195	12
Market 75
1	9
2	14
8	13
15	10
24	14
26	2
32	14
34	14
41	10
44	5
45	9
47	13
48	8
50	3
52	2
53	13
55	10
60	12
64	11
70	15
71	7
75	13
77	2
80	14
83	12
87	3
90	13
93	12
94	2
95	5
98	3
99	5
101	9
103	4
109	7
110	2
112	4
113	2
116	7
117	1
123	3
124	13
128	14
131	1
132	3
135	12
137	11
138	10
148	2
149	3
150	11
153	10
154	8
155	12
157	10
158	13
159	6
161	5
165	14
169	2
174	10
175	11
177	10
182	3
183	2
188	14
190	11
191	13
192	14
194	1
198	9
Market 190
4	12
9	9
17	14
20	13
23	11
36	12
41	13
46	11
47	12
51	14
52	14
61	2
68	11
75	15
76	8
83	15
87	1
106	2
112	11
123	12
128	9
138	11
149	4
152	14
155	11
160	14
167	4
169	2
171	14
178	3
181	12
189	4
195	13
199	11
Market 35(F)
1	3
5	3
6	9
11	7
15	11
16	11
22	7
24	15
25	8
27	8
28	2
32	13
38	12
46	4
48	5
63	10
68	1
69	14
70	10
71	12
75	2
76	12
77	8
79	9
87	9
89	6
91	3
97	14
98	11
103	12
116	3
118	12
121	11
124	3
126	3
130	7
132	1
133	11
135	9
138	14
145	12
153	6
155	11
159	4
160	9
166	6
169	12
170	14
175	1
178	5
180	5
181	8
187	10
190	2
192	14
193	4
196	4
200	8
Market 170(F)
1	11
2	13
7	6
10	14
16	8
18	2
20	10
22	1
24	1
25	6
26	5
27	2
32	12
36	12
41	14
48	8
52	6
54	2
55	2
65	9
74	10
75	2
76	6
81	5
82	7
86	5
87	4
89	15
90	2
94	7
95	9
97	13
98	6
100	6
112	5
115	8
116	10
119	12
121	3
124	15
126	11
127	4
132	11
134	6
135	13
138	2
140	7
141	1
145	1
147	5
148	9
149	15
150	14
153	13
155	11
156	5
162	11
170	15
175	7
177	6
180	3
181	6
182	9
185	4
188	11
190	7
192	7
194	2
Market 158(F)
4	1
6	9
8	10
11	12
15	7
17	9
20	15
23	4
24	8
27	7
30	6
38	5
43	6
45	14
54	7
56	15
70	10
76	11
77	9
89	9
92	9
94	5
97	6
103	12
112	7
121	11
130	2
141	12
147	7
149	4
158	6
160	7
167	4
175	11
178	13
179	11
180	1
194	2
198	10
Market 187
2	8
6	1
16	7
27	12
28	5
32	4
34	8
36	10
46	10
48	15
53	12
56	3
57	9
62	7
65	15
68	7
76	14
79	14
81	11
85	5
95	15
108	13
112	9
113	6
116	15
118	10
119	6
123	3
126	10
128	1
134	8
138	6
140	5
147	13
148	15
153	4
156	15
160	1
167	4
170	14
178	3
180	7
197	7
198	7
Market 113
1	15
4	13
6	13
8	5
11	3
12	4
17	12
20	15
23	12
25	2
26	4
30	1
36	11
41	5
43	8
44	12
48	10
49	10
54	4
55	1
56	7
64	4
67	9
70	3
71	15
77	3
82	9
83	2
89	7
90	2
110	13
119	5
121	13
124	2
126	15
128	11
130	11
133	1
135	7
141	4
147	4
149	5
151	7
155	11
163	15
167	1
170	1
171	6
175	3
178	9
179	14
180	2
181	1
188	10
194	6
197	13
198	11
Market 45
1	1
2	12
7	2
8	14
11	4
12	13
20	4
23	4
25	10
26	6
29	15
34	10
41	1
44	9
50	10
53	5
54	11
55	2
57	2
66	5
71	5
76	2
81	5
89	15
90	7
94	6
98	3
103	2
105	1
117	13
128	15
129	7
135	2
143	10
147	15
148	12
150	2
151	2
154	2
157	12
158	15
161	8
169	14
178	12
182	11
185	1
188	12
192	9
199	15
Market 16
1	11
6	3
10	11
12	15
17	3
23	15
26	11
27	11
30	9
32	13
36	15
38	1
43	13
45	8
47	11
52	14
54	2
55	2
60	9
68	5
70	6
74	1
75	9
77	1
83	15
87	5
92	6
95	15
99	8
103	6
105	3
109	15
110	11
112	13
122	9
128	15
142	11
145	12
149	9
151	6
153	1
154	15
156	7
158	8
159	14
170	5
175	15
177	4
188	11
190	15
194	5
196	15
198	11
200	10
Market 197
1	9
16	12
20	7
25	15
27	3
28	14
36	6
39	4
45	3
48	9
53	1
55	3
57	1
70	13
71	4
74	1
77	15
81	14
83	7
93	10
99	7
103	12
105	3
110	9
115	5
119	15
122	13
126	11
128	7
129	1
137	3
146	2
149	15
151	11
154	10
155	13
167	1
168	7
169	1
178	2
187	13
192	2
196	4
199	2
Market 105
4	15
7	14
9	13
11	4
15	12
16	1
19	9
24	3
25	1
26	11
27	11
28	3
32	9
36	9
43	1
44	5
46	5
47	6
48	11
54	7
57	1
65	5
68	11
71	12
74	15
75	2
83	13
89	15
92	6
95	12
98	3
101	15
103	7
109	7
110	9
112	12
113	14
124	1
132	2
134	3
140	13
145	1
148	8
150	13
157	15
165	5
167	9
170	9
171	7
177	11
182	2
192	12
194	3
199	1
Market 132
4	1
6	7
7	14
8	5
10	6
11	3
13	14
16	3
23	14
25	1
26	13
27	3
29	5
31	6
32	1
34	3
45	6
46	15
47	11
48	13
50	2
52	15
53	13
54	2
60	7
70	14
74	7
75	15
76	6
77	4
78	5
81	6
90	10
92	6
95	3
98	4
99	12
101	7
110	11
113	12
116	1
121	5
122	7
128	9
131	2
132	1
135	14
141	1
143	13
145	2
147	10
150	6
154	10
155	12
158	4
161	4
165	7
169	14
170	12
175	5
180	1
182	8
190	5
198	4
Market 28(F)
2	2
4	12
9	3
12	15
17	13
20	2
23	8
25	5
27	2
32	1
35	7
36	4
40	3
41	9
44	14
48	7
51	8
57	5
59	12
67	11
68	12
76	9
83	5
89	12
90	13
94	10
95	1
98	10
99	11
124	12
126	13
129	14
131	2
132	13
137	11
141	8
143	15
147	10
148	7
151	7
154	3
155	1
161	1
169	11
174	1
187	13
190	15
194	10
195	5
198	13
Market 191(F)
2	7
4	6
9	6
11	11
13	1
16	10
17	15
19	12
23	9
24	8
25	7
27	3
32	12
34	9
40	10
41	8
44	8
46	10
47	7
48	12
52	3
53	2
54	3
61	9
64	11
67	3
75	9
76	12
77	2
78	2
81	2
82	12
83	12
87	1
89	8
90	7
92	9
93	4
94	9
98	4
100	13
109	14
110	12
116	5
117	2
119	2
128	4
132	5
135	12
152	2
155	15
158	14
167	13
169	6
170	2
171	1
175	4
176	3
184	5
190	4
192	14
194	5
Market 64
2	8
4	5
10	2
12	14
17	4
25	5
41	14
44	6
46	3
48	2
50	12
52	7
53	14
59	10
64	15
68	4
70	14
75	10
76	7
86	3
91	6
98	10
100	10
116	10
124	3
127	14
128	12
131	9
145	6
146	11
147	1
148	11
149	3
154	11
155	8
158	10
164	11
167	1
169	11
170	6
175	10
178	14
180	8
181	7
188	14
194	5
198	14
199	12
Market 110(F)
1	8
8	10
11	1
12	5
17	8
22	14
24	9
26	5
28	7
30	7
32	13
35	10
38	6
39	8
44	7
50	2
53	7
59	7
65	6
68	12
70	1
74	7
77	11
83	9
87	4
92	10
98	9
110	14
111	10
112	13
117	14
119	14
121	8
128	8
134	10
135	3
138	5
142	3
147	9
148	5
153	15
167	12
169	12
173	11
180	9
181	11
190	7
191	11
192	15
193	15
194	3
196	6
198	3
Market 93
1	12
2	1
4	2
11	9
13	12
16	9
24	15
25	11
30	10
34	3
39	12
48	12
57	8
60	15
68	11
70	9
74	12
76	1
87	1
90	14
98	6
103	1
111	7
112	2
115	11
119	7
122	13
126	14
131	8
134	6
135	14
143	10
149	9
155	1
156	7
157	11
158	7
161	4
164	12
165	10
167	2
168	11
173	14
178	4
179	13
181	5
182	9
183	3
188	7
192	15
194	14
198	11
Market 189(F)
1	7
6	4
8	7
10	5
16	8
22	8
25	4
27	12
35	5
41	13
43	14
45	7
48	9
53	2
54	7
68	12
76	12
83	13
92	4
95	11
96	6
98	13
102	13
109	15
112	12
116	6
119	9
121	14
124	9
126	15
130	11
133	4
140	4
141	13
146	7
147	11
158	13
163	12
167	12
179	2
181	10
186	14
190	13
199	10
Market 18(F)
4	9
7	9
10	7
15	13
16	9
18	14
20	4
23	7
26	3
28	1
32	1
38	13
43	6
44	14
53	13
54	5
55	1
57	13
60	10
70	6
74	7
76	1
83	2
86	15
89	5
94	11
97	3
99	4
115	5
118	9
119	3
128	1
132	12
141	15
146	5
148	10
149	1
150	9
151	7
155	7
157	3
161	2
167	3
176	9
178	3
184	14
188	3
190	13
194	12
197	11
Market 147
2	13
6	1
7	6
11	2
17	8
19	3
22	5
24	8
29	11
40	7
44	12
52	10
53	6
67	6
70	1
71	9
76	15
81	8
89	5
90	1
103	6
110	1
119	13
121	1
126	3
140	3
141	3
150	3
156	12
159	8
160	1
161	6
167	10
170	6
171	2
175	1
179	11
180	1
182	8
190	14
194	8
199	14
Market 118
1	14
3	9
6	12
10	8
12	10
15	13
17	10
19	14
21	2
23	3
29	7
30	2
32	12
34	6
36	9
38	1
40	4
48	7
50	2
52	9
57	15
60	14
70	14
75	8
76	8
77	5
81	12
87	1
92	15
94	5
99	12
109	11
112	11
117	7
120	9
121	10
122	7
123	2
124	4
129	2
130	7
137	9
138	4
143	9
145	5
147	13
149	13
150	1
151	10
153	6
155	1
156	6
157	5
160	3
167	14
175	3
177	13
183	3
196	12
197	2
198	14
Market 67
4	13
6	9
11	5
12	3
14	8
15	10
16	12
18	14
22	10
23	5
27	9
35	14
36	5
40	1
50	8
51	9
53	9
54	1
56	12
59	3
62	1
68	14
70	13
74	14
76	11
77	15
78	7
83	11
84	10
95	12
97	6
98	8
99	12
103	12
104	3
105	6
108	13
112	9
116	7
119	8
126	4
127	8
128	6
130	7
132	9
135	13
138	1
141	1
145	11
146	11
147	13
148	14
151	12
155	4
156	9
160	14
164	11
166	11
167	10
169	13
176	1
178	4
179	12
181	3
185	7
187	7
188	1
191	15
194	5
196	11
199	1
200	12
Market 39(F)
4	13
5	9
8	7
9	9
10	4
12	10
13	6
17	1
23	8
26	12
27	14
32	6
36	2
41	5
44	6
51	8
53	14
54	15
55	15
59	13
60	7
61	4
63	11
67	5
69	14
71	1
74	13
75	7
79	13
82	3
83	9
85	15
89	7
90	6
92	4
95	14
98	5
105	1
106	8
108	12
112	4
118	2
122	4
126	4
132	15
137	9
138	10
141	1
142	13
144	14
145	10
147	7
148	1
153	7
155	5
158	12
159	9
164	1
165	6
166	15
167	5
169	6
175	7
176	3
179	8
180	4
184	12
186	9
187	14
188	8
190	13
191	1
193	3
196	15
199	5
200	11
Market 65
1	1
6	10
8	12
20	9
24	6
26	6
27	9
35	11
39	11
44	1
48	7
53	1
54	6
56	1
59	15
68	6
70	12
73	7
77	3
81	3
87	2
98	15
110	2
111	10
115	9
119	3
124	6
126	13
128	12
130	12
140	8
149	12
150	6
167	8
170	8
173	1
175	10
178	3
181	8
186	11
189	11
190	5
192	15
195	3
198	9
Market 10
1	4
4	5
6	4
9	7
10	5
17	3
20	5
24	12
32	3
36	15
43	7
47	6
51	15
54	5
68	3
83	13
87	7
90	7
92	13
98	9
100	3
102	2
103	6
106	1
109	2
110	7
112	1
113	8
117	14
123	3
124	9
126	3
128	6
140	4
148	8
154	7
159	10
160	13
165	5
167	8
176	12
179	3
180	6
181	9
187	8
194	11
Market 89
6	4
12	10
13	2
15	9
23	11
24	13
27	10
41	8
43	12
45	15
50	15
52	3
55	13
64	5
68	5
74	9
92	13
94	5
99	9
101	9
105	6
112	15
113	12
122	7
124	6
132	5
143	11
148	13
151	9
153	2
155	13
158	5
169	2
176	9
177	5
180	8
181	5
182	6
188	5
194	5
199	10
Market 119
1	6
2	8
10	9
16	5
20	14
28	8
32	11
34	9
38	5
39	1
40	9
43	9
52	6
55	12
57	3
64	14
65	2
67	14
70	3
71	6
75	4
76	5
82	14
88	13
92	5
94	6
110	2
112	7
113	2
118	2
119	4
120	6
124	4
126	7
128	9
138	7
145	8
147	7
149	8
150	9
151	5
154	5
156	8
160	11
161	13
170	14
173	15
177	7
178	13
182	3
186	13
190	1
191	5
192	9
194	1
196	11
198	3
Market 31
7	4
11	6
17	13
20	10
22	10
23	11
26	4
30	12
35	15
36	6
38	6
40	9
41	5
44	10
45	13
53	1
55	3
59	14
60	11
65	3
68	12
70	7
71	8
72	1
74	12
77	14
81	6
89	14
90	6
92	13
93	8
97	7
98	1
99	14
103	3
105	1
110	8
112	9
113	6
115	5
116	6
122	14
126	15
128	4
140	6
141	5
142	8
147	5
148	10
149	11
150	15
151	5
154	3
156	12
157	13
158	13
163	12
165	5
169	15
170	5
173	9
175	15
178	4
180	8
181	9
188	9
192	1
197	4
Market 17
1	5
8	8
10	3
12	5
15	13
16	10
17	12
20	7
22	13
28	10
30	2
34	2
39	6
41	8
43	6
48	4
54	12
59	12
68	1
71	11
74	12
76	2
103	6
104	7
112	3
122	10
124	5
130	5
131	7
132	7
145	4
149	3
150	8
151	2
153	6
154	8
155	11
157	4
164	8
173	4
186	15
194	4
198	5
Market 85
4	7
10	8
15	11
20	12
29	6
30	7
40	8
44	8
47	14
52	2
57	9
64	7
67	14
77	11
82	8
87	8
92	13
94	10
96	5
98	3
102	9
112	12
113	10
121	1
122	14
126	7
128	12
130	7
132	11
145	13
148	1
149	7
150	15
153	7
154	8
158	14
167	14
170	1
171	13
175	14
178	2
180	14
181	6
190	8
191	15
199	10
200	3
Market 135
1	14
2	4
7	13
8	4
20	2
22	9
23	2
26	3
27	9
29	9
30	8
32	11
36	3
38	14
39	12
44	7
45	6
53	3
54	6
55	10
60	14
64	10
67	8
68	2
77	6
81	15
83	7
90	14
94	2
95	8
103	13
112	2
117	2
120	8
122	1
123	1
124	13
126	2
128	6
132	14
135	12
141	13
147	8
149	15
150	9
151	8
155	2
157	12
158	3
161	8
173	15
179	11
180	15
182	3
187	12
191	10
193	11
196	13
198	6
Market 47
1	1
4	1
12	8
15	1
18	9
26	6
38	6
43	4
46	7
50	3
52	13
54	5
64	2
68	3
70	13
74	8
75	6
79	4
90	8
94	13
95	5
126	12
127	14
135	6
137	5
141	13
145	8
153	15
159	6
167	11
177	1
179	1
180	8
187	13
191	10
192	13
194	9
198	4
199	15
200	4
Market 159
4	2
5	11
9	13
10	14
15	11
20	2
32	15
38	7
41	13
43	5
52	11
54	13
60	11
61	2
64	3
74	7
76	10
77	15
79	4
83	8
86	4
87	13
90	8
91	1
92	6
94	13
99	4
100	10
102	10
103	4
109	15
110	10
112	9
113	15
117	6
118	5
119	4
128	1
133	14
140	11
146	4
149	12
156	3
160	2
170	3
171	1
178	3
180	11
184	14
185	1
186	6
187	11
188	5
189	7
192	8
194	5
195	9
198	15
199	4
Market 84
4	11
9	14
10	3
12	15
13	10
17	2
20	6
25	8
26	13
27	8
30	8
32	7
35	14
36	1
45	1
48	1
55	7
59	5
68	7
71	3
76	1
77	10
82	4
89	15
95	7
98	8
103	6
110	15
112	8
116	2
124	9
126	6
132	4
135	3
141	11
148	7
152	4
155	15
163	10
165	1
167	5
169	14
170	2
175	15
176	9
180	7
186	8
188	8
189	2
192	11
195	10
Market 8(F)
1	13
2	11
4	11
5	10
6	1
8	1
10	11
12	13
14	10
15	13
18	2
22	14
24	11
30	5
32	2
35	2
36	10
37	14
40	3
45	3
46	2
51	2
53	6
55	9
59	4
61	3
63	14
68	6
70	15
72	7
75	12
78	8
79	4
82	3
83	15
90	4
91	15
94	2
95	3
100	1
103	5
110	6
116	7
117	13
119	2
123	9
124	3
127	11
128	6
130	9
145	12
148	14
149	2
152	5
153	4
155	15
158	3
163	5
164	7
169	12
170	12
176	12
185	7
188	11
190	3
192	10
199	15
Market 22
1	15
2	4
4	9
8	15
10	11
14	8
23	10
32	13
36	7
45	2
46	2
51	10
53	4
54	9
55	14
59	8
68	14
76	10
77	10
78	11
90	6
91	6
94	5
100	15
104	8
110	9
112	7
117	7
123	15
124	13
130	2
138	4
141	15
145	8
147	2
148	1
155	11
158	11
159	4
164	3
166	4
169	3
170	4
176	7
180	14
182	9
185	6
188	10
190	14
191	5
192	2
194	9
195	6
198	7
199	14
200	3
Market 164
2	11
15	13
16	9
20	12
24	10
29	9
32	7
34	12
41	9
47	15
48	4
53	10
57	11
64	7
76	14
81	2
87	4
92	9
93	8
95	15
110	14
113	2
115	3
120	1
123	3
124	12
132	5
150	14
153	11
155	14
157	11
167	8
169	8
171	15
173	7
178	9
181	15
182	2
186	13
190	3
192	8
194	11
198	13
199	6
Market 194
1	9
9	13
11	1
17	4
20	9
22	7
25	15
28	7
32	2
41	13
46	7
48	8
50	9
60	3
65	10
68	7
70	5
74	3
76	5
87	11
93	14
99	3
103	3
105	4
112	8
116	1
117	13
120	12
122	4
124	15
126	9
129	15
131	15
132	11
133	1
138	7
140	14
141	14
146	7
154	14
155	11
156	2
159	6
160	14
161	14
165	7
167	11
169	11
172	4
175	5
176	2
178	4
181	14
182	1
188	5
192	12
198	8
Market 81(F)
1	3
4	4
5	3
6	9
11	8
12	12
15	4
17	5
18	2
23	6
24	13
26	1
27	7
33	12
36	6
44	12
45	7
46	15
55	4
63	2
75	13
83	10
85	6
90	4
91	4
92	1
96	11
109	12
113	6
118	11
119	6
123	2
124	7
128	9
130	6
133	10
138	7
141	12
145	10
146	9
147	3
148	8
149	8
150	5
151	15
154	7
155	6
158	11
160	15
164	3
166	12
167	10
170	1
175	7
178	7
179	8
180	13
188	11
191	7
192	12
198	8
200	13
Market 107
4	10
9	12
11	10
22	13
23	6
26	2
27	10
28	1
30	12
38	2
44	12
45	3
48	10
50	11
53	15
54	1
55	10
57	9
59	8
60	14
64	13
68	4
71	3
74	10
77	8
83	12
90	1
93	11
95	8
103	6
110	6
112	3
115	1
117	12
118	5
122	10
123	13
126	14
131	2
132	10
135	9
141	15
143	9
145	10
146	8
153	13
156	6
157	8
159	12
161	3
164	11
168	4
169	13
173	9
176	6
178	9
179	10
181	12
182	8
183	13
188	7
190	11
196	15
198	5
Market 138
4	3
7	2
8	1
11	8
16	9
17	14
20	4
25	13
26	13
28	10
30	4
32	9
34	8
36	9
44	9
45	12
46	13
59	4
65	7
68	12
70	1
74	5
75	3
76	3
78	14
81	13
90	5
97	15
99	5
103	4
105	15
106	2
110	15
119	15
122	12
132	11
144	15
146	6
151	3
153	8
154	2
155	8
159	11
161	13
164	4
165	3
167	3
168	3
170	6
173	8
180	7
182	3
184	14
190	10
192	11
198	14
Market 63
1	11
2	1
7	13
10	13
11	11
27	7
36	14
48	11
51	2
52	11
62	10
64	8
68	8
70	11
81	13
95	2
97	2
100	14
103	14
107	13
112	6
115	11
117	3
123	4
126	6
135	15
138	6
141	5
144	2
149	1
150	5
152	7
153	11
155	8
157	4
159	10
165	3
180	14
181	7
188	5
190	11
194	3
196	3
198	1
199	6
Market 66(F)
2	8
10	11
15	10
16	11
18	11
23	15
26	11
28	15
34	11
36	15
37	13
38	2
44	5
48	5
51	15
55	4
68	7
81	9
83	8
85	1
87	14
97	7
108	1
110	15
113	12
118	9
119	3
123	3
124	8
127	11
128	1
133	14
135	5
141	7
146	8
154	3
156	10
166	6
167	12
170	9
178	1
180	2
194	14
198	13
199	3
200	2
Market 55
2	5
4	6
6	5
8	4
15	11
17	6
20	10
24	1
30	12
32	14
33	12
36	14
41	7
45	13
46	5
47	2
51	8
52	13
59	7
76	5
77	8
78	10
81	5
87	2
90	9
94	3
106	3
109	6
113	8
116	5
117	14
119	14
123	7
128	12
131	7
136	12
138	12
140	11
142	14
145	11
148	8
149	12
151	9
155	6
156	7
158	8
164	6
171	12
176	8
178	2
181	14
182	7
184	1
194	2
196	13
Market 177
1	13
3	13
4	7
7	4
10	14
11	10
15	13
17	8
22	3
23	14
31	4
34	5
40	3
44	7
46	11
48	15
50	2
53	1
57	9
68	14
70	2
78	8
81	7
89	12
90	8
92	12
93	3
94	3
95	12
98	10
99	8
116	9
119	8
124	5
126	3
128	14
132	11
135	10
141	6
147	13
148	9
149	3
150	8
151	2
153	13
154	12
158	7
165	1
167	5
169	5
170	7
175	10
181	15
182	5
184	10
186	13
190	11
191	14
198	14
Market 40(F)
1	11
2	8
6	3
7	8
20	10
22	14
25	11
29	3
33	14
34	9
36	10
41	4
43	14
48	3
52	1
53	13
64	13
67	13
68	1
71	11
77	10
81	1
82	1
89	6
93	15
98	10
102	8
109	14
110	2
113	14
124	6
128	13
130	4
140	3
141	6
148	12
149	13
150	9
153	10
154	4
158	2
167	5
170	12
175	12
178	5
179	3
180	4
181	4
191	9
194	7
Market 2
1	12
5	9
10	12
18	5
20	4
23	14
27	7
41	3
46	13
50	8
52	3
55	3
59	4
64	13
70	14
74	5
75	15
76	12
77	6
79	8
81	15
94	11
99	2
100	13
105	10
109	5
112	8
118	12
122	14
123	10
124	13
136	2
138	12
145	4
149	15
151	11
153	4
158	5
159	9
169	11
170	7
177	12
179	12
182	9
188	2
191	1
194	2
198	9
Market 69
1	4
4	6
5	15
6	12
10	13
12	9
14	3
15	2
16	10
18	7
20	12
23	8
24	15
30	11
32	12
33	12
34	11
41	11
44	7
47	13
53	9
55	6
57	5
61	9
64	6
68	4
70	13
74	7
76	5
77	15
79	2
85	14
90	12
91	6
92	1
94	15
95	5
99	8
100	13
102	2
105	14
106	13
108	9
109	2
110	2
112	3
113	14
116	7
118	4
119	3
123	14
135	12
138	10
140	13
142	14
144	8
145	7
150	4
152	6
153	5
156	11
158	6
159	12
160	10
161	1
166	11
167	6
170	2
171	10
176	12
181	7
182	4
190	2
191	6
198	5
199	9
Market 70
1	4
11	13
15	7
16	9
18	8
22	6
23	12
29	4
35	14
36	5
38	6
40	6
44	6
54	8
61	10
69	8
70	1
77	6
82	1
87	1
89	12
90	9
91	3
93	7
103	12
106	7
108	13
112	8
117	13
121	1
123	11
126	11
127	14
128	1
135	9
141	14
144	8
147	4
149	1
151	14
154	15
155	14
158	11
159	3
165	12
169	8
170	6
176	7
177	9
179	2
180	11
182	3
184	1
185	2
192	1
198	2
199	14
Market 128
5	10
8	9
11	7
14	8
15	3
23	14
24	1
26	2
30	1
32	11
33	3
38	11
41	14
43	11
46	2
51	10
53	10
55	9
64	14
74	4
75	15
76	1
77	10
81	14
87	12
90	5
95	10
96	5
99	5
108	1
109	2
117	9
119	5
122	4
126	8
127	6
128	3
131	3
132	12
133	1
137	8
138	6
140	11
145	6
148	4
152	1
153	14
154	9
155	1
158	3
159	1
160	1
165	6
171	4
175	7
176	4
178	3
179	5
180	1
181	13
182	5
185	1
188	5
195	5
198	1
199	5
Market 104(F)
7	6
9	9
10	15
11	9
15	7
20	3
23	10
29	5
32	2
34	9
38	7
43	7
44	4
54	4
57	7
64	11
67	3
74	2
76	12
82	14
87	9
89	10
94	10
95	2
99	6
101	4
103	2
105	7
110	9
112	6
122	9
128	2
129	13
131	15
135	5
137	7
148	1
155	14
156	7
157	13
165	11
180	6
182	3
183	2
187	11
190	9
191	13
198	3
Market 115
1	15
10	13
11	1
13	9
15	1
17	6
22	15
24	14
26	9
32	8
35	15
36	7
40	6
46	7
48	11
51	9
52	9
55	8
61	4
64	14
68	7
74	14
77	14
83	11
89	14
90	5
92	5
93	4
98	3
100	13
103	2
106	4
109	4
110	12
119	1
121	2
126	9
130	11
132	12
135	12
141	15
144	14
148	13
149	5
151	1
152	15
153	1
156	15
158	7
159	5
161	15
163	7
165	6
167	15
169	9
170	8
176	5
179	13
180	1
182	13
189	2
195	2
Market 152(F)
2	15
8	1
9	8
13	9
22	5
23	13
25	7
39	5
45	6
46	11
50	6
59	14
68	11
70	5
71	8
76	10
78	11
90	14
92	11
93	2
99	6
103	1
115	15
119	14
131	6
132	5
135	4
136	10
138	3
142	7
153	9
154	11
161	15
164	2
165	1
167	8
170	11
175	10
179	15
184	11
194	5
198	13
Market 5
1	12
4	13
5	14
6	1
8	1
10	10
17	10
18	6
22	10
36	13
45	7
47	11
51	6
53	5
54	5
64	5
68	4
69	9
70	7
75	3
77	15
79	10
80	4
85	5
90	11
91	2
92	15
94	5
95	9
98	7
101	11
105	8
111	7
112	10
116	10
118	5
121	1
123	9
126	11
127	2
128	10
132	11
142	8
151	5
153	8
154	4
164	10
169	5
175	15
176	13
180	12
182	14
188	9
190	1
191	2
194	7
197	9
Market 19
1	11
8	14
11	4
12	5
15	3
18	8
23	9
25	15
26	8
29	6
30	3
41	15
44	2
46	4
47	8
48	15
52	15
53	15
54	5
55	13
59	10
64	10
75	6
76	5
83	7
86	6
91	8
93	10
99	15
100	3
105	15
110	2
122	12
123	8
124	8
127	14
129	7
135	11
141	10
147	7
149	5
151	10
154	5
156	2
157	4
158	3
161	6
170	5
177	6
179	1
180	14
182	1
188	3
192	5
194	13
197	11
199	15
Market 73
7	2
9	8
16	15
23	15
25	15
26	4
27	11
29	3
30	7
34	2
38	6
41	3
48	3
53	4
68	14
71	10
77	2
93	8
98	11
105	3
112	7
120	6
122	5
135	12
148	13
149	14
154	11
155	5
157	9
158	7
165	14
167	3
175	8
176	13
180	5
199	11
Market 117
2	11
12	4
13	4
14	5
17	10
18	6
19	13
24	14
30	5
36	7
38	11
45	10
46	7
47	4
50	13
54	9
60	5
61	5
63	11
64	8
68	8
74	9
75	12
77	6
78	10
79	9
81	5
90	10
94	12
99	8
101	15
106	4
107	10
109	9
118	6
124	2
126	12
127	4
131	1
132	11
138	13
143	6
145	4
148	5
156	2
160	3
176	13
178	7
184	5
190	7
191	15
192	8
193	11
194	2
196	10
198	3
Market 95(F)
1	12
4	14
15	6
23	9
26	2
27	4
30	4
32	10
36	2
41	4
46	4
48	5
50	10
51	7
53	6
54	11
55	3
63	6
75	9
77	10
90	7
94	15
95	2
100	4
105	1
108	2
116	10
121	11
122	7
124	10
127	2
135	7
138	3
142	3
145	14
147	9
148	6
158	15
159	11
167	8
170	15
175	3
176	6
179	4
180	5
185	2
190	2
191	11
198	4
199	14
Market 42
1	9
3	11
4	11
7	14
8	3
9	5
10	9
12	8
13	5
14	7
20	14
22	8
23	2
25	5
29	12
34	6
41	13
44	11
48	2
50	9
51	12
55	7
57	11
62	9
67	9
68	4
71	15
78	12
90	2
91	11
94	2
100	2
105	2
106	3
110	1
112	7
116	1
117	11
122	7
123	1
124	5
126	15
131	7
132	10
138	5
141	15
148	6
150	10
151	11
153	15
161	7
169	2
174	6
176	14
182	7
184	1
188	15
191	13
199	13
Market 54
2	5
4	4
6	10
8	2
16	7
24	11
25	7
27	4
33	9
35	8
38	3
40	11
55	1
67	3
71	6
76	1
94	15
96	2
98	6
103	1
109	1
110	14
113	2
116	1
119	9
121	12
128	4
130	8
131	12
133	9
147	7
149	3
153	2
154	15
155	15
156	1
169	12
171	7
175	11
178	7
180	14
181	14
182	5
193	11
198	1
Market 169
2	15
8	10
10	3
11	1
15	9
16	2
17	5
18	13
20	13
25	2
26	7
27	6
28	6
30	12
32	11
41	6
44	3
45	5
46	10
48	1
51	10
55	5
57	13
63	9
65	5
70	3
76	1
79	1
81	4
83	2
86	8
87	2
89	7
90	5
91	12
99	5
100	11
105	14
108	12
111	14
118	3
119	13
124	12
128	13
132	6
141	2
149	8
151	14
154	10
155	10
157	11
158	4
159	2
161	1
167	13
173	14
176	3
178	7
179	10
180	2
182	1
188	8
191	9
192	14
194	2
198	6
Market 172
8	10
11	8
12	3
20	9
22	7
24	11
38	5
41	6
45	3
54	3
59	6
68	11
83	11
97	8
103	15
113	9
116	14
119	6
128	5
133	3
135	5
146	8
149	10
151	6
153	14
156	15
158	5
160	3
164	7
172	15
175	11
178	14
179	2
187	6
188	13
191	2
199	15
200	8
Market 184
4	8
10	8
23	2
24	7
27	12
38	1
39	5
41	5
42	9
44	7
48	2
55	10
57	8
64	15
65	3
75	13
76	5
79	7
81	6
86	3
91	6
92	1
95	12
100	6
103	15
109	15
110	4
112	7
124	2
126	11
127	5
128	1
132	4
134	9
146	10
149	4
150	11
153	13
167	14
180	8
181	5
190	7
191	7
192	15
194	8
195	8
198	5
199	1
200	14
Market 148(F)
1	10
2	9
6	1
9	15
13	5
15	13
17	3
23	5
24	3
32	15
36	11
41	9
46	12
50	7
52	8
54	6
68	13
70	15
74	7
75	9
78	8
83	14
92	1
95	13
99	11
105	6
109	1
110	4
113	12
123	6
124	2
137	8
139	4
145	3
148	2
153	10
155	8
156	1
159	4
160	4
165	3
167	1
169	3
178	7
181	14
184	10
188	9
190	13
192	8
196	6
Market 144
1	15
2	10
4	7
10	3
12	3
15	1
16	10
17	8
22	11
23	6
24	9
27	8
33	7
36	9
40	10
41	13
43	1
44	1
45	15
50	7
52	7
53	6
55	11
59	10
61	13
64	6
67	10
68	10
70	6
71	12
74	1
77	1
81	3
82	6
87	13
89	3
90	11
92	10
98	11
102	14
103	14
105	13
109	1
111	8
113	7
116	10
119	15
121	2
122	12
128	12
130	2
131	12
132	11
133	10
135	14
140	11
142	6
146	6
148	12
149	11
152	13
154	15
156	12
163	10
164	9
165	11
167	9
169	4
170	8
171	10
178	1
181	9
188	12
192	11
194	10
198	14
Market 61
3	2
7	10
10	10
11	14
12	3
15	6
22	4
36	7
41	11
43	12
44	13
48	8
50	13
53	11
67	4
68	5
71	4
74	13
76	15
87	2
92	12
93	7
99	14
109	13
110	8
112	5
116	6
117	12
118	2
120	5
122	11
123	5
124	10
126	6
131	13
132	11
153	2
157	15
159	12
161	5
167	6
174	15
177	6
180	12
186	13
190	14
191	7
192	9
198	12
199	9
Market 124
12	13
14	1
17	12
20	15
30	11
32	12
34	14
36	12
39	14
45	9
48	12
50	8
51	1
52	1
54	6
57	1
70	3
74	11
76	2
77	11
83	14
92	10
97	12
100	7
103	14
105	8
107	5
116	8
126	5
128	14
131	12
142	6
144	8
148	7
149	5
150	9
153	12
154	4
158	6
159	3
161	12
164	3
165	11
169	4
170	8
175	8
176	3
178	7
181	14
182	9
199	9
Market 151(F)
1	5
2	14
10	9
18	14
30	6
32	2
36	10
38	13
43	1
47	6
50	15
70	6
74	5
77	12
80	15
87	7
90	15
92	4
94	5
101	14
109	13
118	5
122	9
123	12
128	8
131	3
143	11
145	9
153	1
154	8
156	3
158	2
159	8
177	12
180	11
182	8
198	8
Market 46
10	2
11	15
15	5
16	1
18	7
20	1
24	13
27	6
30	14
32	1
34	14
39	7
41	3
43	14
44	12
47	4
52	9
53	6
55	1
57	8
65	8
68	12
76	3
81	4
83	7
90	15
97	8
101	7
103	1
112	14
118	6
119	7
126	1
128	5
135	15
140	12
145	7
153	13
156	8
158	10
159	12
160	5
167	6
168	5
173	1
180	5
191	1
192	8
194	10
199	13
Market 29
2	15
4	9
6	11
7	2
10	1
12	12
15	14
16	8
17	10
20	14
24	2
25	7
26	5
27	3
30	7
47	3
50	13
52	8
57	13
67	10
68	10
71	9
81	4
83	7
87	9
89	9
90	7
93	4
95	3
98	3
101	15
109	6
115	3
118	13
120	2
126	5
129	9
135	5
138	7
141	15
145	1
147	3
149	14
150	2
151	14
153	6
154	14
155	11
156	9
158	1
160	6
161	15
167	4
169	5
170	12
173	15
175	15
181	9
187	14
188	9
190	9
194	15
196	3
198	15
Market 51(F)
4	6
8	12
11	11
12	13
16	15
17	7
20	15
26	6
27	10
28	13
30	8
32	1
35	2
36	5
44	6
45	11
53	7
56	8
68	4
70	1
76	14
81	2
83	10
87	3
90	5
94	8
95	7
97	13
98	6
110	5
111	4
112	5
116	7
121	15
124	13
128	5
132	14
133	12
135	12
140	13
146	5
151	3
153	3
154	1
155	1
156	10
164	10
167	6
178	2
180	11
181	11
185	2
188	2
198	5
199	7
Market 168
1	14
5	4
8	6
10	3
12	4
15	9
17	13
26	1
27	13
36	7
38	5
43	2
46	3
50	6
52	2
54	15
59	3
60	4
64	7
70	3
75	1
81	9
86	2
91	6
94	8
95	3
99	15
112	12
117	8
126	8
132	13
138	6
142	13
145	10
151	15
169	5
170	2
175	1
179	9
182	9
183	2
190	3
Market 32
2	14
5	8
6	13
7	6
10	10
11	10
13	2
15	14
16	2
20	8
25	5
28	12
30	6
32	13
34	10
36	4
38	10
39	11
41	7
43	13
44	11
47	7
50	3
52	9
54	11
60	12
64	10
68	11
71	2
75	3
76	6
78	13
80	15
81	1
89	15
92	15
97	5
99	6
105	8
109	12
117	7
119	13
122	9
123	10
126	10
131	5
132	6
137	10
138	4
141	9
145	14
148	2
149	8
150	2
151	2
154	10
156	7
157	5
158	6
160	10
165	4
168	11
173	6
176	5
180	5
181	12
184	8
188	8
Market 196
1	2
2	8
8	14
9	11
12	12
22	8
23	6
26	1
27	11
30	13
32	11
36	2
38	15
41	6
46	9
48	4
51	1
52	5
53	5
55	14
61	14
64	9
70	2
78	15
80	15
83	15
101	14
105	3
106	1
109	1
112	7
117	11
122	11
123	15
124	9
126	13
128	7
131	15
132	12
145	5
149	3
151	4
152	7
153	4
155	12
158	15
165	15
167	1
170	2
176	3
177	10
180	6
182	4
186	6
190	11
192	1
194	7
195	14
199	9
Market 136
2	1
4	5
15	12
16	9
17	9
18	12
24	4
27	14
32	14
34	11
38	7
39	5
53	8
57	12
68	5
75	10
83	5
90	6
92	13
94	15
95	5
98	7
109	9
118	3
120	6
123	10
132	13
138	7
147	1
149	7
154	10
159	5
169	6
170	2
173	6
174	5
177	9
179	5
180	6
181	10
190	15
191	6
194	11
Market 199(F)
1	5
2	14
4	12
8	1
10	1
11	4
13	6
16	12
17	10
18	5
22	7
23	2
24	7
27	7
32	6
41	4
42	1
45	8
48	6
50	14
52	14
55	1
59	2
68	12
69	12
70	12
75	15
77	8
78	11
81	3
86	14
87	7
91	5
95	12
99	3
100	7
103	8
108	5
110	2
112	11
128	12
131	15
132	4
135	4
144	10
145	11
148	4
149	1
153	9
154	9
155	9
158	8
159	12
164	2
165	2
169	7
170	12
175	11
176	6
178	15
179	12
180	14
181	10
182	13
186	10
188	1
191	10
194	15
195	9
199	7
Market 125(F)
1	11
2	14
4	15
11	7
23	2
38	11
43	2
46	1
47	15
48	6
52	14
53	5
64	7
65	15
70	5
79	2
86	13
91	15
92	2
95	8
97	3
100	8
108	2
113	2
127	12
132	3
145	15
153	8
154	8
155	3
156	11
159	3
167	1
170	14
177	14
178	5
180	2
182	4
186	1
188	3
192	4
197	12
198	4
199	7
200	12
Market 43
2	4
7	13
11	13
24	9
26	9
33	14
36	4
43	2
47	9
48	9
55	3
64	15
71	14
74	3
76	9
83	12
87	10
90	9
92	10
93	12
95	3
100	5
103	8
109	3
110	7
119	8
120	13
124	14
126	11
127	15
128	9
132	3
138	2
139	4
140	1
141	15
145	6
153	3
155	1
156	11
157	6
159	7
161	2
167	7
169	7
170	11
171	4
174	14
176	5
179	13
180	4
181	5
182	3
185	9
190	3
191	7
196	7
198	14
199	2
Market 38
2	14
4	10
6	6
8	13
10	9
12	9
15	13
20	12
23	7
25	15
30	12
35	7
36	3
40	15
41	15
46	5
51	11
53	6
54	13
55	13
59	5
62	2
64	11
76	7
78	6
81	11
83	2
84	9
87	12
89	1
94	2
96	14
100	2
102	14
103	7
113	7
121	6
124	5
126	12
127	5
128	11
132	9
133	9
135	11
141	15
149	15
151	8
152	5
153	2
156	3
159	3
160	4
165	9
171	12
178	9
179	8
182	4
190	14
198	13
Market 86(F)
1	10
2	15
4	13
6	6
10	1
11	8
16	5
23	14
36	2
38	13
43	5
44	1
47	4
70	10
76	15
78	4
81	2
83	14
92	10
94	6
100	8
102	11
106	4
109	4
110	1
113	8
117	5
119	9
122	2
123	8
126	15
138	8
144	5
149	14
153	3
154	14
155	5
158	6
159	13
160	13
169	8
176	14
180	12
182	5
190	8
198	8
Market 98(F)
4	12
5	10
17	4
22	3
25	12
32	13
36	7
46	3
49	14
54	9
62	14
68	3
75	5
77	13
81	7
82	11
84	12
89	5
90	10
98	13
100	4
103	3
110	5
116	2
123	11
126	3
127	10
130	9
132	12
135	2
138	3
141	3
144	15
154	6
155	1
158	6
163	2
165	8
169	8
175	5
176	8
180	11
190	7
191	1
196	12
198	9
199	12
Market 62
1	3
4	10
7	15
10	14
12	4
16	8
17	1
22	10
23	14
26	10
32	12
36	2
39	13
44	8
46	8
48	8
53	13
54	5
57	15
65	15
83	3
89	10
93	14
99	7
100	3
112	14
115	11
116	14
123	4
124	10
128	4
131	13
135	13
136	9
142	13
148	7
151	6
155	11
157	7
169	10
176	1
180	1
181	10
188	5
192	1
198	8
199	2
Market 34
10	3
20	2
22	12
27	3
30	11
34	10
36	12
39	13
44	13
45	4
48	14
50	7
54	10
65	1
68	13
74	3
76	10
81	1
94	1
103	5
105	7
110	5
119	13
122	2
124	1
126	5
134	14
141	2
157	9
158	1
161	9
164	4
169	8
173	12
180	1
181	6
182	15
186	4
188	3
190	9
191	1
200	4
Market 91
2	2
4	3
7	5
10	5
11	14
16	4
17	9
18	8
24	6
25	5
27	9
38	6
39	4
46	12
47	15
54	7
65	3
70	13
71	9
74	4
75	3
78	2
81	14
87	2
89	11
90	10
92	8
101	4
103	11
109	10
115	11
123	7
124	10
128	9
129	4
138	9
145	3
150	12
153	15
159	2
165	12
168	6
170	9
173	7
178	12
180	10
181	13
187	2
191	10
192	8
198	12
200	3
Market 112
1	8
2	8
4	6
5	14
7	13
10	13
11	3
12	14
16	10
18	9
22	14
23	10
24	8
28	15
38	8
39	1
41	9
44	14
46	4
48	6
50	10
51	9
53	8
54	9
57	3
59	12
72	9
75	9
77	1
79	5
85	5
87	13
89	2
90	10
91	4
94	12
95	7
100	2
103	3
104	13
115	14
117	13
121	11
123	1
126	6
127	8
128	13
132	1
134	13
135	8
138	2
146	1
151	5
153	9
155	4
156	9
157	6
158	11
161	1
164	2
169	11
173	4
175	6
178	12
179	9
188	6
192	2
194	13
199	4
Market 12
3	3
4	7
6	6
7	1
10	1
11	6
15	11
16	5
18	13
19	15
27	14
34	13
40	3
43	8
48	2
57	10
76	7
87	13
92	1
93	6
95	7
98	7
103	5
110	6
116	5
118	7
119	15
123	3
124	3
129	9
135	1
145	9
153	11
160	13
167	10
179	7
180	5
188	15
190	2
191	9
192	11
194	3
Market 6
6	1
17	13
24	12
27	6
30	15
38	6
41	3
44	10
50	13
53	13
54	11
55	13
56	13
68	14
72	12
77	1
98	7
110	7
114	10
116	2
135	3
140	11
146	10
149	6
154	10
158	6
160	8
167	1
169	2
172	6
175	4
179	13
181	2
182	11
191	11
192	8
199	5
Market 97(F)
1	14
2	12
5	11
10	10
11	3
14	2
16	15
18	3
20	3
22	2
24	9
36	8
38	2
44	13
46	9
51	10
53	9
54	3
55	3
56	3
62	3
64	8
68	10
74	8
75	12
79	8
81	11
83	8
85	15
92	9
94	13
95	7
100	12
103	10
108	3
112	3
113	13
116	2
117	7
118	1
119	10
124	2
128	10
135	7
145	9
153	8
155	8
156	13
159	12
165	2
167	2
169	12
170	10
178	5
180	4
182	3
190	7
191	4
192	4
194	4
Market 15
1	15
2	11
4	2
11	2
15	3
17	3
18	8
26	15
27	8
30	3
32	13
36	1
41	3
44	6
48	9
50	1
52	15
54	15
57	1
64	12
74	8
75	13
80	5
81	9
87	6
92	7
94	12
95	14
101	1
103	13
105	6
110	6
112	10
113	2
115	1
119	12
122	10
138	6
145	14
153	3
154	14
155	15
156	5
158	7
159	15
169	1
173	7
180	8
188	7
191	2
192	6
196	6
199	12
Market 167
2	7
4	3
7	13
10	14
16	4
20	1
22	10
23	15
25	9
30	15
35	13
39	2
40	11
43	6
44	5
48	13
52	8
53	9
57	2
58	8
64	5
65	2
70	15
75	4
81	12
82	4
89	1
93	12
94	5
95	3
97	12
112	3
115	13
118	6
119	3
121	6
126	1
130	9
135	9
138	14
145	1
150	6
151	12
153	3
156	12
158	3
163	8
169	5
177	13
179	9
180	5
181	13
182	6
190	2
196	12
198	12
Market 94
2	12
4	8
5	2
10	1
11	10
15	12
18	1
20	11
23	6
24	14
28	3
38	8
53	14
55	11
64	13
65	15
69	6
70	1
75	14
77	12
79	9
86	13
108	11
110	2
112	10
115	4
118	4
126	8
128	4
134	5
146	1
149	13
154	8
157	12
159	3
161	4
169	9
173	8
175	8
177	6
179	8
182	5
190	2
198	10
199	1
Market 13
1	11
4	9
6	6
13	4
17	11
23	8
24	8
26	10
27	14
30	10
36	8
38	5
43	8
45	11
46	9
52	1
53	4
55	10
74	14
75	15
76	11
81	11
83	5
87	8
97	1
103	9
109	1
112	1
113	1
126	12
133	9
143	7
147	11
148	3
149	9
151	13
153	7
155	15
158	8
160	7
167	11
170	5
177	15
178	15
184	5
190	6
198	1
199	2
Market 58
1	5
2	9
4	1
16	11
20	11
27	2
34	14
41	15
44	8
47	8
48	8
52	9
53	13
55	11
60	4
64	10
68	2
74	4
81	3
90	1
95	10
99	9
109	13
112	3
117	14
119	1
122	2
126	6
128	1
132	4
137	13
149	6
158	13
165	13
167	3
170	4
176	1
180	8
184	1
190	11
191	12
192	1
199	8
Market 131
2	5
4	10
10	10
13	9
23	8
24	13
32	9
36	7
46	6
51	4
52	3
55	3
61	7
70	2
75	13
90	6
92	7
102	13
109	11
117	14
119	2
124	8
138	13
148	2
149	9
154	15
156	3
160	2
180	6
184	14
187	4
191	9
194	15
197	3
Market 79
12	1
17	7
20	7
22	10
30	3
34	6
48	13
65	9
74	3
81	4
83	4
89	1
90	11
92	15
94	6
97	1
99	1
110	6
112	12
115	3
123	13
132	14
141	5
146	6
148	9
149	1
155	4
164	8
169	4
173	5
178	11
179	13
182	1
191	6
193	3
196	5
199	3
Market 88
1	15
2	10
4	12
6	12
7	5
10	2
11	10
19	3
20	6
25	3
27	11
32	9
33	15
41	11
43	6
47	12
48	14
52	12
57	10
64	1
67	9
75	5
76	10
82	14
87	3
92	8
93	5
95	11
98	8
101	8
103	1
109	3
113	5
116	11
119	6
120	12
126	9
129	7
133	7
135	3
141	7
146	9
147	1
149	10
150	8
153	13
154	3
155	5
161	13
167	6
171	4
174	13
179	6
180	14
181	10
182	1
188	10
191	1
192	4
194	6
198	14
199	2
Market 120
9	9
10	9
17	2
18	1
23	4
24	3
26	13
32	13
38	14
41	12
45	3
50	1
52	2
55	3
60	11
68	3
70	4
77	10
80	13
81	4
87	7
90	2
92	2
94	8
95	14
101	15
103	12
105	15
113	7
118	14
122	8
123	10
126	10
131	3
132	14
135	8
137	11
138	6
142	15
143	5
149	9
154	4
155	5
156	3
158	9
159	3
170	15
175	3
177	5
182	11
183	4
186	8
190	3
191	7
194	15
198	8
Market 30
6	2
8	2
25	10
27	7
30	5
32	9
34	2
36	15
38	4
39	10
41	8
44	7
45	7
46	2
52	4
55	12
57	6
64	1
74	15
75	2
77	15
81	5
83	8
87	14
89	11
92	4
94	12
97	9
99	1
105	8
109	3
112	5
117	2
118	9
119	6
122	15
124	2
126	6
128	10
131	6
137	8
141	7
148	2
150	8
154	12
155	13
161	13
165	13
167	8
168	2
170	7
173	4
175	13
178	10
180	4
188	14
191	1
194	4
196	4
Market 100
1	13
2	1
13	4
17	1
20	3
25	6
26	10
32	8
33	8
36	4
38	12
43	8
46	8
47	4
50	12
51	4
54	10
55	13
64	9
70	3
77	15
83	10
89	13
94	10
95	9
99	10
103	6
106	10
122	8
124	2
126	9
128	9
131	13
132	2
140	2
143	9
148	13
149	5
152	13
154	4
156	7
171	15
188	4
192	3
Market 82
2	4
4	13
6	14
15	9
16	10
17	4
22	12
23	1
24	4
25	2
30	6
34	9
38	12
41	11
45	10
48	1
49	1
54	13
55	3
56	6
59	8
67	11
72	14
77	11
82	11
83	5
87	5
93	14
94	13
103	7
104	5
112	8
113	1
120	8
129	7
133	11
146	9
149	8
150	4
151	14
154	4
155	4
161	1
167	15
170	14
172	14
175	4
179	13
192	7
199	4
Market 80(F)
1	14
4	7
6	2
10	9
11	7
16	11
18	14
20	6
23	6
24	7
27	14
28	1
29	12
38	4
41	14
44	3
47	5
48	9
52	11
53	7
55	11
63	12
75	1
79	1
81	1
86	10
92	14
95	6
97	7
100	1
109	12
114	1
119	14
123	15
124	14
126	7
132	10
134	8
135	6
141	7
145	7
146	15
147	6
150	9
157	12
161	9
167	4
170	14
177	13
178	15
188	15
191	9
196	12
199	15
Market 179
4	9
10	9
11	15
13	6
15	15
23	13
24	13
26	6
27	3
32	14
43	13
46	2
50	6
53	9
55	4
57	13
60	13
68	8
70	1
71	7
74	13
77	14
83	15
89	13
90	9
92	3
94	3
95	5
101	4
113	15
117	10
122	2
124	3
128	8
131	6
137	12
145	9
148	7
149	7
150	11
153	14
154	12
160	7
167	15
169	2
170	2
176	5
177	8
180	5
183	7
187	2
188	6
191	3
194	13
196	5
198	11
Market 72
1	1
2	5
4	12
7	14
9	15
19	10
24	1
27	14
31	1
38	13
44	1
46	1
48	9
54	13
70	13
71	4
74	2
75	8
87	11
92	8
93	3
103	14
106	8
110	4
112	8
113	8
115	10
117	1
126	3
131	15
132	5
138	10
140	9
141	13
147	13
150	14
151	10
155	6
157	1
160	1
169	15
173	4
180	1
190	3
195	14
200	10
Market 36
2	6
5	12
6	3
8	3
10	12
12	2
15	13
17	10
18	9
22	2
23	7
26	3
32	2
33	11
35	10
36	2
38	13
41	3
50	5
51	12
59	8
64	1
68	1
70	12
73	11
77	6
79	1
87	10
94	5
98	2
100	15
109	7
111	12
112	2
116	6
118	10
124	7
126	3
127	13
132	12
141	8
145	10
148	15
155	11
156	12
160	6
167	11
170	13
175	15
176	2
180	11
182	5
188	5
190	4
191	8
196	9
199	2
Market 165
1	6
2	5
4	15
9	5
10	9
18	8
26	1
36	10
45	1
47	5
54	3
55	13
64	2
70	2
74	2
77	2
83	15
90	7
92	1
95	13
99	12
101	12
103	13
109	12
110	14
113	5
117	1
118	14
123	13
126	10
128	9
131	12
138	8
148	4
153	6
159	12
165	13
167	14
179	6
180	7
182	13
183	9
186	13
188	4
189	15
191	4
199	9
Market 9
1	8
4	2
6	12
8	11
15	2
17	15
20	3
22	13
24	15
25	6
30	11
35	9
38	1
43	1
44	2
47	10
48	7
55	10
58	9
70	2
71	8
76	10
77	6
81	5
87	3
89	2
94	8
103	6
110	13
113	7
116	8
119	2
124	2
126	14
130	5
135	1
138	7
140	15
146	11
147	10
149	13
151	10
154	13
155	6
156	5
160	10
170	12
175	7
178	15
181	5
182	2
186	9
188	13
192	12
195	13
198	1
Market 143
2	12
8	9
11	4
14	3
17	7
20	12
22	10
24	8
40	9
45	2
51	2
53	11
55	13
57	13
59	7
68	6
70	14
71	8
77	2
81	14
89	10
95	4
100	12
107	6
123	9
124	4
126	2
129	13
130	14
132	8
138	1
141	4
144	11
147	11
148	2
152	6
161	14
163	10
167	11
170	5
179	12
180	3
182	14
190	6
191	3
Market 26
3	5
10	13
11	14
15	11
17	4
22	10
27	10
28	14
33	9
43	1
46	11
52	5
54	4
64	1
71	4
76	14
87	15
89	15
94	7
95	7
97	4
98	12
100	13
102	3
109	2
112	1
113	11
121	3
123	12
124	1
126	14
141	15
147	5
150	15
158	3
167	14
170	14
171	13
172	1
175	14
178	9
179	7
180	13
181	11
182	13
185	13
190	3
196	7
199	2
Market 96
1	7
2	6
4	6
6	9
16	2
17	3
20	9
24	9
26	14
27	7
28	12
34	4
36	3
38	5
40	13
41	1
45	8
50	8
53	5
68	5
70	5
71	4
73	8
76	1
77	6
81	13
82	3
83	6
87	10
92	2
94	9
95	14
103	15
110	12
111	9
114	3
116	8
119	1
121	15
124	7
126	7
128	9
130	9
135	7
140	10
147	4
148	11
149	13
151	8
154	14
158	10
163	3
169	11
172	11
178	5
179	5
181	14
182	1
186	9
188	3
190	3
191	10
194	14
198	3
199	10
Market 103
1	6
6	7
10	5
13	15
24	2
32	2
41	6
46	4
47	15
52	5
53	1
54	6
55	5
64	7
74	1
78	3
83	12
92	9
95	15
103	11
105	11
109	12
110	12
112	6
113	12
122	13
128	14
132	12
137	4
138	6
143	2
149	4
153	1
154	13
155	15
156	1
158	6
165	10
171	11
176	4
178	12
182	11
188	9
192	1
195	11
198	4
Market 53
1	10
4	14
5	13
8	6
12	8
14	12
22	3
25	8
27	7
32	7
35	5
45	14
51	10
61	9
68	9
82	3
84	12
103	5
107	4
117	4
124	15
126	3
128	6
145	3
147	1
151	14
153	1
158	12
159	7
165	3
167	4
169	1
170	5
175	6
176	14
182	2
185	8
187	4
188	6
191	5
194	14
198	8
199	8
200	15
Market 77
2	7
4	14
6	13
7	12
10	8
17	10
23	11
26	8
27	6
32	1
34	4
38	10
41	10
43	7
44	3
52	14
55	9
70	8
71	4
75	14
76	8
80	12
81	2
83	7
89	10
90	6
92	11
93	1
95	14
97	1
109	9
112	10
115	13
118	12
119	7
123	4
124	15
126	14
128	4
134	7
135	10
141	7
145	13
146	13
156	8
157	3
161	14
167	10
169	8
170	15
177	15
178	4
180	15
181	5
182	11
188	9
192	7
198	1
199	7
Depot
