TPP_FSO_CapEuclideo.300.200.5.5
Total Cost:304321
|M*|: 299
Depot
Market 50(F)
1	5
10	14
19	15
24	14
28	15
34	7
36	10
39	10
45	2
48	15
55	11
60	9
66	9
70	6
71	2
72	14
81	1
83	15
103	7
114	13
136	3
155	11
157	3
174	4
Market 197
2	5
6	12
13	12
15	12
17	8
18	13
19	11
20	6
23	2
24	9
32	4
38	14
39	10
40	12
44	1
45	5
46	12
51	14
58	15
60	6
64	3
65	13
67	12
70	4
71	10
72	1
73	3
75	13
77	10
78	3
80	5
81	13
83	8
85	10
90	15
91	13
92	5
93	9
94	6
95	11
96	6
99	8
100	11
101	5
104	7
109	4
112	8
114	15
115	8
124	10
126	6
127	4
128	10
129	15
130	7
132	2
135	9
136	1
137	10
142	10
148	2
152	6
154	8
157	1
158	11
160	3
161	12
164	4
167	5
170	9
171	9
172	3
173	14
174	2
175	9
177	10
180	8
181	7
184	6
187	15
188	14
190	4
192	7
196	3
198	13
199	15
200	13
Market 201
2	8
8	8
15	6
16	15
17	14
19	1
20	12
22	11
23	1
40	12
42	9
44	6
45	3
48	15
50	3
54	8
58	4
61	6
62	14
64	13
66	10
70	14
71	12
72	12
73	8
76	2
77	8
79	8
89	7
91	5
99	6
103	8
111	7
113	9
115	5
121	4
129	6
130	5
131	8
135	10
141	15
143	8
146	12
154	12
155	8
157	9
158	10
159	13
161	7
165	6
171	6
173	6
174	5
179	7
185	13
187	7
191	11
192	14
195	3
199	6
200	13
Market 115(F)
1	12
2	12
3	10
10	3
17	13
18	8
20	5
31	11
48	4
51	6
53	2
58	11
59	2
61	3
62	8
64	1
66	12
71	8
73	15
76	8
77	6
82	10
83	8
84	15
88	7
93	15
94	9
95	10
96	2
98	13
99	11
100	14
102	12
111	13
112	5
118	8
123	6
124	3
125	5
126	7
130	12
131	8
135	10
136	1
137	7
141	3
142	13
145	13
150	2
154	5
157	9
158	2
161	15
162	5
164	15
165	3
169	6
176	13
181	1
182	1
183	8
190	1
192	14
195	11
198	14
199	2
Market 153(F)
9	7
15	3
16	14
17	3
18	5
21	11
23	7
26	5
37	15
39	13
43	15
45	13
48	3
50	6
53	6
62	8
65	12
71	2
74	1
83	13
87	15
89	6
91	10
97	1
98	9
99	15
101	11
105	12
111	2
112	12
114	15
115	14
120	12
129	8
131	4
133	8
140	4
151	1
154	5
158	12
162	13
176	7
182	10
183	10
185	14
190	1
199	15
Market 244(F)
2	10
3	15
4	3
7	8
9	14
16	8
21	11
24	12
26	2
32	5
38	12
41	8
45	6
47	8
48	9
51	8
55	15
63	9
66	9
68	10
71	4
72	11
91	13
95	13
98	5
99	15
136	7
139	6
141	14
143	7
156	5
157	8
162	1
169	12
174	10
190	10
192	5
196	12
Market 162
1	4
2	2
3	7
5	1
7	8
8	12
12	13
16	11
20	6
21	14
25	1
33	4
34	12
40	13
44	4
47	3
50	9
52	5
66	9
71	14
72	6
73	13
77	7
81	6
82	5
84	3
87	12
89	8
91	5
94	13
99	3
100	6
102	7
105	5
112	3
114	3
115	7
122	10
129	12
130	4
136	13
137	1
147	9
154	13
157	2
161	10
162	7
165	3
169	14
173	12
185	4
191	7
195	8
199	12
Market 56(F)
1	8
2	15
5	10
7	5
13	12
14	4
17	14
20	15
32	11
39	1
40	15
46	12
50	15
52	14
59	6
62	13
64	8
66	13
68	12
71	10
74	2
78	7
80	10
85	6
87	12
90	11
91	14
94	13
97	3
106	8
107	12
109	14
114	1
115	9
122	14
128	2
130	15
132	8
141	11
152	9
154	4
155	10
156	4
157	4
163	4
166	8
167	5
169	3
172	1
176	14
182	12
185	9
187	7
190	3
196	7
199	4
200	7
Market 3
1	13
4	8
7	11
8	13
12	12
14	15
15	4
17	15
18	11
19	1
32	8
33	12
38	2
44	7
45	5
50	12
51	13
60	14
61	8
63	4
65	12
68	2
69	15
71	7
72	13
73	7
75	14
76	12
77	8
78	6
81	12
83	1
86	4
87	9
89	9
91	9
93	9
94	14
98	2
99	11
100	9
107	9
109	6
110	5
111	8
113	13
114	5
120	2
122	4
123	8
125	5
129	9
131	10
134	12
135	3
136	12
137	13
141	11
143	13
145	7
148	1
150	14
152	1
153	9
156	5
158	9
161	8
164	11
166	14
171	11
173	6
177	11
181	13
183	11
184	2
185	1
187	6
190	7
192	12
195	6
196	8
198	15
199	14
200	12
Market 221
1	4
2	12
3	13
10	8
11	5
12	13
17	10
20	8
21	7
23	4
25	10
32	1
34	13
36	2
41	12
43	7
52	1
53	13
54	8
58	2
60	5
62	11
63	12
65	3
67	15
68	10
71	7
72	11
75	8
77	10
80	12
81	15
83	3
86	1
93	9
97	5
98	10
100	7
110	7
113	10
116	13
118	1
120	9
123	1
128	1
129	1
132	8
134	6
136	9
137	1
138	14
139	14
141	1
153	7
154	7
156	14
158	13
161	13
169	2
173	3
177	10
183	15
185	5
187	10
192	10
195	4
196	14
Market 82
1	11
5	12
6	13
9	6
11	10
16	11
21	4
25	14
36	7
38	9
42	2
43	1
47	3
58	6
65	7
68	3
72	10
81	3
111	2
126	4
157	1
169	8
174	11
192	1
195	6
200	4
Market 106
1	8
2	5
6	15
19	8
25	3
31	5
39	2
40	11
45	1
47	3
51	1
62	7
64	5
65	8
71	13
74	14
77	8
78	10
80	14
81	12
83	2
97	2
98	8
99	9
100	5
101	8
106	8
107	4
109	7
113	5
120	1
122	1
123	6
124	6
129	2
130	13
132	3
135	4
139	13
148	11
154	8
155	12
158	7
159	7
162	15
166	8
169	13
174	2
175	6
180	9
182	4
184	14
185	12
187	3
188	4
190	12
196	1
199	2
Market 126(F)
2	1
6	8
14	8
18	4
19	5
20	4
23	3
24	10
38	1
39	1
43	14
44	13
45	2
48	9
50	11
51	14
52	3
55	3
58	14
59	3
62	4
65	13
68	1
71	4
72	4
80	8
103	7
111	3
114	14
128	4
129	8
139	9
155	12
157	15
159	5
169	9
200	13
Market 278
3	12
4	10
8	2
10	15
15	4
16	7
17	4
18	9
20	8
22	6
33	13
34	7
38	5
41	2
52	8
53	4
62	10
65	10
66	6
68	8
71	13
81	7
83	1
91	4
97	2
106	14
107	3
114	11
136	8
139	1
155	4
156	2
157	2
171	8
190	3
195	3
Market 40
4	13
5	6
6	6
15	10
17	15
18	5
24	13
29	14
32	3
33	8
38	12
39	11
40	2
44	12
45	12
46	12
51	2
60	14
65	12
66	9
71	15
72	14
81	8
99	3
103	8
129	10
141	12
156	3
157	8
183	11
Market 277(F)
4	3
11	12
12	2
18	4
20	11
22	3
23	11
28	1
33	10
37	9
38	1
40	12
43	10
48	13
54	11
55	11
61	5
63	10
64	13
68	3
69	4
71	15
81	4
98	2
100	3
103	2
105	2
110	9
112	11
123	6
128	10
129	10
132	5
137	8
138	1
141	14
155	14
156	11
157	9
162	1
164	14
169	6
170	14
171	5
174	4
181	15
187	4
191	5
195	6
198	11
200	9
Market 121
2	3
3	11
15	9
20	11
22	14
25	6
34	13
36	3
38	3
40	5
46	1
47	6
50	9
58	2
60	8
61	4
62	11
63	4
66	2
67	6
71	14
72	9
75	10
77	14
80	14
83	6
88	4
91	13
95	13
96	9
97	7
98	4
100	9
101	2
103	2
105	10
109	13
111	13
116	9
125	3
126	2
129	11
132	9
136	14
137	13
142	12
145	7
153	3
155	15
158	13
162	12
166	4
168	7
171	10
173	7
181	4
184	8
185	6
187	14
190	9
195	11
196	9
198	10
200	2
Market 266
2	2
3	9
9	4
10	4
15	9
17	12
23	15
26	6
29	5
35	3
38	15
42	10
44	1
53	5
65	4
66	14
95	9
141	6
190	15
192	9
200	15
Market 28
5	1
7	15
15	6
19	11
20	11
24	14
25	3
40	4
50	8
59	8
60	11
68	13
71	7
72	3
103	2
120	4
136	8
141	9
159	2
Market 160(F)
1	13
5	7
7	9
8	6
12	8
15	4
16	12
19	13
23	14
24	5
29	1
39	8
44	9
47	13
50	7
51	4
58	3
65	8
81	6
103	2
141	9
162	6
174	1
200	6
Market 87
2	13
4	3
15	11
17	10
24	11
28	2
34	5
37	12
41	14
43	5
44	12
45	15
48	12
50	15
51	7
55	11
60	4
63	14
65	11
66	5
67	2
68	2
70	9
72	3
74	5
75	11
77	11
83	13
85	14
86	4
88	4
91	2
94	12
97	1
98	12
101	2
107	5
113	12
114	11
122	5
123	2
127	3
130	6
131	15
132	9
133	3
136	4
138	9
143	14
144	14
145	15
148	9
150	14
152	1
154	3
156	10
158	15
161	2
164	14
167	5
169	3
170	11
171	15
172	10
174	13
175	5
181	1
183	14
185	15
187	13
188	5
190	14
191	12
195	11
196	4
198	3
199	2
Market 182
3	1
4	8
12	7
15	11
17	15
22	15
39	7
41	4
43	8
48	11
50	11
58	3
59	11
68	4
71	10
97	1
99	6
101	8
103	14
111	14
114	4
120	15
126	12
128	3
135	1
137	6
141	11
154	3
155	10
166	6
190	7
192	5
200	3
Market 12
1	9
4	14
7	12
12	12
15	14
20	10
24	8
25	8
32	11
34	3
37	10
40	12
45	4
47	2
50	12
52	11
55	8
58	1
59	4
136	7
155	7
156	10
159	9
161	4
169	11
174	15
195	6
196	12
200	13
Market 271
5	11
8	2
9	6
12	11
16	11
22	9
24	13
26	4
28	12
33	3
34	7
37	7
38	3
40	1
41	1
42	14
43	13
47	4
48	8
53	5
54	6
55	6
60	15
64	8
65	7
71	3
73	6
77	10
79	4
81	4
82	1
83	7
89	12
91	11
93	3
97	5
98	13
102	6
103	12
105	15
108	1
111	3
112	11
113	13
115	3
121	2
126	2
127	3
131	13
135	14
136	12
137	5
139	5
146	12
154	5
156	3
158	4
159	5
161	10
165	7
171	12
173	3
179	12
183	1
185	2
186	2
192	5
196	11
198	12
Market 131(F)
3	14
5	10
12	13
18	13
21	8
23	6
29	3
30	4
32	12
34	1
38	3
39	4
50	3
59	2
61	3
64	2
65	9
67	3
70	6
71	9
72	4
73	13
74	13
76	13
77	8
78	8
81	5
85	13
86	2
92	4
93	15
94	1
95	12
96	9
99	14
100	12
101	9
102	5
103	9
104	8
105	5
109	1
111	14
115	14
118	2
120	5
122	3
124	2
125	2
129	11
130	1
131	15
132	10
134	3
136	14
137	15
139	9
142	12
145	14
148	15
150	1
155	10
156	12
158	6
159	12
161	11
162	14
163	7
164	6
165	11
167	7
169	8
171	4
172	1
173	13
174	12
176	6
183	11
185	7
187	13
188	9
Market 253
5	13
13	7
18	2
20	6
23	11
25	4
26	7
29	12
32	3
33	6
41	7
46	4
47	7
52	4
58	1
60	4
62	12
63	15
65	10
66	12
70	12
71	11
75	3
80	5
83	12
85	13
88	12
92	13
97	8
100	1
101	14
106	1
107	2
120	10
130	15
135	9
138	14
142	13
152	1
157	7
159	6
162	15
167	2
172	11
174	14
182	10
187	7
188	10
190	9
199	9
Market 48
2	15
4	8
8	13
15	8
16	3
20	8
25	15
36	8
43	8
44	9
47	13
48	15
53	2
55	3
60	13
63	10
64	9
68	2
83	13
103	8
106	14
107	5
114	4
138	5
141	15
157	9
166	12
187	15
195	9
Market 227(F)
2	4
4	3
6	11
9	7
12	10
15	10
16	4
21	13
22	10
26	7
28	3
31	3
32	3
38	12
39	13
41	9
45	2
48	7
50	5
51	10
58	15
59	8
63	12
65	1
66	6
69	6
72	9
73	15
75	10
76	10
81	12
83	8
86	1
88	4
89	13
97	7
100	1
102	4
106	14
107	2
111	13
112	8
117	13
120	11
121	9
123	12
125	15
127	9
128	12
130	2
133	15
134	7
135	8
138	14
139	4
141	7
142	8
153	4
156	9
157	8
166	14
168	4
169	12
170	1
171	5
174	2
175	3
183	12
184	2
186	2
190	7
191	1
194	14
196	3
198	11
Market 282(F)
7	6
8	4
10	2
15	11
16	1
21	3
23	2
25	5
33	5
40	7
43	9
44	6
47	1
48	14
62	10
63	8
65	14
67	10
68	15
75	5
78	8
80	15
91	3
95	14
100	3
101	11
103	9
120	12
123	15
128	2
129	7
132	7
136	6
137	8
138	1
139	11
141	11
142	8
159	4
162	12
164	14
166	12
171	2
174	7
184	15
185	12
192	9
Market 166(F)
1	14
4	12
5	6
12	2
14	5
15	5
16	5
18	15
20	8
21	11
23	5
25	14
28	4
32	4
34	13
38	1
44	4
46	4
53	6
55	5
57	2
60	15
61	3
63	12
64	11
71	3
72	12
85	15
87	8
90	4
94	2
98	12
100	1
103	12
106	13
107	9
109	6
113	11
120	8
124	15
130	15
132	6
136	13
139	6
152	8
155	10
159	1
161	8
162	11
163	11
167	1
169	3
170	2
173	4
174	15
175	3
180	10
182	13
183	4
188	4
191	15
193	6
Market 226
1	14
15	7
22	1
24	13
25	10
28	11
32	2
38	5
46	5
48	8
50	12
62	12
97	5
139	3
141	8
155	3
156	2
169	11
200	4
Market 84
2	2
10	1
12	13
15	14
16	3
26	2
29	7
31	14
32	4
38	3
41	11
50	13
66	2
67	8
74	5
83	12
85	2
87	15
90	6
91	12
95	10
97	3
111	11
120	11
126	12
130	5
133	11
138	7
139	2
141	10
144	1
152	7
154	13
155	9
157	13
169	12
172	10
176	6
180	15
182	8
185	4
195	3
199	5
200	13
Market 55
1	6
2	11
3	12
4	8
9	12
10	4
16	1
17	6
20	6
21	10
22	8
23	10
25	15
28	1
34	9
36	2
38	15
40	12
41	4
42	2
46	9
47	11
48	1
50	4
53	4
58	3
60	9
62	15
63	14
66	3
70	6
71	11
78	13
81	5
89	10
91	13
94	15
95	6
97	8
98	7
101	7
103	11
106	7
107	10
112	8
113	5
115	10
120	15
122	7
129	3
130	1
131	6
132	11
136	8
137	10
138	2
139	8
150	4
151	1
154	8
156	6
158	9
159	12
162	15
169	8
170	6
171	7
172	6
180	6
187	13
188	9
192	11
199	6
Market 188
1	8
4	5
6	11
11	12
12	8
14	5
15	13
22	5
23	2
32	6
36	10
38	14
39	9
43	12
45	1
50	5
54	1
57	2
58	11
72	9
81	3
136	7
155	15
156	5
157	7
159	9
187	7
192	11
200	12
Market 265
2	1
6	11
13	15
14	8
15	5
20	3
22	14
24	14
31	9
38	6
44	9
46	10
65	4
66	3
68	7
70	8
71	12
72	12
76	5
80	11
84	2
87	10
94	9
101	8
106	6
111	14
112	11
114	6
122	3
124	5
130	3
136	10
139	8
141	3
143	1
156	10
161	13
162	2
165	14
176	2
185	12
192	1
195	12
196	3
Market 186
5	13
11	14
15	10
17	5
23	8
31	12
32	14
37	11
39	15
43	2
58	9
61	15
63	15
64	12
72	2
75	15
77	3
78	13
80	12
99	14
100	1
103	3
107	14
113	2
114	5
120	10
128	4
129	13
132	4
138	3
145	6
155	15
162	8
166	6
169	14
174	12
184	13
Market 255
2	12
5	15
8	8
16	7
18	15
19	5
20	6
22	13
24	3
28	9
29	6
33	11
34	9
38	5
47	3
48	10
50	15
53	3
57	8
58	2
61	15
62	3
63	12
65	6
66	9
68	6
86	11
89	7
95	7
103	4
105	11
112	15
113	4
114	9
117	4
118	4
120	10
127	4
139	4
141	6
145	15
161	6
162	1
168	7
169	10
173	13
174	5
175	15
181	1
184	14
185	5
190	6
191	7
192	10
194	12
198	6
200	11
Market 123
1	13
2	6
7	1
8	7
11	1
12	8
13	9
15	6
16	10
18	1
22	4
24	11
25	12
28	12
29	10
31	5
32	6
36	13
41	8
44	2
45	14
47	15
48	2
50	14
51	9
52	10
59	11
60	3
66	14
68	6
70	12
72	7
76	14
77	3
78	8
79	9
80	1
81	15
82	9
89	10
93	1
97	9
99	1
100	8
102	2
103	13
105	2
106	8
108	8
119	12
125	6
126	6
127	6
128	4
129	1
130	12
131	4
132	11
136	7
137	4
138	11
141	14
155	13
156	13
158	1
159	1
161	13
162	9
169	10
171	11
173	12
174	9
175	11
178	2
181	2
183	9
187	8
192	10
195	10
198	4
Market 83
1	3
2	3
5	1
13	9
15	5
18	7
20	14
22	9
24	12
32	4
38	2
44	11
45	4
47	9
51	3
64	15
65	6
66	9
70	9
72	4
76	1
89	7
91	14
98	4
100	11
101	7
103	14
106	7
115	8
122	10
124	15
128	2
129	12
130	1
132	15
133	9
135	8
137	14
154	10
155	11
159	7
161	13
166	5
172	6
174	2
182	1
191	4
192	14
199	7
Market 31
6	12
15	4
18	11
20	10
24	5
29	6
37	11
48	2
49	5
50	4
57	1
58	5
62	6
63	9
64	13
65	1
70	5
71	9
72	4
73	15
76	15
77	6
78	3
81	11
83	14
84	14
86	3
88	11
91	15
94	2
95	2
97	5
98	4
99	13
100	9
105	4
106	4
107	6
109	6
113	6
118	10
120	3
124	7
125	3
127	13
128	9
130	2
132	14
134	5
135	7
137	12
141	14
143	12
145	3
147	1
153	2
154	11
156	7
159	6
161	15
162	5
165	7
166	14
169	3
170	11
171	9
174	5
179	14
183	1
185	6
187	14
195	5
196	11
Market 26
1	14
2	7
3	4
6	5
14	8
15	2
18	11
21	3
24	1
26	7
34	4
38	12
40	7
43	6
44	1
46	3
47	9
50	12
51	8
53	7
55	9
66	15
69	6
75	3
77	14
78	1
80	13
81	5
99	15
100	7
101	3
103	1
106	8
107	10
112	11
113	5
114	4
120	2
125	12
127	6
128	12
129	1
131	2
132	9
134	5
136	4
137	7
138	12
139	14
156	4
157	4
158	10
164	5
166	12
170	6
171	6
174	6
175	3
177	1
181	5
183	4
184	6
187	8
190	5
191	15
196	11
198	1
Market 163
1	2
2	8
5	2
14	3
18	8
20	7
23	2
24	7
32	14
38	4
51	15
57	12
58	6
62	12
63	8
66	2
68	10
70	11
71	15
72	2
85	4
90	1
94	12
95	7
96	15
97	6
99	5
101	14
103	7
104	8
106	11
107	12
111	12
115	6
120	8
123	9
125	13
126	8
129	4
130	9
131	3
132	3
133	9
134	1
138	12
139	9
149	11
155	5
156	13
157	6
161	3
162	7
164	13
168	12
171	10
173	3
174	1
176	8
177	12
180	13
184	10
190	13
192	9
193	5
194	2
195	8
199	4
Market 300
2	2
7	3
11	5
15	13
18	12
19	4
29	5
39	7
42	5
45	8
51	9
62	12
64	12
65	10
66	9
99	14
101	6
113	4
138	12
171	13
174	1
Market 213
1	10
5	2
11	10
23	8
24	10
32	7
39	1
43	4
45	14
53	6
55	4
58	11
62	6
64	12
68	4
69	2
71	4
77	14
78	10
81	15
86	15
88	2
93	5
95	12
98	3
99	7
101	8
103	2
106	4
107	11
110	10
113	11
114	10
118	15
120	14
125	8
127	7
128	12
131	6
137	4
139	10
142	6
145	5
153	13
158	11
162	14
164	14
166	2
170	4
171	6
174	12
175	12
177	3
181	1
183	11
185	1
187	3
190	9
194	4
196	3
Market 64
1	1
7	2
8	14
10	8
16	15
25	12
40	3
41	7
44	10
80	15
99	15
103	4
114	11
120	9
Market 36
2	14
4	1
11	13
12	10
14	5
15	4
17	10
18	13
23	9
24	12
28	6
31	4
32	14
36	13
44	10
48	5
50	13
51	5
53	11
54	14
58	4
63	2
65	12
68	4
72	5
73	8
76	1
77	8
83	14
86	11
89	1
93	11
97	14
105	10
112	10
119	4
130	7
131	7
135	9
137	6
139	12
143	9
145	1
150	15
155	12
156	7
157	7
158	9
159	7
161	9
169	1
170	5
171	9
173	11
174	12
181	11
183	6
186	3
187	1
191	15
192	8
195	8
196	8
198	14
Market 272
1	3
2	10
3	7
4	11
22	3
25	2
34	2
39	2
45	8
47	5
50	2
58	15
63	10
64	2
66	15
68	11
70	9
72	9
73	5
76	12
87	15
89	13
91	3
99	13
100	9
103	6
105	13
111	13
112	11
120	1
126	8
128	10
131	11
137	3
140	3
141	12
143	1
154	4
155	7
156	10
169	7
170	11
171	15
173	2
176	10
185	7
195	15
199	6
Market 80
1	11
10	15
16	5
20	1
21	4
22	7
23	1
28	4
33	8
34	2
36	4
38	12
40	8
44	9
46	4
47	12
50	14
58	6
60	3
62	3
63	10
65	5
72	2
83	6
113	1
141	7
157	11
159	1
187	7
Market 52
8	6
15	6
17	4
22	10
23	1
33	15
38	4
44	13
46	5
48	14
52	4
57	10
61	12
63	5
65	15
66	14
72	4
77	1
91	2
95	9
97	10
100	15
105	12
106	10
131	15
136	10
137	11
139	12
141	12
155	4
156	7
157	3
161	15
162	1
169	5
173	5
183	1
192	7
195	7
200	4
Market 112(F)
9	7
12	10
15	14
20	1
21	13
26	3
28	14
33	14
36	12
39	11
44	6
46	9
48	5
51	14
58	6
60	7
62	11
64	9
81	15
103	2
113	7
139	8
171	5
192	15
Market 143
4	15
8	13
12	11
18	3
24	13
25	4
28	15
33	4
36	7
48	14
50	6
52	12
61	8
63	2
69	8
72	14
73	12
80	8
83	4
88	4
95	8
97	9
99	12
101	7
102	1
103	9
106	5
110	5
111	6
120	14
121	15
127	2
128	14
133	3
134	2
135	14
137	4
139	9
154	14
155	15
156	8
157	10
158	15
164	6
166	4
170	4
171	10
173	15
174	14
179	3
183	2
185	14
186	2
191	4
Market 60
8	6
9	13
15	6
18	2
19	14
21	6
24	6
25	5
29	15
33	4
36	15
38	10
40	8
41	2
43	1
44	7
45	8
46	8
47	5
49	15
50	9
51	6
52	13
53	9
56	3
58	6
60	10
62	15
80	12
83	9
97	9
101	14
109	13
120	14
141	3
157	9
185	12
192	4
200	5
Market 164
2	3
15	3
20	15
24	4
25	9
28	3
32	11
36	2
39	2
44	11
45	5
47	15
52	11
58	13
80	5
103	14
128	3
129	6
157	2
Market 287(F)
8	8
14	2
15	2
16	2
18	10
20	11
24	1
27	7
32	2
33	1
35	15
40	14
41	4
44	3
46	7
47	11
48	2
52	3
53	3
60	13
61	3
65	11
66	8
67	2
69	3
73	1
77	11
80	10
81	10
83	9
85	15
87	11
89	14
91	6
97	8
98	7
99	12
100	13
103	4
106	2
112	8
114	15
115	9
118	6
122	2
123	5
125	3
126	2
129	3
130	13
131	7
134	5
135	2
137	2
138	15
148	4
150	3
152	10
154	4
156	15
158	1
159	4
161	2
162	8
163	2
164	8
167	5
170	8
176	4
177	8
180	2
181	7
183	3
184	9
186	15
188	13
190	8
191	1
192	14
193	14
198	2
Market 145(F)
12	5
13	4
14	5
15	4
18	4
25	9
28	11
32	7
33	10
37	15
38	5
43	7
44	8
46	10
48	12
50	13
52	5
55	11
58	7
60	9
61	9
62	14
64	9
65	7
66	3
68	6
70	12
76	5
77	5
80	2
81	11
82	3
89	4
91	13
94	1
95	3
97	8
101	3
121	15
127	15
129	14
130	1
133	3
136	8
137	3
150	9
154	14
155	11
157	4
162	12
166	4
170	10
171	5
174	7
176	1
182	8
183	14
187	14
192	13
195	14
196	14
199	3
Market 132
2	4
9	4
11	1
12	8
15	8
16	8
19	7
21	15
22	4
23	1
24	9
26	3
28	15
32	15
36	15
38	5
41	13
43	3
45	8
47	14
50	6
51	3
53	12
55	9
59	10
62	7
68	4
71	11
80	2
81	3
97	10
126	13
129	4
156	2
157	6
169	12
185	3
192	11
Market 17
3	8
5	1
17	11
18	12
23	1
31	15
34	12
44	1
59	10
60	3
61	8
66	9
68	12
71	13
75	3
77	4
80	12
86	8
91	1
97	15
100	7
101	15
103	3
106	14
107	3
110	8
112	5
129	8
132	3
136	6
143	12
155	7
161	6
170	2
175	7
177	7
184	5
187	10
190	15
191	6
196	15
198	5
200	10
Market 205
22	5
23	13
28	6
36	1
38	10
44	11
46	12
47	3
50	4
53	13
59	9
61	1
62	2
64	9
68	3
71	14
72	3
81	3
88	11
91	15
92	10
96	11
101	3
103	10
105	7
114	11
116	14
123	12
126	7
131	13
132	11
138	7
139	15
164	13
169	7
173	10
174	8
177	11
183	7
185	7
189	9
191	5
192	13
195	12
200	5
Market 129
2	8
3	5
10	3
12	14
15	2
16	12
17	1
18	15
21	7
23	8
25	9
31	2
41	12
50	10
61	13
65	5
68	1
70	15
71	13
72	5
78	2
81	3
83	6
86	7
89	6
98	11
100	8
113	14
120	9
127	9
131	3
132	14
145	10
153	8
161	14
162	6
164	9
169	4
170	14
171	4
173	5
174	8
175	7
177	8
183	3
191	9
192	1
194	7
195	9
196	4
Market 243
2	7
6	11
9	8
29	12
34	12
47	3
58	1
61	8
62	1
63	3
66	11
73	7
74	3
76	15
79	10
83	6
85	4
89	7
91	8
95	13
97	6
98	6
99	12
107	10
108	9
114	12
115	5
120	11
121	11
127	6
128	4
129	5
131	14
136	3
139	3
146	15
150	5
156	2
159	5
165	1
166	15
167	11
170	6
171	15
172	9
173	13
174	15
183	10
186	3
187	6
190	13
Market 45
5	4
11	2
18	6
22	12
29	12
44	14
55	13
64	2
65	6
66	2
68	10
71	8
73	2
83	14
88	10
97	4
98	12
99	14
106	6
107	1
110	8
111	8
113	4
125	5
137	1
143	8
145	15
150	10
153	10
154	9
155	8
156	15
157	3
162	3
166	5
169	7
171	11
174	11
175	1
181	10
183	15
192	8
Market 103
1	4
3	4
7	12
8	6
15	8
18	15
19	5
20	1
21	6
22	10
23	14
24	5
32	8
33	3
38	10
41	9
44	4
47	13
48	9
50	6
58	9
61	7
63	11
66	6
67	12
72	7
75	11
76	13
77	1
78	15
80	14
82	5
85	3
86	11
89	2
94	11
95	12
97	3
98	12
100	7
102	1
103	7
105	3
107	3
112	5
115	15
120	14
123	7
124	15
128	3
129	12
130	6
132	13
133	12
137	2
138	15
139	14
141	7
143	11
150	11
153	15
154	4
156	2
158	15
159	3
161	10
162	3
164	13
166	4
167	5
169	5
171	1
176	5
179	9
183	2
187	9
188	5
190	2
194	14
199	3
Market 77
1	3
2	4
5	4
8	10
12	9
17	2
20	3
28	14
29	14
33	1
36	15
38	13
40	6
42	6
48	12
50	2
57	5
58	6
61	14
64	6
65	13
66	10
67	3
72	13
76	11
80	5
85	10
87	14
97	7
100	9
101	3
103	1
104	3
106	11
107	9
111	9
113	13
114	10
115	7
124	15
126	9
129	6
130	5
132	11
133	9
135	2
136	14
138	6
141	1
145	5
148	2
154	9
155	14
156	12
157	5
158	2
159	1
161	14
163	5
169	9
171	5
174	13
180	14
183	6
184	8
187	5
192	15
195	6
196	7
Market 128
1	10
2	8
3	7
7	13
12	9
15	11
21	4
23	7
24	8
28	3
32	15
34	2
38	1
41	14
43	9
44	12
51	2
53	11
59	13
61	9
63	7
65	8
72	13
77	9
91	8
95	10
99	11
100	9
103	6
131	1
137	12
141	11
155	9
171	8
187	15
192	10
Market 276
2	11
3	9
5	11
23	6
25	6
26	13
34	9
38	7
45	9
47	13
50	14
58	5
59	15
62	6
63	13
65	12
71	1
72	5
80	14
103	3
109	9
114	5
115	13
124	2
133	15
136	8
141	10
148	4
156	7
171	4
172	13
180	10
182	11
187	10
190	4
195	12
196	8
199	2
Market 171(F)
2	13
3	1
7	13
16	7
19	5
20	14
24	6
33	3
38	7
40	2
41	7
44	7
45	7
51	9
53	9
61	10
63	12
69	7
71	4
73	1
78	10
80	13
91	7
93	1
95	2
97	3
98	13
110	13
112	12
114	6
120	1
123	13
125	1
127	10
131	12
134	10
137	3
138	11
139	8
143	8
155	8
156	4
166	10
170	13
171	9
174	6
190	1
200	13
Market 7
1	4
2	6
4	12
8	4
11	13
12	2
13	10
17	2
20	4
22	10
24	13
28	7
29	13
33	1
38	4
39	1
40	6
44	10
45	4
49	2
51	7
52	6
58	6
59	15
60	8
62	13
65	11
66	10
70	14
72	11
73	15
74	10
76	8
77	13
80	9
83	14
85	9
86	9
87	6
90	12
94	3
96	12
98	6
99	10
100	11
101	12
103	4
104	11
105	7
111	11
112	1
119	1
120	9
121	6
122	9
124	5
126	1
132	5
133	4
136	10
138	12
143	8
145	12
148	8
150	15
154	6
156	13
157	15
158	6
159	8
163	11
166	15
169	4
171	1
172	5
173	3
176	1
179	15
180	7
186	4
187	4
188	14
190	5
191	15
193	9
196	12
Market 97
2	2
4	2
7	11
12	15
17	5
29	5
32	7
37	13
38	7
40	1
44	15
45	10
46	14
64	7
65	12
68	3
71	4
75	3
85	10
91	7
95	9
100	13
109	10
114	8
115	12
122	6
123	5
129	2
133	12
138	14
139	15
140	8
143	2
148	14
151	1
155	13
157	14
159	10
161	4
162	11
163	6
166	9
169	9
171	4
175	12
176	7
177	12
180	9
184	9
185	14
193	6
200	11
Market 16
3	6
4	7
9	12
10	3
12	10
15	2
17	11
25	12
26	3
34	8
36	13
43	14
44	2
53	11
68	5
71	13
85	8
101	14
106	8
109	10
111	4
129	5
138	12
141	6
155	4
156	10
174	11
190	8
195	6
Market 299
5	5
12	9
14	14
18	10
21	1
23	10
24	10
32	4
38	12
44	13
47	8
60	14
62	1
64	15
70	6
73	4
76	13
77	11
78	5
79	6
82	7
83	12
85	1
88	9
89	13
90	8
92	9
94	3
96	11
97	6
98	6
99	6
100	15
106	9
108	11
109	5
120	4
123	15
126	8
128	14
131	14
132	13
133	14
136	15
138	6
139	7
142	3
152	8
154	8
155	8
162	13
163	12
165	13
167	14
171	1
173	5
177	9
180	13
185	12
186	6
188	9
196	4
197	10
Market 63
1	12
2	1
6	10
12	5
14	15
20	13
23	2
33	6
37	13
38	15
43	5
46	9
49	6
50	10
55	5
58	13
62	2
63	10
64	12
65	13
67	8
70	1
72	10
80	2
87	12
95	15
97	4
98	3
99	4
100	2
101	14
102	6
103	10
109	5
111	2
113	2
115	5
120	6
124	13
130	4
132	11
133	3
136	8
138	1
140	10
141	9
142	4
143	14
145	11
150	5
152	3
155	1
156	1
157	9
158	15
161	4
163	14
165	8
167	9
169	5
180	13
182	3
184	13
187	15
192	4
193	10
196	14
199	11
200	5
Market 69
1	10
8	12
12	3
13	13
17	4
18	12
21	6
24	9
25	13
33	5
34	3
38	5
39	9
45	8
46	14
47	12
52	7
58	6
70	1
72	9
73	5
77	7
82	7
89	4
95	2
101	7
107	6
109	13
112	15
113	7
114	6
120	8
128	7
131	2
132	5
135	4
136	12
137	12
138	10
139	15
140	11
143	13
148	7
151	15
159	4
169	10
170	13
174	3
183	12
187	9
188	10
190	4
191	1
195	1
196	9
199	6
Market 292(F)
2	13
7	2
8	8
11	10
18	1
19	10
20	1
22	2
24	12
28	4
32	15
33	12
38	10
39	10
40	5
45	4
48	5
58	10
59	11
60	8
68	12
71	13
72	14
81	7
97	7
101	3
111	7
114	3
120	8
169	13
185	8
192	3
195	3
Market 114
7	6
8	8
10	6
12	1
16	2
19	14
20	6
24	2
25	15
28	15
32	4
39	1
40	3
42	1
44	11
52	3
53	13
59	1
62	4
75	8
77	4
80	13
81	12
95	8
103	15
107	7
113	1
120	13
132	14
137	9
139	7
141	3
155	15
157	4
159	12
164	6
175	14
190	3
191	8
200	7
Market 109
1	11
8	1
10	9
15	15
17	11
20	10
22	12
24	4
27	8
29	8
32	9
35	6
38	8
44	5
48	2
49	1
50	11
56	4
58	13
61	10
63	10
65	6
66	8
71	14
77	9
80	8
81	7
83	10
86	5
89	5
95	7
98	3
99	4
100	4
101	6
103	2
107	10
109	9
111	5
112	11
114	2
115	4
124	13
127	2
128	9
130	8
131	9
132	15
133	10
136	14
139	8
145	9
150	5
154	11
158	1
159	11
161	15
166	9
167	7
174	5
178	8
181	2
183	5
184	2
186	11
195	5
Market 61(F)
1	13
2	10
4	13
8	4
11	3
31	7
33	15
36	3
44	10
47	13
60	7
62	5
64	5
68	11
70	1
72	5
73	14
80	7
81	8
82	6
84	3
87	6
89	8
97	11
98	4
102	13
105	12
109	7
111	11
128	8
131	8
135	5
139	5
143	1
158	8
159	11
161	1
166	9
169	4
171	6
173	2
176	15
179	14
183	3
185	13
187	15
191	13
192	13
Market 117
1	4
2	11
3	2
5	6
7	14
10	1
12	13
14	13
21	5
23	13
24	1
26	8
32	11
38	13
39	7
44	6
45	13
46	14
52	12
58	6
59	12
62	15
63	11
64	11
66	14
68	15
72	15
73	11
75	3
77	6
78	3
80	3
81	13
83	11
91	1
92	5
96	14
100	9
101	8
102	10
105	13
107	4
108	9
111	3
114	5
126	14
128	11
129	14
132	15
135	15
141	2
155	4
156	14
158	6
159	11
164	14
165	2
166	5
167	5
170	4
174	12
176	10
177	8
180	10
182	5
183	1
185	6
186	14
188	1
190	5
191	8
192	12
195	11
196	5
200	8
Market 159
11	9
12	1
15	4
16	5
22	2
23	13
28	9
36	15
38	6
42	6
44	5
48	11
53	15
58	5
59	15
61	3
62	11
66	1
70	13
71	12
73	3
76	7
82	6
83	12
84	13
86	6
91	6
95	6
98	6
102	15
103	11
111	14
112	4
113	11
115	9
120	14
126	10
127	2
129	3
136	2
143	3
147	12
150	1
156	7
157	10
159	6
162	10
165	14
173	11
174	1
179	4
183	1
192	3
195	7
196	2
199	3
200	5
Market 228
2	13
8	12
12	6
16	3
17	4
23	14
26	3
29	12
33	6
41	9
46	1
48	9
52	5
58	12
59	6
62	1
71	7
77	13
103	13
105	4
106	3
136	15
139	8
141	12
155	12
183	12
191	4
200	5
Market 137
2	14
5	5
8	9
10	10
15	2
16	10
20	6
25	8
33	6
41	5
58	2
59	3
62	15
63	15
72	13
73	2
81	2
83	3
86	3
91	8
98	7
102	8
103	4
118	8
123	7
136	15
138	7
139	3
141	1
150	3
155	9
157	7
158	12
159	14
162	6
164	8
171	2
173	14
174	2
178	8
181	4
183	6
191	3
192	10
198	8
Market 224
10	13
16	12
18	4
29	5
32	6
34	11
38	1
39	12
41	1
46	12
53	8
57	5
58	12
59	3
61	2
63	10
65	4
72	9
75	4
77	9
80	4
81	12
95	15
103	1
106	3
107	9
114	2
120	4
123	8
128	1
139	10
157	15
164	7
171	12
175	13
177	15
200	14
Market 296
4	4
5	3
7	8
8	1
12	1
20	13
22	2
25	9
28	11
33	8
36	5
42	4
43	15
44	3
50	12
52	9
60	7
72	1
78	12
80	6
83	11
99	13
103	7
107	14
113	4
128	9
129	12
132	4
138	11
139	15
145	15
156	10
159	4
166	3
174	8
175	10
185	8
Market 189
1	4
2	9
7	14
8	11
11	7
12	1
15	3
16	3
34	14
39	14
44	1
50	15
51	6
59	3
60	3
62	11
64	2
73	5
74	15
76	8
78	14
81	15
83	8
87	7
93	3
95	6
98	5
100	8
101	11
104	14
106	3
107	9
109	15
111	10
113	14
115	12
124	12
125	8
126	3
130	4
131	12
133	15
137	3
138	8
139	14
141	15
142	1
149	9
154	9
155	10
158	15
163	4
164	2
166	1
173	8
174	4
176	12
181	4
182	11
184	11
185	5
190	6
193	10
195	13
199	15
Market 151
4	5
15	13
22	4
24	5
32	1
40	13
45	9
46	6
51	12
52	10
60	9
62	7
64	1
66	2
69	13
70	14
71	4
73	10
75	12
76	1
81	12
86	5
91	6
93	15
95	9
97	11
103	7
106	3
107	6
110	15
111	3
113	10
118	4
120	12
127	15
128	6
134	8
135	12
136	4
139	10
157	3
162	9
173	11
175	10
178	2
181	5
187	9
191	5
195	9
198	2
200	8
Market 256
5	9
7	1
12	8
13	11
18	5
23	7
24	5
31	13
33	7
38	1
51	15
57	9
58	7
59	13
62	15
63	4
64	4
65	11
68	13
72	12
77	2
91	10
95	7
99	4
100	15
103	3
106	6
113	3
131	11
136	1
137	1
155	4
159	9
162	13
166	2
173	8
174	10
183	9
187	8
191	2
200	12
Market 27
2	15
4	11
5	1
11	9
12	1
16	13
17	4
23	3
24	15
29	2
36	5
38	7
39	9
44	8
48	5
50	15
51	12
57	3
59	3
60	11
61	12
62	6
63	14
66	5
67	6
68	8
70	4
71	14
72	13
74	2
75	11
78	8
80	2
81	15
83	4
86	7
87	1
89	1
91	15
92	13
94	7
100	14
103	8
105	7
114	8
118	15
120	14
122	13
123	4
124	11
126	5
128	12
135	6
138	3
140	7
141	13
142	13
143	11
145	10
150	2
151	8
152	4
155	1
161	11
162	3
166	4
169	4
170	2
171	15
172	6
173	2
174	7
175	10
176	7
181	15
185	3
186	12
187	2
188	11
190	7
199	13
200	10
Market 108
5	9
8	2
13	10
18	1
31	7
39	14
40	3
44	13
46	12
52	10
58	14
60	15
62	5
101	4
103	1
107	11
114	1
139	2
171	1
174	10
187	15
Market 172
1	13
2	11
4	11
5	6
8	5
11	1
16	13
18	6
19	7
23	15
24	1
25	9
29	15
32	6
38	4
39	6
40	11
43	10
48	13
52	9
62	15
65	13
72	11
95	8
98	6
103	14
106	3
136	14
139	7
141	6
157	13
158	3
161	15
171	12
174	4
183	13
187	9
190	15
192	1
Market 234
4	14
7	12
8	5
12	3
15	12
17	8
20	10
22	13
23	9
25	3
29	7
38	5
42	7
44	1
48	3
50	4
51	9
52	9
53	2
65	14
66	14
72	4
81	1
95	6
103	6
120	14
139	8
141	14
155	4
157	9
159	11
161	8
169	4
174	1
190	9
192	5
195	15
200	5
Market 214(F)
4	14
8	9
11	12
12	13
15	11
17	14
18	15
20	5
21	3
23	3
25	10
32	13
34	15
40	2
41	10
47	12
50	13
54	5
58	10
63	5
65	3
66	10
67	5
83	4
101	14
111	10
113	4
115	5
120	9
124	1
138	6
139	8
141	7
145	7
154	14
169	12
171	10
174	13
182	4
185	7
187	8
195	13
Market 209
2	11
5	14
12	12
15	12
17	10
18	11
20	10
22	2
24	7
28	10
29	5
36	9
42	13
48	1
50	10
53	15
62	5
63	5
64	8
65	15
66	12
68	4
70	11
72	7
74	1
76	3
77	10
80	15
83	9
84	9
85	12
91	11
98	10
101	4
105	6
106	10
111	1
112	13
115	9
124	3
128	5
129	4
131	13
132	12
137	5
138	1
139	11
140	6
143	7
148	9
151	11
154	6
157	4
158	13
165	1
166	11
170	14
173	7
176	9
180	1
182	13
183	4
185	11
187	11
190	14
196	4
199	9
Market 46
20	6
21	4
24	4
26	4
29	9
34	12
40	12
41	14
46	15
47	10
52	11
53	6
60	12
62	14
76	5
77	15
81	6
95	11
98	14
99	12
105	14
130	12
131	8
133	15
135	2
137	2
141	7
154	6
155	1
156	10
157	8
158	8
159	11
171	1
187	8
195	4
200	12
Market 98
1	11
4	9
5	6
13	4
16	2
17	14
22	2
25	14
28	15
31	2
36	13
38	13
44	12
47	3
53	6
58	6
61	1
73	12
80	5
81	15
95	2
99	15
101	5
114	12
120	4
123	7
125	7
145	7
156	8
158	5
162	11
164	1
166	4
171	11
173	10
183	10
185	11
187	1
190	12
192	5
Market 58(F)
2	5
4	6
7	3
12	12
13	4
20	9
22	8
24	11
28	15
33	7
38	3
40	5
44	7
46	8
50	7
57	4
59	8
61	2
62	11
63	14
64	1
65	2
67	15
71	7
72	8
80	8
82	3
83	4
89	14
91	6
97	5
98	6
99	8
100	11
105	14
108	13
111	11
114	1
120	5
126	2
127	12
128	13
129	3
130	2
133	3
137	12
138	15
139	15
143	4
145	12
150	9
154	8
158	2
159	13
161	12
164	10
166	10
170	1
175	7
179	4
182	2
186	10
192	15
195	2
196	1
198	1
Market 120
1	12
2	4
5	13
12	5
18	5
23	6
28	11
38	6
48	12
55	3
58	13
129	9
141	15
159	8
174	7
185	8
192	5
Market 240(F)
5	14
7	12
12	11
17	14
18	14
23	11
25	2
31	1
32	2
36	11
39	8
44	7
45	4
50	15
51	14
58	13
63	10
65	6
68	11
78	7
80	15
81	4
97	5
99	13
100	13
101	3
106	12
107	13
111	2
113	3
114	1
115	4
126	7
128	1
129	12
138	13
141	9
145	4
148	9
159	4
162	1
166	6
169	14
187	4
192	9
200	1
Market 149
4	3
7	2
13	6
15	8
17	6
18	13
20	3
22	10
24	13
36	9
38	10
44	9
45	15
48	8
51	12
55	12
59	6
62	14
63	11
64	13
66	6
72	15
75	10
80	8
81	13
83	13
85	12
92	14
95	5
96	12
99	10
100	12
101	14
105	7
106	1
116	15
120	11
123	9
125	7
128	6
129	3
131	10
132	6
134	6
139	9
141	2
142	13
149	14
153	6
155	1
162	9
164	14
166	12
169	8
174	5
175	4
181	4
183	4
184	13
190	2
191	8
194	13
198	3
200	4
Market 107(F)
3	12
5	10
6	10
16	6
17	7
19	8
20	5
24	13
25	7
26	7
28	4
32	5
33	13
34	1
39	2
41	8
45	9
55	7
61	7
62	13
63	7
64	1
66	5
72	13
75	15
77	5
81	10
83	3
89	12
91	11
95	6
96	13
98	9
103	9
105	4
107	5
109	9
115	5
124	8
125	3
128	1
132	1
135	13
136	15
139	14
141	14
151	2
159	11
162	9
169	13
171	8
173	12
176	1
181	11
182	13
183	8
185	6
187	15
192	12
195	7
198	14
Market 6
2	6
5	8
6	13
7	11
16	8
18	10
20	4
23	5
25	9
38	8
46	14
50	15
53	13
57	13
58	9
60	8
64	15
70	8
74	1
76	2
89	13
95	10
97	2
101	13
103	3
120	1
124	11
126	10
128	4
129	3
130	9
135	4
136	4
138	12
139	8
151	11
167	11
169	9
172	1
183	7
185	8
187	12
192	11
195	13
196	11
Market 245
1	11
2	13
5	8
6	13
12	11
15	7
17	9
31	3
37	12
63	10
66	3
68	13
70	7
72	5
76	8
80	7
83	4
94	6
95	8
99	2
101	4
103	8
107	4
111	11
124	10
126	9
129	6
130	12
135	7
138	14
139	13
141	12
145	4
157	15
159	1
161	12
166	7
169	2
176	14
180	5
182	14
183	6
188	5
190	8
192	5
193	8
199	4
Market 260(F)
1	3
7	12
9	3
12	8
15	3
17	2
18	6
21	5
25	6
32	4
38	2
39	13
41	4
43	10
45	7
50	8
51	12
55	12
72	5
80	7
95	14
97	10
99	9
114	6
120	3
129	10
141	13
155	7
159	12
174	14
195	9
Market 289(F)
11	10
16	1
17	9
18	9
19	2
21	13
22	4
23	14
24	9
26	10
32	13
38	9
41	12
50	3
61	3
64	11
66	13
67	4
68	3
70	15
73	9
77	8
78	12
88	6
89	13
92	9
97	2
100	14
101	8
103	15
111	13
113	9
114	6
120	7
123	13
128	11
131	5
133	12
134	4
135	15
136	13
137	4
138	3
141	7
142	15
143	15
145	7
155	7
156	8
159	2
161	3
164	8
169	5
170	2
177	8
183	2
187	3
194	9
196	6
200	11
Market 247
1	13
15	13
19	3
23	11
24	1
30	8
32	1
39	13
44	3
45	10
59	9
61	11
62	13
65	4
67	15
68	8
71	11
72	13
75	6
78	15
80	1
83	10
85	9
88	8
92	11
95	4
96	15
97	11
100	4
104	6
111	13
114	5
115	3
120	6
123	13
128	11
132	12
133	5
134	12
136	1
137	2
138	9
139	12
141	6
152	1
153	7
155	7
156	12
157	6
162	5
163	5
164	2
166	11
168	5
169	7
171	9
172	8
177	4
182	2
184	5
185	6
187	1
188	2
190	13
191	5
192	10
193	1
197	2
198	15
Market 72
2	1
6	13
7	14
14	13
15	2
17	7
19	2
20	13
22	10
24	10
32	2
39	13
44	10
45	9
48	13
51	10
57	11
58	7
59	10
72	14
97	3
103	3
136	15
141	3
157	8
159	2
192	11
200	8
Market 268(F)
5	9
15	3
17	6
19	4
21	9
23	5
28	11
30	8
32	10
34	12
38	3
41	14
43	2
51	1
53	5
58	2
62	4
64	14
72	3
81	4
101	9
103	9
107	5
114	8
120	8
128	7
129	3
138	6
157	1
166	10
171	2
187	12
200	1
Market 261(F)
2	12
5	7
7	6
12	4
13	12
15	9
17	5
18	3
23	6
33	13
38	2
40	9
49	14
52	1
55	10
59	9
61	2
63	7
66	6
67	6
68	6
71	12
72	5
75	12
77	13
83	12
85	2
97	15
99	15
105	7
106	9
109	14
114	10
115	6
120	4
129	12
132	11
134	14
138	9
139	9
141	9
153	2
161	5
169	10
171	5
173	12
175	3
177	8
180	10
185	13
194	5
200	4
Market 251
5	4
8	12
12	7
17	11
18	7
19	1
23	14
24	4
25	10
29	10
38	3
40	8
44	7
47	15
52	8
59	10
60	14
61	4
62	11
63	9
67	2
68	8
73	11
76	5
78	12
80	11
81	7
83	13
94	10
96	5
98	12
105	5
107	5
112	7
122	6
123	10
129	10
130	7
131	1
132	6
135	14
137	3
140	3
141	4
142	4
143	2
145	11
147	13
154	12
155	7
156	7
161	1
164	1
165	10
167	10
173	10
180	5
184	7
185	9
187	13
190	7
191	6
192	1
194	6
195	6
199	9
200	5
Market 288
3	12
11	8
15	6
16	12
17	12
19	13
21	8
22	14
24	6
29	7
36	7
44	1
47	14
48	9
51	8
53	7
54	11
56	2
58	4
59	4
63	11
65	5
68	8
71	8
81	13
89	14
97	6
98	5
136	6
139	4
143	12
154	1
155	13
158	11
161	2
169	15
174	6
195	9
196	2
200	4
Market 62(F)
2	1
7	14
12	8
16	9
19	11
20	5
23	12
29	15
37	9
45	1
48	4
49	9
50	7
55	10
59	10
62	3
63	11
72	14
77	6
81	5
83	2
91	13
97	12
100	12
103	9
106	5
109	1
114	7
120	15
126	2
128	15
139	7
157	4
158	3
162	6
171	13
174	12
183	8
187	1
195	15
196	13
200	2
Market 190
1	15
2	1
12	6
13	1
15	5
17	11
18	8
19	4
20	4
31	3
39	2
43	4
44	11
45	5
50	1
51	15
55	3
58	8
65	7
68	14
78	5
81	4
83	13
95	14
97	3
99	8
101	6
107	7
113	5
120	1
128	3
131	11
155	8
166	4
174	2
191	10
192	12
200	3
Market 167(F)
2	13
6	8
14	12
15	10
16	5
19	1
23	7
24	2
25	7
33	4
39	14
44	7
46	12
50	5
60	8
61	6
62	15
63	8
64	4
68	15
70	2
72	4
74	1
82	13
83	12
84	5
89	3
91	5
98	10
103	5
107	12
109	14
112	2
120	6
122	3
124	12
126	9
128	2
129	7
135	14
136	9
137	4
140	5
141	8
143	6
147	12
148	10
151	8
158	4
162	2
165	3
170	11
174	9
179	14
180	5
182	8
183	6
185	3
186	8
187	5
188	14
190	14
192	3
195	8
Market 293
2	6
4	7
11	2
12	14
15	6
18	10
22	3
25	14
34	2
36	3
43	10
44	3
48	6
50	9
55	10
58	11
62	6
63	2
65	3
68	3
77	6
78	2
81	11
83	3
84	4
87	8
88	10
89	9
91	6
92	15
95	7
96	12
101	4
102	14
107	4
112	8
114	15
120	4
122	15
123	5
132	10
133	7
135	7
138	14
140	9
143	14
145	1
148	4
151	10
157	7
159	14
165	7
166	10
167	10
169	12
174	3
182	9
183	10
192	9
195	14
199	11
Market 96(F)
1	15
2	15
5	13
7	9
10	10
13	3
15	6
16	7
17	15
20	12
23	11
28	4
31	11
33	9
34	4
40	9
41	14
47	7
48	4
50	7
52	14
53	14
60	14
64	3
65	8
66	1
68	15
70	10
71	14
76	11
80	6
82	4
84	8
89	14
91	12
95	4
97	13
98	6
99	2
102	9
105	10
111	4
114	10
115	14
120	7
122	4
124	13
126	7
128	3
130	10
133	14
135	3
136	4
143	7
147	3
150	8
154	15
155	11
156	1
161	1
165	2
169	13
170	2
174	1
179	2
186	9
187	10
192	7
195	11
Market 49
7	1
8	1
15	15
19	10
20	15
24	14
28	3
31	10
32	5
33	11
36	13
38	4
39	2
42	6
45	6
48	13
50	1
52	3
54	12
59	6
62	12
64	9
65	11
66	15
67	6
68	8
71	5
73	6
74	3
80	14
83	14
85	6
86	13
90	5
91	3
94	3
97	5
99	14
100	6
105	1
106	9
112	10
113	5
120	7
126	2
130	14
131	3
135	12
137	9
138	12
141	4
142	10
150	9
157	13
159	15
162	10
164	6
167	2
173	6
174	10
175	10
181	6
183	2
184	3
190	15
191	3
195	7
196	13
198	3
200	6
Market 43
4	13
12	12
16	7
19	9
23	8
29	14
35	8
39	7
48	12
50	7
53	11
56	6
63	7
65	10
66	1
67	6
75	6
77	9
78	13
80	1
86	5
88	5
91	5
92	6
93	12
95	10
97	13
99	4
100	14
103	14
104	10
105	10
106	5
111	5
113	13
114	14
115	4
116	1
123	2
124	6
125	2
126	9
128	8
131	15
132	4
133	10
135	9
138	5
142	15
145	1
148	10
149	5
152	5
157	9
158	12
159	4
160	12
161	4
162	10
166	2
167	5
171	2
174	6
181	6
182	4
183	5
184	9
185	4
187	8
190	12
191	12
194	3
197	15
Market 177
1	5
3	11
11	4
12	5
13	15
18	5
21	8
22	9
23	12
24	5
26	15
29	10
36	9
41	8
44	8
47	3
53	15
58	14
63	13
64	7
71	13
77	10
78	10
81	9
85	11
91	12
92	6
95	3
96	2
97	14
99	3
100	5
106	9
109	14
113	1
126	12
129	2
134	11
136	4
138	6
139	5
141	6
145	11
149	9
153	12
155	15
156	10
157	13
159	8
161	9
162	3
168	12
181	2
183	6
190	6
194	5
196	9
198	13
200	6
Market 222
1	15
3	10
15	6
18	14
19	2
20	10
22	11
25	1
26	3
33	3
34	1
38	10
39	9
48	13
52	12
58	4
59	3
61	14
63	5
64	1
68	4
71	10
72	5
78	2
80	1
81	13
85	12
92	8
95	6
96	2
97	13
98	3
99	3
100	3
104	13
106	14
107	1
109	10
113	13
124	11
126	10
128	1
130	7
132	15
133	6
142	2
160	9
161	14
164	10
167	9
174	14
175	6
177	1
180	11
182	10
184	12
185	11
188	8
191	13
192	5
194	7
200	14
Market 23
2	14
5	13
8	15
10	11
15	1
16	15
22	8
23	11
28	2
29	5
35	13
36	7
38	3
40	1
52	8
58	1
60	1
62	7
63	5
65	9
66	6
70	11
71	4
72	10
73	14
76	7
77	3
81	1
83	13
88	5
93	2
100	11
106	4
109	9
111	5
115	7
123	2
125	6
127	7
128	10
130	9
132	5
135	13
136	3
139	11
145	3
149	13
153	14
155	10
157	12
158	2
159	10
161	14
162	6
164	3
168	1
171	3
174	11
177	15
192	3
200	14
Market 198
12	10
14	7
17	7
20	8
21	1
23	6
24	10
25	13
26	12
32	10
33	3
38	2
58	4
60	7
64	8
72	12
77	7
99	5
111	6
124	13
129	7
139	7
145	15
155	1
162	7
166	15
200	13
Market 70
1	9
4	13
6	13
8	14
12	15
20	12
30	15
32	6
36	8
38	11
43	9
45	14
46	6
50	3
52	4
58	11
59	8
60	3
64	9
66	3
68	1
69	4
77	9
81	11
83	6
86	15
93	1
97	10
100	9
101	10
103	9
105	7
112	5
113	7
114	7
118	6
127	1
129	14
136	12
150	4
157	8
158	3
161	6
162	2
166	3
169	8
171	3
175	1
181	14
183	3
184	1
187	1
190	2
191	2
192	14
198	14
Market 18
1	8
3	13
4	5
5	5
7	10
10	15
11	15
18	5
22	2
23	9
24	15
26	6
29	9
32	14
43	7
44	2
48	4
50	3
54	15
55	12
63	2
65	4
68	3
70	12
71	2
72	15
74	1
76	6
85	4
89	9
95	7
97	14
98	3
99	10
100	4
107	10
113	14
114	10
115	2
120	8
122	5
124	1
126	2
128	7
129	1
130	9
135	3
138	4
139	10
148	2
154	7
156	10
157	3
159	13
161	10
162	13
163	11
166	4
169	9
172	13
176	2
180	4
182	15
183	10
185	14
187	3
188	13
192	5
193	6
195	3
199	14
200	12
Market 200
1	5
10	12
12	4
14	9
15	5
18	1
24	4
28	7
32	4
37	10
38	10
41	8
48	7
49	3
50	8
53	12
65	13
66	7
71	13
81	8
95	1
99	3
103	1
159	2
162	5
174	9
192	8
200	11
Market 54
1	1
2	12
4	6
5	1
12	10
16	4
20	15
22	5
23	5
28	1
36	7
38	10
42	5
43	11
48	5
53	11
55	6
61	15
62	10
64	8
65	3
66	11
72	7
75	7
77	5
80	7
83	15
88	11
99	6
101	4
106	12
123	1
128	14
159	7
162	7
174	2
184	13
185	7
194	10
Market 297
3	4
9	4
19	14
21	6
24	1
25	6
26	9
32	7
33	9
34	1
38	9
40	10
45	1
47	14
50	11
52	12
59	6
61	11
63	10
66	14
73	10
75	11
76	15
79	5
81	12
83	14
88	10
89	6
93	15
98	6
99	10
100	1
101	13
102	2
103	15
106	11
107	10
112	13
113	4
115	13
119	6
120	2
121	15
123	8
125	3
126	15
127	6
129	5
133	1
134	11
136	7
138	6
139	9
141	15
142	14
143	9
153	3
155	7
161	7
162	5
168	14
169	11
173	6
175	10
177	1
181	11
184	8
185	9
186	9
195	3
198	2
200	7
Market 88
1	3
3	11
5	3
8	2
10	3
15	8
17	15
25	13
28	2
33	11
37	10
47	12
49	12
53	14
57	10
60	2
63	6
64	3
65	6
71	4
72	5
91	13
105	1
131	11
136	2
141	2
157	7
173	10
187	11
192	4
195	12
Market 105
3	13
5	7
7	1
10	3
11	4
15	11
16	12
17	1
20	1
22	7
23	9
25	15
26	14
28	2
32	11
33	1
38	11
39	15
40	13
43	9
44	6
45	9
46	7
48	5
50	15
51	6
52	13
53	5
55	9
59	9
62	8
64	4
65	6
66	3
67	13
68	15
71	10
81	12
83	9
85	6
87	2
91	10
103	5
104	11
106	6
111	2
115	15
120	9
126	9
129	1
130	4
133	9
135	15
136	10
139	14
141	3
145	10
148	7
152	13
154	15
156	8
157	4
158	8
159	8
166	7
167	11
169	10
175	8
176	14
180	10
184	13
185	14
188	9
190	14
195	1
199	1
200	8
Market 116
1	4
4	13
10	5
15	7
17	15
22	2
34	3
36	6
38	5
41	15
47	4
50	14
53	4
55	7
58	3
62	14
65	9
71	10
103	6
156	2
157	6
192	12
200	3
Market 11
2	6
3	6
12	1
18	14
22	3
23	9
26	14
29	15
36	1
41	10
44	13
50	1
58	6
62	11
63	3
64	12
65	3
66	4
71	9
72	15
73	5
77	9
78	3
80	7
81	11
83	2
87	4
91	9
100	6
101	13
102	13
105	13
106	12
107	10
113	14
114	7
119	10
120	1
123	10
128	1
129	1
136	3
137	14
139	5
143	3
150	5
154	11
155	12
156	10
157	7
164	7
166	1
167	12
169	14
170	12
171	9
173	7
175	11
176	11
181	1
182	7
183	3
185	9
187	14
190	10
192	11
195	15
196	10
198	2
Market 142
1	12
2	6
3	4
4	11
10	4
14	12
16	14
18	6
22	11
23	11
24	11
27	13
28	2
33	9
50	8
52	14
53	2
62	10
72	9
77	5
81	1
91	2
103	8
129	15
136	13
139	4
141	12
156	5
161	12
169	2
173	7
174	8
183	4
187	12
190	10
192	2
Market 225
5	10
14	10
15	6
17	13
20	12
22	1
23	7
28	11
29	6
38	15
44	12
51	14
57	11
61	7
64	11
68	3
70	1
75	10
78	4
81	9
90	6
92	15
100	4
113	8
114	8
115	14
120	14
124	1
126	15
130	2
135	7
138	4
139	5
141	11
142	4
155	3
156	11
167	4
169	6
171	9
175	11
177	11
185	11
190	4
193	3
195	15
197	11
199	1
Market 257
1	14
5	1
10	10
12	11
15	4
16	12
18	7
20	8
23	13
26	12
28	9
37	14
41	3
44	15
47	9
48	1
50	2
53	13
55	7
58	6
61	4
62	8
63	13
68	13
73	9
77	2
79	6
80	10
82	2
83	4
93	7
95	2
98	7
99	7
101	3
102	10
103	1
105	1
108	1
111	9
113	14
114	12
115	1
120	14
124	10
127	8
128	15
129	8
130	13
131	4
133	10
135	6
136	15
141	10
146	14
150	14
154	10
156	13
158	1
159	4
165	15
182	6
186	14
191	14
192	10
195	12
198	11
Market 258
3	5
4	4
5	6
6	14
12	14
14	9
16	8
17	13
18	4
19	7
23	7
24	14
26	3
28	5
32	4
33	15
34	13
39	2
40	7
41	5
44	10
45	15
48	7
51	4
53	10
55	10
61	9
62	12
63	14
71	8
72	15
76	10
80	10
86	10
88	12
93	1
97	7
98	15
99	2
105	11
106	8
111	13
113	4
114	9
116	8
120	6
125	6
131	4
136	9
137	9
138	5
141	6
145	3
153	15
156	5
157	6
161	2
162	5
166	11
168	1
171	12
173	3
174	15
184	14
185	13
190	12
191	4
192	8
194	14
195	14
196	5
198	11
200	2
Market 220
3	12
8	9
15	6
16	8
18	9
24	5
31	11
32	15
33	10
34	8
37	13
44	10
49	1
50	5
52	8
61	11
62	13
64	15
66	14
72	15
81	5
88	2
91	5
99	14
103	14
106	2
111	3
115	11
123	9
128	4
129	1
131	12
136	1
137	5
139	15
142	3
148	7
157	11
159	9
160	11
166	6
168	4
169	10
171	6
174	10
177	5
180	12
183	11
185	10
192	7
194	14
197	12
200	2
Market 30
3	6
15	2
20	9
21	9
25	13
32	1
33	12
38	7
46	12
51	8
52	3
63	15
66	12
67	8
80	3
83	6
106	3
107	9
113	11
128	1
129	7
138	9
139	5
141	15
162	13
166	10
174	3
187	6
Market 237
1	7
2	3
8	14
10	11
11	3
15	13
16	2
18	14
20	8
21	13
22	6
23	14
24	7
26	4
31	14
33	9
34	9
36	5
38	15
40	14
42	13
47	7
50	10
53	1
58	2
60	11
62	5
65	14
68	6
70	15
71	9
72	7
74	15
76	3
77	1
80	12
83	1
97	14
98	3
99	15
105	8
109	4
112	12
122	4
124	9
126	13
128	10
136	11
139	14
140	4
141	5
154	3
156	3
159	14
173	4
174	1
176	9
190	4
195	11
196	6
200	12
Market 284
2	7
4	4
5	2
15	11
16	12
17	10
18	2
22	11
29	12
32	8
36	12
41	12
43	7
59	7
64	11
65	1
71	2
72	14
77	3
78	12
93	10
97	8
98	4
100	10
113	9
114	2
119	13
121	9
126	7
129	13
135	15
136	10
139	5
141	8
143	5
145	8
154	8
155	8
156	1
158	15
164	9
166	5
170	1
171	15
173	3
174	7
175	5
187	1
195	2
198	5
Market 10(F)
2	5
6	11
7	15
8	11
12	3
15	9
16	9
19	6
20	7
22	9
24	3
28	13
39	5
40	12
43	13
44	14
48	4
50	15
58	14
59	2
60	11
61	13
63	4
66	6
68	14
71	3
73	13
80	10
83	12
86	11
95	8
97	13
100	13
105	3
107	3
136	14
139	2
141	5
145	12
156	14
158	10
170	14
173	10
175	9
177	3
181	14
190	11
198	5
200	5
Market 238
1	13
2	10
11	14
15	12
19	6
20	5
23	6
24	1
28	8
29	3
38	7
39	6
43	6
44	7
45	14
48	12
62	9
65	1
66	11
97	7
99	7
103	11
156	9
157	2
187	3
192	9
200	14
Market 81
2	6
4	13
5	1
11	8
15	6
17	2
18	4
19	6
20	13
29	7
36	10
39	15
44	14
45	5
46	7
50	14
52	3
63	4
64	11
65	5
66	10
68	10
71	10
72	11
78	7
80	8
93	8
95	12
99	3
101	12
103	5
105	13
106	12
107	3
109	3
111	2
113	6
114	8
115	14
119	15
120	10
123	13
126	15
127	2
128	6
129	3
130	11
132	7
136	13
137	11
138	4
139	5
141	11
143	2
145	4
148	15
150	9
154	3
155	4
156	13
157	4
161	11
166	15
167	8
169	4
173	11
174	11
178	11
180	4
183	10
184	8
186	5
187	10
188	13
190	2
191	13
192	9
196	9
198	13
199	4
Market 275(F)
8	1
15	6
22	15
36	12
38	11
42	1
53	1
61	8
65	5
68	1
71	10
77	12
81	7
83	5
87	12
89	14
92	15
96	5
97	8
100	15
101	4
103	15
105	1
113	3
123	9
124	2
129	11
130	14
132	5
135	8
137	15
139	5
141	12
143	4
145	6
152	3
155	5
158	15
162	11
163	3
164	14
171	4
172	1
175	12
176	2
177	15
183	4
184	5
185	4
187	12
190	2
196	13
197	5
199	5
Market 110
2	11
12	12
15	3
23	12
25	12
29	7
36	11
37	2
39	11
43	3
45	6
48	2
49	8
51	5
62	2
63	4
64	6
66	14
68	8
71	9
72	5
75	8
77	13
81	15
83	5
88	7
92	12
95	3
96	7
103	7
107	1
109	2
111	12
114	13
128	5
134	13
136	15
137	6
139	14
141	1
142	2
145	8
148	10
156	15
157	4
160	1
162	8
166	6
167	10
171	4
174	9
177	1
182	14
184	14
189	11
191	3
195	12
197	3
Market 44
2	11
3	15
21	1
23	12
25	5
33	7
34	10
38	8
39	10
41	7
44	11
51	7
53	9
58	15
59	7
60	13
61	4
62	11
63	1
64	10
65	3
67	15
75	13
77	6
78	11
80	13
83	15
85	10
88	2
91	12
95	11
97	15
100	4
103	7
107	3
109	1
111	1
115	3
123	15
124	3
128	11
129	6
131	15
132	7
136	6
137	13
138	5
141	7
142	9
145	6
148	8
153	6
156	1
159	9
162	6
166	4
169	7
174	10
177	2
182	9
184	8
185	12
187	3
191	14
192	8
Market 219
3	4
4	6
5	8
7	3
8	5
9	14
12	3
15	1
20	11
22	12
24	13
25	13
28	7
34	4
36	15
43	7
45	4
47	13
51	3
52	10
60	11
63	2
66	1
70	9
71	6
72	13
73	4
77	7
82	8
84	8
85	4
87	15
88	11
90	7
92	8
95	10
97	15
99	4
100	11
103	14
104	14
105	4
106	1
107	2
109	13
111	12
113	9
115	7
120	13
122	1
123	14
124	8
125	11
126	6
128	7
129	14
131	3
135	5
143	6
147	4
148	1
154	14
155	13
159	6
162	7
169	5
172	12
173	9
174	13
175	6
177	9
179	15
181	13
182	9
184	15
186	9
189	8
191	6
194	6
196	11
198	15
200	13
Market 33(F)
2	8
5	14
6	12
7	12
14	9
17	9
18	7
19	12
22	6
32	14
36	9
38	9
39	9
43	8
44	10
45	2
50	1
51	10
55	6
62	3
64	3
66	13
68	12
70	10
71	13
77	3
79	9
80	5
81	3
82	2
91	11
94	15
95	8
97	7
99	8
103	15
106	10
109	1
111	3
119	9
121	13
122	15
123	1
124	12
126	10
129	11
130	1
131	7
133	1
135	10
139	9
143	4
147	6
154	15
155	15
156	8
157	8
159	6
164	13
166	4
167	13
170	15
171	2
173	1
176	2
179	5
182	5
185	11
191	6
195	12
199	14
200	7
Market 127
2	13
4	6
5	13
15	13
16	14
22	4
24	15
32	14
34	10
37	12
38	14
39	9
43	7
44	8
50	14
54	2
61	5
63	8
64	8
65	14
67	7
68	15
70	6
71	15
72	6
75	3
77	12
78	7
81	13
85	4
88	7
90	11
91	7
92	14
93	14
97	15
98	2
101	13
105	1
107	9
110	11
111	1
112	14
113	13
114	9
115	4
120	15
123	1
128	11
129	11
132	9
133	3
134	8
136	11
138	4
139	11
141	4
148	14
149	3
152	2
156	14
157	5
159	14
162	3
164	11
167	9
169	5
172	7
173	4
174	13
182	10
187	15
192	5
195	1
196	9
200	14
Market 147
1	8
2	2
5	13
6	11
7	8
12	7
14	10
16	4
32	2
34	8
39	13
41	14
43	12
45	11
47	4
58	12
59	9
61	12
64	5
65	8
66	11
67	15
72	5
73	9
75	14
81	10
83	6
84	2
85	2
88	8
89	4
91	6
94	8
96	2
97	3
102	5
103	4
104	5
106	6
112	7
113	1
114	12
115	7
123	15
129	7
130	14
132	8
134	13
135	7
137	5
138	3
140	2
141	13
145	2
148	9
153	15
157	6
159	2
161	4
163	8
164	8
165	4
166	2
171	4
174	4
176	13
177	12
182	10
184	12
187	2
188	4
191	7
192	7
Market 25(F)
2	12
3	2
5	12
12	9
15	9
18	7
20	5
21	10
22	8
23	14
24	3
28	12
29	2
34	6
37	15
38	2
41	3
47	2
53	8
57	9
61	11
62	11
64	13
68	1
70	8
71	15
72	2
73	6
77	9
78	11
86	11
87	9
89	15
91	12
94	1
97	2
98	12
105	9
107	14
111	10
113	9
114	5
115	13
119	2
122	2
130	8
131	1
136	13
137	12
141	4
145	9
155	3
162	11
164	11
167	6
171	10
172	4
174	9
176	9
180	4
184	6
185	1
187	3
190	4
191	10
192	7
195	4
196	13
199	7
Market 242
1	13
2	13
6	12
8	5
12	7
15	8
17	13
19	2
24	11
25	10
27	6
28	6
32	8
36	10
37	14
38	7
40	9
45	8
46	12
48	5
51	13
52	6
55	12
60	4
63	5
68	1
71	8
81	7
91	1
95	5
98	14
103	1
115	5
120	1
129	3
139	3
141	8
159	4
161	13
162	6
169	9
174	4
192	15
196	6
Market 47
2	7
4	12
5	6
6	5
11	1
12	7
14	11
16	3
17	10
18	2
22	12
23	10
24	7
29	4
34	12
38	5
44	10
48	3
50	13
54	4
57	2
60	7
61	15
62	13
68	1
70	9
71	6
77	9
82	13
89	7
91	4
95	13
97	7
99	14
103	7
105	9
107	3
109	7
110	13
112	9
113	9
115	2
118	8
126	5
132	8
133	14
135	3
136	6
137	3
141	13
143	14
150	10
157	5
158	8
162	7
164	2
166	12
171	13
174	12
175	8
176	10
179	1
181	6
182	13
183	5
184	9
186	12
187	14
195	1
196	5
199	11
200	10
Market 157(F)
3	7
10	12
12	1
15	9
17	1
22	2
25	11
32	3
43	3
46	9
48	12
53	13
60	9
61	6
65	7
72	8
73	4
74	1
78	1
81	11
83	3
87	8
88	8
91	7
95	3
100	4
101	13
107	10
111	4
118	12
122	3
123	1
126	7
127	6
128	3
129	10
131	13
132	13
134	15
136	7
137	9
138	12
145	4
148	10
150	6
153	8
157	2
159	4
161	15
167	3
169	7
172	13
174	7
180	4
181	12
182	2
192	5
199	4
200	7
Market 73(F)
3	11
5	8
15	15
22	10
23	7
24	15
33	10
36	4
40	15
42	13
50	14
52	8
53	15
58	15
60	1
61	14
62	5
71	9
75	4
80	12
81	9
88	13
98	9
101	15
105	5
107	12
113	2
118	13
120	4
132	8
137	2
138	5
139	9
143	6
145	6
150	9
153	4
157	15
158	2
159	4
170	7
171	11
173	5
175	8
177	5
181	8
183	15
185	3
190	5
Market 41
3	12
4	9
6	12
9	9
11	4
16	7
18	8
21	11
26	2
28	12
32	7
34	15
38	3
45	14
46	6
47	4
48	5
50	14
53	1
58	6
62	4
68	13
71	13
72	9
78	14
80	4
83	5
87	12
91	14
94	2
95	13
98	3
101	4
107	11
120	14
122	7
124	6
126	10
132	1
135	1
138	14
140	5
148	13
154	12
159	9
172	14
174	15
183	4
192	10
195	11
199	2
Market 280
2	11
4	11
5	7
11	15
16	5
17	10
18	4
21	6
22	5
25	3
29	11
38	9
41	12
42	9
47	4
48	2
53	5
58	15
59	11
60	3
62	9
63	13
65	15
66	11
68	8
72	4
78	9
81	11
99	4
103	10
106	3
107	10
113	9
114	2
138	7
141	1
145	1
166	1
169	7
171	11
174	4
175	7
192	10
200	3
Market 193(F)
1	15
4	13
5	2
12	15
20	5
22	5
28	6
29	5
38	13
43	8
54	11
61	15
63	10
65	12
66	2
71	1
72	12
77	9
80	12
81	5
83	4
87	12
93	4
94	4
99	9
100	4
101	1
103	10
107	11
111	14
112	6
114	15
120	4
122	3
123	5
124	10
125	10
126	13
128	13
129	10
131	8
133	1
134	15
135	11
138	10
139	9
148	2
150	14
155	11
157	3
158	11
159	6
162	7
164	2
166	15
171	5
175	9
176	4
180	15
182	4
184	1
190	11
191	7
196	5
198	5
Market 2
12	12
15	12
16	9
42	10
44	4
50	14
53	6
57	11
58	14
62	4
63	2
65	14
97	12
103	9
139	1
155	9
156	15
157	2
169	6
187	14
200	15
Market 37
2	3
16	13
18	15
20	2
21	15
25	15
32	8
33	6
34	11
39	4
40	3
41	7
47	15
50	12
53	7
60	11
61	12
62	13
64	9
65	8
66	1
70	12
71	2
75	3
77	15
78	5
80	12
84	8
85	12
88	3
91	6
93	5
95	15
99	12
100	13
103	13
111	15
115	3
120	1
124	7
126	1
128	11
130	5
133	14
136	6
137	9
138	7
141	5
142	7
143	5
145	5
153	13
154	14
155	10
158	10
159	9
162	14
165	11
167	14
171	9
177	10
180	13
182	1
183	8
184	5
185	14
190	4
191	10
192	5
194	1
198	8
199	14
200	5
Market 180
1	12
2	11
3	12
8	3
11	6
15	6
16	15
17	14
23	14
29	15
32	14
33	6
34	4
38	12
40	5
42	15
43	12
44	4
45	6
50	9
58	13
60	4
62	11
65	13
66	5
71	4
72	8
81	10
83	14
91	14
95	8
97	13
98	6
99	6
101	4
105	5
106	8
107	7
112	14
114	12
120	6
125	3
128	1
136	1
137	10
138	1
139	9
141	4
154	2
155	4
156	2
157	9
158	11
159	7
161	4
166	6
169	1
170	6
171	12
177	2
183	13
184	14
190	1
192	4
195	6
196	11
200	11
Market 74
1	12
2	14
7	5
10	6
15	13
32	2
38	12
41	12
45	8
48	10
58	2
59	5
62	15
63	1
66	10
70	12
72	11
77	10
98	5
99	13
100	13
105	8
106	4
126	10
129	8
131	3
136	10
141	6
143	3
150	14
154	13
157	13
158	8
159	12
182	10
185	10
Market 175
1	12
3	2
6	9
14	8
16	8
19	6
21	12
24	1
26	10
27	7
38	2
43	4
45	11
48	2
50	4
53	14
60	9
66	3
68	3
73	4
75	14
76	5
77	11
78	9
79	3
85	8
86	10
87	11
89	1
91	10
93	14
94	10
98	2
100	7
102	6
105	2
106	3
107	4
109	9
110	2
111	10
112	12
114	7
120	7
122	12
123	8
124	14
127	11
128	3
129	8
130	5
132	10
134	4
135	11
136	14
138	2
139	1
145	11
148	13
149	12
150	1
152	7
153	7
155	12
159	2
163	9
164	3
167	11
168	11
172	7
173	14
174	7
175	5
176	9
177	15
179	9
182	12
183	2
186	4
187	7
188	15
190	13
192	10
193	5
195	7
196	12
198	14
200	10
Market 136
4	2
7	4
12	9
15	5
16	5
18	10
20	6
22	5
24	15
29	4
30	11
32	1
38	13
43	3
45	1
48	10
50	6
51	3
55	7
58	6
59	4
61	8
62	9
63	3
64	15
65	6
69	7
75	15
77	8
78	5
81	2
86	15
91	2
93	7
95	2
98	5
100	9
101	14
103	9
105	2
112	5
113	4
114	5
127	6
129	9
131	12
132	15
143	15
155	4
157	3
158	2
159	8
161	2
162	4
164	4
166	1
170	3
173	6
174	14
175	13
183	8
184	2
187	11
190	10
191	7
Market 15
2	2
3	9
5	11
6	4
9	14
15	9
16	2
19	12
21	13
23	3
25	10
29	7
34	4
39	2
47	4
50	14
61	6
63	9
64	11
68	6
72	6
80	13
81	9
85	6
89	14
90	2
93	11
95	4
96	15
97	15
98	5
99	1
101	5
103	2
106	12
110	8
111	15
112	7
113	2
120	5
125	13
126	2
127	10
131	6
132	8
134	3
135	9
137	6
138	11
141	4
142	14
143	7
145	4
150	8
152	10
153	5
154	15
155	10
157	5
158	2
160	5
162	6
166	14
170	10
171	15
172	3
173	4
174	15
177	5
180	13
181	3
185	8
186	1
188	8
191	1
192	10
194	4
195	14
Market 207(F)
2	3
3	14
10	4
11	11
12	15
15	6
17	14
20	6
21	6
22	5
23	10
33	13
34	10
36	6
41	9
43	4
44	15
46	6
48	10
50	12
55	2
59	11
61	13
62	6
63	14
64	9
66	4
70	9
73	9
76	1
81	15
86	7
90	7
91	10
92	13
93	3
97	2
98	3
99	2
103	7
104	15
106	4
109	5
112	10
113	5
114	7
120	4
124	2
125	8
126	1
127	15
129	10
131	14
133	1
134	5
135	9
136	6
138	12
139	13
141	4
142	10
145	13
152	10
154	6
155	15
159	4
162	11
164	13
166	5
170	3
171	12
172	15
173	15
174	10
177	15
178	6
180	14
182	14
186	10
188	6
191	11
192	14
194	12
195	6
196	8
Market 89
2	3
5	8
8	1
10	11
12	4
16	3
20	15
22	4
23	5
24	15
29	9
38	12
43	15
46	14
48	13
49	1
50	7
55	8
61	1
62	14
64	12
65	1
66	7
67	13
68	4
70	13
71	14
73	2
75	7
76	11
82	5
83	11
84	5
86	12
88	1
93	1
94	6
95	1
99	11
100	7
102	13
103	10
106	10
108	6
110	8
111	14
112	12
113	6
115	1
124	10
125	5
128	1
129	3
130	2
131	7
132	2
139	11
142	13
143	6
145	11
147	8
149	6
150	11
153	5
154	2
155	2
156	2
157	5
158	11
161	15
162	11
164	15
166	13
168	8
170	12
171	1
173	11
174	1
175	11
177	2
181	13
182	10
183	2
184	1
190	12
191	7
192	2
194	12
195	12
196	6
200	6
Market 9
1	7
2	15
4	3
5	13
10	14
12	14
13	7
17	15
20	15
22	12
26	7
28	15
29	10
31	4
33	4
34	4
37	12
41	12
43	12
44	14
50	11
52	12
53	11
57	10
58	9
60	3
61	9
62	6
63	5
64	7
66	2
67	5
70	9
71	2
72	6
76	4
77	8
78	13
80	12
81	13
86	11
88	11
91	5
93	2
94	12
95	9
97	6
98	5
109	14
116	1
122	2
129	1
132	6
135	13
136	5
137	13
138	10
139	6
143	13
149	1
153	7
155	14
157	9
159	6
167	1
168	11
169	5
180	10
181	3
184	10
185	15
191	7
192	7
194	3
195	6
196	5
198	2
199	13
200	2
Market 101
2	1
4	12
7	15
9	2
11	1
12	10
14	12
16	10
18	8
20	5
22	4
23	8
24	3
25	2
32	4
34	13
40	11
43	6
48	10
50	2
51	7
53	8
58	11
60	1
65	2
66	9
69	7
71	3
73	9
75	15
77	9
78	6
81	8
83	9
88	10
93	4
97	3
99	10
100	1
105	9
106	7
109	3
112	6
124	15
126	2
127	15
128	14
129	4
132	8
138	9
148	4
150	5
153	8
156	2
157	1
158	5
161	5
166	11
167	12
169	8
171	5
173	14
175	10
177	8
185	5
187	6
188	2
190	2
191	1
192	10
195	13
200	11
Market 273
2	3
10	7
12	9
15	14
17	12
20	12
21	6
25	3
26	12
28	14
32	9
33	2
36	2
39	14
40	5
44	7
45	1
47	11
48	12
51	2
52	9
53	7
60	15
64	6
65	9
68	10
70	12
72	13
76	6
80	4
81	11
85	6
87	11
89	4
90	2
94	9
95	13
97	13
100	6
101	14
107	8
113	10
114	6
115	12
120	10
123	13
124	8
126	9
128	5
129	15
130	5
136	13
137	10
138	2
141	4
143	15
145	11
148	8
152	6
154	15
158	8
159	10
161	1
162	8
166	1
169	14
172	13
174	8
176	5
185	5
187	6
188	1
190	14
192	12
195	14
200	2
Market 111
1	8
3	15
4	9
5	4
12	1
15	1
16	11
19	11
21	2
22	14
24	5
28	3
29	3
32	14
39	9
42	10
43	13
44	9
45	4
47	5
48	11
50	5
53	3
55	8
58	10
61	14
62	6
63	7
64	3
66	11
68	12
70	2
71	4
74	3
77	4
78	13
80	9
81	6
85	7
87	3
92	3
95	9
96	13
97	10
98	10
106	1
107	3
109	14
111	9
113	10
115	2
123	11
124	11
128	1
130	6
135	13
138	8
139	8
140	15
141	3
142	11
143	7
145	8
148	11
151	7
155	15
156	7
157	12
161	13
163	5
167	15
169	13
171	15
174	14
175	10
176	3
180	5
182	8
183	4
187	8
190	6
195	9
196	3
197	8
200	6
Market 75
4	8
8	5
10	11
12	5
15	13
16	7
20	2
23	4
25	13
26	6
28	14
32	7
34	5
40	9
41	2
43	14
44	8
45	9
47	15
48	3
52	13
53	2
58	5
59	3
63	5
64	8
66	8
68	10
75	10
77	3
78	10
80	11
81	13
82	3
83	5
84	12
89	1
93	6
94	1
95	15
98	4
103	3
107	1
110	12
111	9
113	5
115	14
116	10
120	7
122	7
124	2
126	14
127	1
129	11
130	13
131	5
135	6
136	11
138	13
139	3
141	7
142	9
143	3
145	9
150	10
153	5
154	9
155	15
156	4
161	3
162	3
165	3
166	3
168	5
170	2
173	9
174	2
175	10
176	14
177	13
179	14
181	4
182	14
190	2
191	6
192	10
194	12
195	6
196	15
199	6
Market 286
1	8
2	14
5	5
6	7
15	6
17	2
29	5
43	8
44	15
49	4
57	7
58	14
60	13
63	12
65	13
71	11
72	5
83	3
106	9
139	9
141	7
156	5
157	1
159	2
171	5
174	7
187	14
190	10
192	11
195	15
200	5
Market 8(F)
1	15
5	2
6	15
8	14
14	3
16	14
17	10
23	10
25	2
31	11
32	15
44	13
46	8
58	2
59	4
60	7
63	6
72	9
103	15
139	15
141	10
174	13
192	13
Market 134(F)
2	1
8	13
12	4
15	4
17	15
20	5
22	15
24	1
29	8
37	6
39	12
44	1
45	7
49	1
52	1
53	11
59	6
60	11
65	9
68	5
72	2
97	13
99	6
103	3
139	4
159	8
171	4
174	12
187	6
192	3
Market 267(F)
1	12
5	15
7	15
10	12
12	6
14	7
15	5
16	4
22	5
23	10
28	1
29	11
36	8
37	15
39	7
40	3
41	1
44	6
45	13
51	12
53	6
62	6
64	6
66	10
70	11
71	3
72	7
74	11
77	6
78	7
80	15
83	3
85	11
87	11
90	10
91	14
95	11
97	5
99	4
101	10
103	4
104	4
106	9
107	1
109	12
111	3
115	7
122	2
126	9
132	2
133	15
136	9
138	9
139	14
141	7
145	2
152	12
154	12
157	9
161	12
162	8
163	12
166	3
172	2
175	6
176	9
180	8
187	4
188	2
191	7
192	4
193	13
195	4
Market 51
1	7
4	6
6	11
12	13
17	12
18	15
19	6
20	11
22	12
23	2
28	14
32	6
33	10
40	8
42	3
46	5
50	11
51	6
52	8
53	13
58	13
63	11
64	6
71	2
73	7
76	2
78	6
86	12
89	4
91	8
93	3
97	14
100	3
109	9
112	15
113	8
114	14
115	6
120	3
124	9
125	12
126	11
131	12
138	3
139	6
142	2
143	11
145	2
148	10
150	14
153	13
158	15
159	5
160	7
162	15
166	7
168	8
169	11
170	4
171	9
174	11
180	15
181	11
182	4
183	5
189	7
195	15
197	12
198	3
Market 20
1	9
2	4
6	9
11	15
12	7
15	9
17	1
28	2
29	15
32	8
38	5
39	14
45	6
51	1
54	10
58	3
61	12
62	4
63	5
66	11
71	9
72	6
77	12
81	5
83	8
97	15
99	4
100	11
101	9
106	2
107	5
114	5
123	11
128	13
132	1
139	1
141	2
145	14
159	5
162	11
166	3
192	10
200	9
Market 181
3	9
5	11
12	6
15	3
18	12
23	10
26	9
29	14
38	14
44	1
53	5
59	7
63	13
64	5
70	8
71	4
74	14
77	5
78	9
81	6
83	15
84	10
93	15
94	15
97	1
98	5
106	2
107	6
112	14
114	14
119	6
120	13
121	5
124	1
126	6
129	3
130	4
133	3
135	2
137	14
141	9
148	9
154	5
155	9
165	1
166	2
173	8
174	12
175	9
176	6
181	10
182	2
183	14
185	1
186	2
187	10
190	14
192	6
195	1
196	15
199	11
Market 90
1	11
5	15
6	11
7	1
15	12
19	8
20	15
23	15
25	7
33	8
39	2
45	8
46	3
50	4
52	12
53	9
58	5
59	4
62	13
65	15
83	11
97	15
103	1
136	5
156	2
157	12
169	9
174	15
187	8
200	9
Market 203
1	7
3	15
8	12
9	14
12	6
16	9
20	6
21	11
23	4
24	1
38	8
44	8
51	4
52	8
53	8
58	7
59	8
60	2
61	7
63	14
64	12
67	7
71	4
72	9
74	11
75	4
77	5
78	15
83	1
86	12
87	15
90	11
91	4
94	14
95	3
97	10
99	12
101	4
103	7
104	15
105	14
107	12
109	14
110	14
113	3
114	5
115	7
118	2
120	1
122	13
123	3
124	2
126	4
130	3
133	15
134	4
138	14
139	2
141	1
143	3
145	11
148	15
150	15
152	1
154	2
155	8
159	13
161	10
163	10
164	11
166	7
167	3
170	13
171	13
175	1
176	11
177	7
181	2
182	10
183	7
184	11
185	1
188	13
190	3
192	9
196	8
198	7
200	6
Market 113
1	14
2	5
6	8
10	11
12	11
14	2
15	15
18	3
23	13
28	3
29	7
32	10
38	9
44	13
48	12
50	6
57	12
58	14
61	1
62	1
63	3
64	2
67	11
68	14
71	10
78	14
80	14
81	14
83	9
85	15
90	5
95	7
97	7
101	14
106	1
107	15
109	11
113	10
114	10
120	4
123	15
124	2
126	8
128	10
129	8
133	5
135	10
137	5
138	9
141	14
142	2
145	14
152	9
156	8
157	14
159	12
162	10
164	11
169	14
172	3
174	1
175	9
177	7
180	9
185	12
187	15
188	4
192	9
195	8
Market 204
1	12
5	5
18	6
20	3
23	7
26	8
32	6
39	15
44	9
45	15
50	4
62	12
65	14
71	5
72	2
97	11
103	3
139	11
187	7
190	14
200	3
Market 294(F)
2	2
10	11
24	8
25	4
32	12
33	5
41	11
50	9
52	11
58	12
62	2
65	1
66	11
72	2
83	7
91	6
97	11
99	10
100	9
113	4
114	15
123	8
131	4
136	9
137	8
138	4
145	1
155	3
158	2
166	5
169	1
171	15
173	15
190	12
192	14
196	11
200	2
Market 140
1	4
2	1
5	1
7	6
10	12
18	4
19	9
23	9
24	4
32	15
39	15
44	12
45	5
46	15
51	3
59	10
61	13
63	13
64	8
66	4
68	4
71	6
73	9
76	3
80	12
82	5
89	3
91	10
94	5
98	3
99	1
100	13
103	11
105	8
109	8
112	10
128	9
129	10
131	1
133	8
137	2
139	13
143	11
147	1
154	14
155	7
156	1
159	6
161	9
162	15
167	3
170	8
171	3
173	1
176	15
182	5
183	12
185	14
187	10
190	13
192	3
195	5
196	14
199	10
200	14
Market 148(F)
3	12
5	11
10	15
16	14
17	4
20	15
22	14
23	15
26	5
41	10
47	13
50	8
63	4
65	12
68	5
103	13
129	8
139	11
157	14
159	11
169	14
200	14
Market 155
2	4
3	5
7	11
8	11
10	4
12	13
16	8
18	6
21	13
22	10
23	11
24	9
27	6
31	9
32	9
35	14
36	3
40	12
42	9
45	12
47	8
48	8
50	7
51	15
52	14
55	8
58	12
59	5
61	11
63	1
64	12
67	13
68	15
70	14
72	5
75	3
80	6
81	4
83	4
90	9
91	11
95	13
97	6
105	1
107	11
113	4
114	5
115	2
123	9
126	4
130	2
132	7
133	3
136	15
137	7
138	13
141	5
154	11
155	9
156	12
157	14
159	5
162	1
166	8
167	11
169	14
171	10
172	8
175	1
184	14
187	7
188	13
190	5
191	13
192	8
194	7
Market 250
1	8
2	13
4	10
11	14
15	1
16	10
22	15
23	12
28	14
29	6
36	3
38	1
42	6
43	2
48	4
55	3
62	10
65	8
66	4
68	13
72	7
76	1
97	10
99	8
100	5
111	9
126	4
129	13
135	5
139	12
143	1
154	11
157	7
158	2
159	7
161	13
169	12
171	4
174	2
183	15
187	5
190	9
192	12
195	1
196	4
200	15
Market 279
1	5
7	2
18	3
22	1
23	13
28	10
29	5
38	4
39	8
48	12
51	2
59	7
61	1
65	8
66	12
70	6
76	7
77	3
78	4
80	9
83	7
87	5
95	8
98	12
99	10
102	14
103	5
105	8
106	6
107	4
109	13
111	12
112	2
113	7
114	14
115	4
123	13
124	4
127	14
131	13
136	4
139	4
145	4
150	10
154	13
156	6
162	10
170	4
171	12
173	1
175	13
180	6
185	11
187	7
191	5
192	8
195	9
200	13
Market 229
2	5
5	13
16	11
17	4
23	3
29	5
38	12
44	4
57	2
61	15
62	12
64	2
66	6
68	12
72	2
73	1
76	5
80	4
83	9
91	5
93	10
94	7
98	5
99	14
101	3
102	8
103	13
107	13
115	5
131	15
136	14
157	1
158	14
159	7
162	8
165	7
175	5
180	3
182	10
187	15
188	2
190	5
192	15
195	12
Market 274
2	8
5	9
6	5
8	5
12	6
28	2
31	13
32	3
33	15
34	4
44	10
46	15
47	6
58	5
60	1
72	13
81	9
114	4
120	13
129	7
156	7
Market 202
1	2
2	10
12	8
15	15
16	14
17	11
18	8
23	3
36	7
38	10
43	14
47	7
48	10
53	15
64	9
65	5
83	11
107	7
113	14
114	2
120	4
128	1
132	14
138	9
139	7
166	6
185	1
192	12
200	2
Market 135
2	8
7	10
18	4
23	13
24	13
25	13
32	8
39	6
44	10
45	7
52	15
58	3
59	4
61	15
62	3
66	14
67	3
68	10
80	1
83	10
88	13
91	4
95	3
100	7
101	15
106	2
107	12
111	7
113	14
114	14
115	4
124	11
125	4
126	8
131	6
132	8
133	8
137	10
138	15
139	1
149	6
153	2
157	15
161	12
164	12
171	1
180	4
183	5
185	13
190	8
191	9
194	5
199	11
200	9
Market 211(F)
2	11
4	15
12	4
13	12
15	3
17	12
28	10
29	3
38	1
43	1
48	13
49	9
55	1
56	4
61	1
65	13
70	9
77	15
81	3
88	5
90	13
91	8
94	6
95	11
98	14
100	12
105	13
107	12
109	2
110	7
117	10
130	6
131	6
132	12
134	8
135	3
136	1
141	13
145	12
156	13
157	12
159	4
161	7
162	11
172	10
174	6
177	5
180	12
188	14
190	3
193	11
196	9
197	8
200	8
Market 291(F)
1	6
2	8
3	13
4	7
5	3
6	6
10	11
12	10
13	3
16	2
17	5
22	4
23	10
28	8
36	7
41	9
44	13
48	13
57	3
61	3
63	6
65	15
69	2
77	15
78	6
80	3
91	2
95	14
97	4
98	14
99	13
101	14
103	9
107	5
109	4
110	5
111	11
113	8
120	4
123	5
124	15
125	4
126	11
129	5
131	13
132	8
139	6
141	4
142	1
150	8
156	3
157	6
158	1
159	2
160	15
166	1
170	3
171	9
172	2
174	6
175	9
181	15
182	14
186	3
187	14
188	6
190	8
191	5
192	7
197	5
200	14
Market 5
3	3
4	15
15	6
18	6
22	5
26	15
31	13
33	3
36	13
38	7
40	13
44	2
46	8
47	7
48	6
50	2
52	8
62	15
64	10
65	4
68	4
71	6
77	8
80	8
84	10
87	13
98	8
100	7
103	2
111	7
112	14
114	4
128	3
130	11
136	2
137	5
140	1
143	9
155	9
156	11
157	12
167	11
169	10
170	6
171	8
179	15
187	8
190	11
199	6
Market 24
2	15
15	7
16	14
18	13
22	6
25	13
28	12
30	2
36	10
38	11
39	14
42	1
44	8
51	12
53	1
55	13
59	15
62	10
63	8
72	6
157	3
159	8
192	3
Market 169
3	11
4	7
7	2
8	7
14	5
15	2
16	2
19	11
21	13
24	4
32	12
41	4
47	2
58	12
59	12
63	15
65	4
66	4
70	4
75	12
77	4
92	8
100	8
101	5
103	14
104	10
107	2
115	13
123	10
124	15
132	11
133	9
135	14
141	11
145	2
152	5
155	2
156	3
159	8
162	9
172	10
174	6
175	1
177	12
182	4
185	2
187	14
188	11
190	12
197	8
Market 199
1	8
6	1
8	12
12	10
18	5
25	13
32	8
33	10
38	11
44	5
45	7
51	10
52	7
58	4
60	11
64	7
65	6
72	3
73	11
76	6
78	10
80	3
86	2
88	15
89	1
91	6
94	13
99	11
102	1
105	15
109	7
111	9
112	9
114	6
120	2
124	1
126	3
129	9
130	8
131	7
133	6
134	13
136	9
137	11
138	15
139	7
141	13
147	1
153	9
154	6
157	5
159	11
162	6
171	3
173	7
175	6
177	10
180	4
181	2
183	2
194	9
195	9
199	2
Market 216
2	5
3	15
4	7
5	8
15	14
17	14
21	14
24	2
26	9
32	8
34	2
41	14
43	15
48	5
50	3
55	6
58	11
65	13
68	10
81	6
99	12
103	9
120	5
162	4
169	13
192	4
Market 170
5	13
8	1
9	13
12	12
15	14
18	1
20	9
21	5
29	14
33	8
34	9
37	13
38	2
40	15
43	3
46	14
47	4
50	3
52	11
53	12
55	3
71	6
76	6
81	5
97	10
111	7
115	4
129	14
130	11
133	14
136	4
155	1
156	10
158	7
159	8
161	12
174	8
185	10
190	13
195	1
200	10
Market 174
7	13
8	2
13	5
14	2
15	14
17	3
20	9
23	10
24	9
25	8
33	6
44	10
50	2
51	7
52	7
61	15
65	1
66	6
71	3
77	15
100	8
101	8
103	4
106	12
107	2
114	1
128	11
133	13
135	14
155	5
157	7
171	4
174	10
175	13
182	3
187	2
192	15
195	6
196	14
199	6
200	3
Market 290
8	12
15	4
22	2
33	11
38	1
40	5
44	14
46	9
50	2
51	6
58	7
59	1
60	1
62	2
66	12
67	10
68	13
95	12
97	6
103	8
106	15
107	3
113	6
129	9
132	5
139	6
145	4
157	14
159	15
166	3
174	7
175	8
183	4
185	14
187	15
192	6
Market 241(F)
1	8
2	9
4	9
5	14
17	14
20	10
21	11
22	6
24	11
27	12
29	7
31	5
34	1
37	4
38	7
40	8
41	6
43	5
46	4
48	3
49	5
53	11
61	6
62	1
63	9
72	1
75	2
77	3
78	10
83	8
86	12
91	11
95	3
97	7
99	5
100	4
103	12
106	12
107	12
110	12
113	1
114	9
117	7
120	15
123	13
127	4
128	7
134	14
150	2
158	5
164	15
166	8
170	3
183	1
185	14
192	13
198	6
Market 42
2	7
7	11
9	8
12	11
18	10
25	13
31	4
32	6
34	5
39	13
44	5
50	3
51	11
58	13
59	13
61	12
66	9
72	4
81	13
103	7
106	8
113	2
139	9
159	7
162	11
171	14
187	3
Market 195
1	1
5	12
7	5
11	12
13	12
17	15
18	1
31	5
36	3
37	2
43	2
44	8
48	7
50	3
51	5
55	2
59	1
61	10
68	10
71	11
72	1
76	2
77	14
78	8
80	7
81	11
83	3
85	13
89	14
90	9
94	4
96	5
103	8
105	6
107	2
109	10
111	11
112	7
114	3
115	2
120	15
126	12
129	2
130	11
131	12
133	15
135	5
137	13
138	7
139	7
140	2
142	6
155	3
159	14
161	13
165	10
166	11
169	9
171	1
172	8
174	8
175	11
180	6
182	1
183	8
187	10
188	15
190	5
192	4
193	1
196	5
Market 57(F)
2	3
4	11
6	4
12	13
14	3
16	4
17	5
18	15
22	13
23	8
24	8
25	10
26	5
27	3
28	4
31	15
34	3
36	3
38	15
41	6
42	3
44	1
48	14
53	10
58	8
62	11
64	15
65	5
67	15
72	13
73	10
75	7
78	5
80	2
83	14
85	2
86	10
88	1
91	7
93	2
95	9
97	3
98	2
101	6
103	15
105	4
106	7
109	6
110	11
111	13
112	10
115	6
123	3
124	9
127	13
131	3
132	14
134	13
141	13
149	12
153	7
154	5
157	5
159	1
166	14
167	13
168	3
170	13
171	4
172	7
173	10
174	11
175	8
180	2
181	10
183	13
185	1
187	7
188	7
190	12
191	15
192	6
194	15
195	1
196	14
198	15
Market 14
2	7
8	13
10	5
21	11
29	1
53	5
60	3
61	9
65	11
66	7
70	6
71	4
76	9
77	13
81	14
83	11
91	9
93	10
97	4
98	15
105	14
106	7
108	12
115	3
121	7
133	12
135	8
139	7
141	4
143	6
145	13
150	3
154	9
157	4
158	5
166	10
169	7
171	3
183	13
186	4
191	7
198	6
Market 187
1	12
3	6
8	12
10	1
12	7
16	4
20	4
21	12
25	9
28	12
34	9
43	12
46	12
47	14
50	9
58	1
60	6
61	14
63	8
66	8
68	4
72	4
73	9
76	10
77	10
78	11
80	2
81	10
83	1
85	5
86	12
88	6
95	3
96	5
98	14
99	13
100	1
101	6
102	10
103	11
108	15
109	15
111	10
114	12
126	12
128	2
129	8
130	8
131	11
132	8
135	10
137	15
138	5
141	13
145	5
148	5
150	15
153	13
154	15
157	2
159	9
161	3
164	1
165	9
167	5
169	15
170	11
173	12
174	2
177	3
180	12
182	12
184	14
185	11
187	2
189	9
190	1
199	15
Market 254
1	7
2	8
5	2
6	14
14	6
15	14
18	15
19	7
20	7
23	15
24	5
29	12
32	14
44	11
57	6
65	4
70	1
71	15
72	13
81	14
97	6
99	9
111	4
115	1
126	2
129	9
136	14
156	11
174	4
185	11
190	6
196	12
200	12
Market 252
1	3
2	3
4	12
5	9
15	12
17	6
18	2
23	3
38	2
55	6
58	13
129	6
174	1
185	10
200	10
Market 67
5	10
6	5
13	10
14	13
31	8
33	5
38	9
44	8
46	2
51	15
58	5
59	13
62	15
64	7
65	7
68	7
69	12
70	2
73	8
76	12
80	13
86	14
89	9
91	15
97	7
100	1
105	11
106	14
111	6
113	4
114	6
119	6
127	8
128	6
129	13
132	6
134	7
136	15
138	11
143	13
150	14
153	3
154	4
155	14
156	12
161	3
162	9
164	6
170	9
171	13
174	8
181	13
183	9
184	6
185	3
187	3
190	3
196	10
198	8
Market 233
3	4
6	13
14	6
16	2
17	7
18	5
19	10
24	9
25	2
32	3
34	14
40	4
50	8
52	12
53	6
62	5
63	1
64	5
65	13
68	5
77	5
78	15
80	7
83	15
85	2
88	14
92	7
95	9
96	12
97	6
100	9
103	1
105	4
106	12
107	8
113	6
114	2
115	2
120	12
123	15
124	13
128	11
129	6
131	10
134	2
136	7
137	8
139	8
142	15
145	9
156	7
159	3
166	12
168	9
169	11
171	5
173	4
174	3
183	7
184	11
185	12
191	9
198	12
200	1
Market 212
5	8
10	3
15	5
16	1
17	15
21	2
23	7
25	10
33	14
41	5
44	15
47	6
53	10
58	11
63	8
64	3
65	5
72	14
100	6
103	10
106	2
139	15
159	15
162	13
166	9
174	5
200	6
Market 39
2	7
3	8
4	13
5	6
10	4
12	3
18	6
23	1
28	14
31	12
34	5
38	12
40	11
44	6
45	2
50	4
59	14
60	9
62	9
64	3
66	7
68	15
71	15
72	2
73	10
78	2
80	7
81	15
85	10
86	7
91	6
93	10
95	1
99	6
100	5
105	5
106	9
107	10
112	14
114	11
119	5
120	15
121	13
125	5
126	6
127	7
128	3
130	8
135	12
136	13
137	9
139	5
143	9
148	8
154	5
155	13
156	9
159	9
161	10
162	1
164	14
166	8
167	4
170	3
171	15
173	13
179	15
184	10
186	7
188	15
190	9
198	11
200	1
Market 231
1	2
2	10
6	7
7	4
10	7
14	6
15	13
16	5
20	13
21	14
22	15
23	11
26	13
29	10
34	6
36	5
37	9
38	11
39	1
47	14
57	14
58	12
59	11
60	14
61	9
62	3
64	10
65	7
67	7
68	9
70	10
75	8
77	13
78	15
83	11
85	13
88	10
91	9
93	9
94	10
97	9
101	5
106	11
109	3
111	3
113	11
114	6
120	9
124	6
129	8
133	13
137	6
138	2
139	4
148	5
152	3
153	2
157	14
158	11
159	10
161	11
164	11
167	2
169	1
173	15
174	5
175	12
176	14
177	15
181	13
182	10
185	3
187	4
188	1
192	4
193	3
194	12
195	14
196	7
198	5
199	2
Market 235
3	9
4	12
8	13
10	8
12	2
15	12
20	3
21	2
23	5
24	9
26	3
29	7
32	4
41	12
45	3
51	5
53	10
61	7
62	10
65	1
66	11
68	12
69	4
70	9
71	11
72	4
73	7
81	13
83	5
86	1
87	5
89	9
93	13
94	14
97	3
98	12
99	5
103	12
106	11
111	9
112	11
123	11
125	5
126	7
127	14
130	5
132	9
133	8
134	13
141	2
150	9
154	4
155	13
156	5
159	13
161	7
166	4
167	12
170	6
171	10
173	14
177	2
180	15
181	10
183	10
184	11
186	11
190	4
191	8
Market 269
2	6
3	3
4	13
7	13
15	13
20	15
23	9
41	11
46	5
51	7
65	5
68	8
69	10
75	10
81	14
91	1
93	15
95	6
106	11
107	12
110	5
113	7
114	7
123	7
132	3
136	5
137	10
138	10
139	7
153	4
155	9
156	2
161	4
162	15
166	14
171	15
174	5
175	12
185	12
187	1
190	2
191	8
192	3
200	11
Market 192
6	3
8	11
12	15
16	10
18	7
19	2
20	4
23	7
24	3
25	6
28	2
32	11
33	9
40	13
42	1
44	4
48	5
50	1
51	9
53	4
58	13
60	1
61	8
62	13
63	8
66	3
71	12
75	9
77	8
78	3
83	11
88	9
93	13
97	8
98	14
99	11
106	9
107	8
111	9
114	2
116	11
120	15
126	5
128	10
129	1
131	5
132	1
134	14
139	9
141	5
145	8
149	5
155	4
164	1
166	1
168	15
173	15
177	3
181	15
183	8
185	7
192	4
194	15
Market 264
1	11
2	14
4	7
11	2
15	10
21	13
26	14
28	10
34	13
36	10
41	5
47	6
48	5
50	14
58	11
62	14
68	4
72	10
80	6
83	2
85	12
97	6
99	1
101	14
103	13
107	2
109	14
115	15
120	1
126	10
129	14
139	14
141	11
148	5
157	8
166	3
169	5
174	4
180	8
195	1
Market 248(F)
2	14
8	1
10	7
11	11
17	6
22	3
23	12
24	7
26	10
28	1
40	14
42	13
44	13
47	5
50	1
52	15
53	11
54	6
55	14
58	8
60	7
65	9
81	1
103	2
129	7
135	9
155	7
156	10
187	13
192	9
195	14
Market 239(F)
2	4
3	6
4	15
9	9
11	11
15	9
16	6
17	2
18	3
20	14
21	3
25	11
26	14
28	2
33	7
36	14
41	1
43	14
47	2
61	4
62	5
64	7
67	5
68	6
70	6
71	5
72	10
77	3
80	3
81	13
88	11
90	9
92	4
94	13
95	2
96	11
99	11
100	5
101	7
104	11
105	1
106	1
107	15
111	6
114	13
115	1
120	6
126	9
133	15
134	7
135	14
136	2
137	9
139	13
145	6
148	1
152	11
153	1
156	14
157	6
160	9
162	5
164	4
169	7
171	12
173	6
174	1
175	4
177	14
182	13
184	11
185	1
188	10
191	15
192	11
200	8
Market 99
17	11
19	1
20	9
22	3
38	4
44	14
58	10
62	12
65	11
66	10
68	9
69	5
71	14
73	7
78	4
85	12
86	7
89	12
92	10
95	11
98	7
105	9
106	8
107	1
110	7
113	14
118	10
123	10
124	15
125	15
127	4
129	14
130	1
131	7
133	2
141	12
142	4
148	8
152	8
155	11
156	8
157	10
167	2
169	8
172	12
174	9
175	4
177	13
180	10
194	15
196	14
197	9
198	13
Market 158(F)
1	1
5	3
7	4
18	9
23	9
31	12
33	8
38	3
44	4
50	8
58	5
62	12
65	15
81	11
103	15
129	2
139	9
174	9
187	7
200	8
Market 119
2	10
7	15
12	13
15	7
16	2
17	1
20	15
22	1
24	6
25	10
28	11
32	11
38	15
39	3
43	14
44	11
48	6
53	2
59	15
60	15
61	4
63	5
64	8
69	6
71	14
72	12
74	11
77	14
83	6
85	1
86	9
94	12
95	12
96	2
97	11
100	5
103	9
106	2
111	3
113	9
114	6
118	10
122	5
123	9
127	8
130	15
133	10
134	11
137	13
141	15
143	12
145	13
148	14
153	7
156	1
157	5
158	1
159	8
161	1
163	1
164	8
166	14
167	2
173	9
174	7
176	5
177	6
180	15
184	4
188	2
192	9
193	12
196	11
200	2
Market 85
2	11
8	9
12	11
17	13
20	4
24	7
25	14
32	13
33	6
38	3
39	13
40	14
46	6
50	11
51	6
57	2
60	1
66	12
70	7
77	5
80	3
81	12
86	14
90	10
91	15
97	2
98	7
99	15
103	4
104	9
105	15
107	9
111	1
114	15
115	12
120	11
126	13
128	8
129	1
130	14
132	10
136	1
137	10
138	9
141	12
142	2
145	12
148	9
152	6
155	11
157	11
160	11
164	5
166	6
172	13
175	2
182	14
183	9
184	15
185	8
187	4
194	14
195	14
200	13
Market 295
1	3
2	8
4	11
6	14
14	9
15	11
23	2
24	8
28	13
32	12
43	5
48	2
50	5
55	7
57	7
61	13
66	6
68	15
70	11
72	7
75	5
78	10
83	10
85	6
88	5
92	5
96	13
97	15
101	13
103	15
106	7
109	7
113	13
114	5
120	4
123	8
128	1
130	14
132	10
136	14
139	11
141	6
152	15
154	8
155	14
156	11
157	1
158	7
159	3
163	10
166	4
172	9
175	8
182	4
183	4
184	15
187	8
188	4
190	7
192	8
193	10
Market 139(F)
1	13
4	4
8	8
11	10
12	2
20	3
22	6
23	12
26	5
33	4
36	5
42	15
46	8
48	10
52	14
53	12
60	14
63	13
64	7
65	13
66	5
70	7
71	11
74	4
76	2
80	5
81	5
89	2
95	3
97	10
98	15
99	15
101	13
105	1
107	7
109	10
112	3
114	14
122	9
124	11
126	13
128	8
129	2
131	3
132	8
136	15
137	15
140	11
141	8
154	11
156	9
163	1
165	12
166	1
171	4
172	15
173	4
180	10
182	9
183	7
190	9
192	9
193	4
200	13
Market 262
1	14
2	13
5	3
6	14
8	2
12	4
14	7
15	4
18	2
20	9
22	10
28	4
31	11
33	5
34	8
41	15
50	5
52	15
53	6
57	6
60	4
61	15
62	4
63	10
71	9
73	14
77	5
78	13
81	1
93	4
97	7
99	1
100	8
105	1
106	14
113	11
114	5
136	13
137	4
141	12
156	7
157	4
158	3
161	6
164	9
166	10
170	6
171	3
174	6
183	13
184	12
190	15
196	13
200	7
Market 19
8	12
12	6
15	7
19	15
23	3
40	15
45	8
46	7
51	5
52	15
53	4
60	3
62	14
63	1
64	2
65	2
67	11
70	10
71	6
75	11
78	7
82	14
84	9
88	1
90	5
91	3
92	1
94	15
95	15
96	7
97	1
98	6
100	12
102	8
104	14
109	2
111	7
112	15
115	4
120	5
122	12
126	12
128	2
130	12
131	15
132	1
133	12
135	14
137	6
138	10
139	9
141	10
143	2
145	5
148	1
155	2
157	10
158	13
161	12
162	14
166	13
167	14
169	6
170	14
172	13
173	3
175	15
179	8
187	4
188	1
190	1
191	9
194	9
195	15
197	15
200	8
Market 124
1	10
5	14
7	14
12	1
20	11
22	12
23	1
24	10
39	10
44	1
45	5
48	13
50	12
51	5
55	15
58	2
59	3
63	8
64	4
65	2
71	8
72	9
80	6
100	8
103	11
113	14
114	13
128	4
139	1
141	8
159	2
171	15
174	6
185	9
187	5
191	6
192	3
Market 122
4	3
6	15
12	2
14	7
15	13
17	8
23	11
24	2
28	6
29	3
32	15
34	2
37	6
38	5
39	12
48	1
58	2
62	5
64	4
70	6
72	3
73	13
74	11
77	6
81	3
83	1
86	15
93	2
94	10
95	2
96	6
97	15
101	9
104	14
109	3
110	1
113	6
122	4
125	15
126	2
129	14
131	5
132	9
137	6
138	14
139	5
141	12
142	5
155	13
156	1
161	13
162	6
164	8
167	2
169	9
172	10
176	6
183	5
185	8
187	15
191	9
196	8
Market 102
1	15
2	13
4	13
5	3
7	14
11	13
15	8
17	1
22	6
23	4
29	1
31	14
32	1
38	15
39	14
43	5
50	6
53	11
54	6
59	15
63	7
64	4
66	3
70	14
71	3
72	7
73	8
76	8
80	14
81	15
84	9
87	1
91	7
97	2
102	12
109	15
111	6
115	9
122	11
124	7
128	3
129	10
130	13
133	6
135	2
137	11
141	2
150	14
157	14
161	4
167	13
171	4
182	3
190	9
192	11
195	1
199	2
Market 78(F)
2	8
6	8
7	11
8	4
12	3
15	5
16	7
19	4
21	15
25	2
39	6
40	10
44	14
47	15
50	8
52	2
59	5
65	12
68	1
80	3
81	7
128	9
129	5
136	14
155	4
156	10
157	11
174	7
192	5
Market 146
3	11
4	9
8	6
15	14
18	13
20	7
24	15
26	2
33	4
38	1
39	5
40	1
41	3
45	5
46	11
51	12
52	12
63	5
65	2
68	4
71	3
72	5
83	15
91	14
103	5
106	7
141	14
156	5
157	8
166	3
174	3
187	10
195	10
Market 150
2	9
3	15
15	6
17	7
18	6
21	9
22	8
23	12
50	14
52	10
55	6
60	15
63	14
65	15
66	8
68	12
71	15
72	4
74	1
80	4
87	14
90	10
94	15
98	11
114	8
120	3
122	3
124	9
130	3
135	2
139	13
145	3
148	3
155	11
156	15
157	1
158	4
161	2
166	13
167	4
169	3
171	1
174	15
176	11
180	14
182	7
185	11
188	13
192	15
Market 93
1	13
2	8
4	9
10	12
12	13
16	10
18	12
21	8
22	1
26	15
29	6
36	5
38	12
39	4
41	11
42	10
44	9
48	15
50	10
53	4
55	4
61	9
67	13
68	10
75	1
77	2
78	8
80	2
81	11
83	9
85	8
91	7
92	6
95	10
99	14
101	10
103	10
105	14
106	7
113	4
116	3
120	1
123	1
128	13
129	13
131	12
136	7
139	10
141	15
149	4
153	6
156	8
159	8
161	14
164	8
166	9
169	15
171	14
175	2
181	15
183	8
191	12
194	4
195	12
198	4
200	11
Market 118
5	2
6	13
11	13
12	14
14	1
17	5
19	14
22	9
38	1
39	11
42	12
44	5
48	5
49	5
55	4
57	10
66	14
72	14
91	14
97	6
136	2
156	7
187	2
192	7
Market 206
5	1
8	8
16	9
17	10
19	7
22	1
26	2
32	1
34	11
36	11
43	13
44	9
45	11
47	10
51	8
53	9
55	9
58	14
60	8
65	14
66	13
68	2
72	5
73	13
77	11
84	2
87	9
95	2
100	4
102	4
103	3
106	12
112	8
114	15
115	15
120	3
122	12
124	12
128	7
140	9
141	7
143	1
147	14
154	10
158	12
159	4
161	1
165	4
167	8
170	9
185	14
187	7
190	4
Market 168
2	5
5	15
8	6
11	13
12	11
17	14
18	6
23	6
25	13
28	10
38	14
40	11
46	10
54	3
58	4
62	7
63	7
106	14
113	1
139	15
187	6
192	8
Market 298(F)
2	4
4	12
5	14
7	12
12	4
16	9
17	6
18	1
21	6
23	14
24	12
28	15
31	2
34	2
38	1
41	13
44	14
45	7
47	12
50	15
51	15
53	12
61	1
64	3
66	10
67	6
70	6
71	8
77	9
78	15
81	12
87	3
90	6
99	12
103	2
106	2
107	1
109	12
114	12
115	3
123	1
126	3
128	10
129	14
133	15
135	6
139	5
142	14
148	9
152	12
154	5
156	8
157	9
162	12
163	11
167	7
174	13
175	12
176	6
184	2
185	5
188	2
190	7
192	10
196	14
199	12
Market 283
2	1
6	13
8	12
15	14
16	4
19	5
20	5
24	2
25	12
28	14
33	3
39	11
40	3
44	15
45	7
51	1
53	2
58	8
61	15
62	13
65	14
66	1
68	3
70	9
73	7
75	14
76	10
78	10
80	2
81	4
91	8
93	12
97	1
98	10
106	2
110	15
111	6
113	5
117	4
120	8
123	3
125	12
127	15
129	3
133	4
134	8
135	1
136	1
138	6
139	7
153	4
155	14
158	6
159	10
161	6
166	8
169	2
170	14
175	12
177	5
184	8
185	13
190	4
191	1
192	13
194	1
195	2
196	5
198	11
Market 38
1	4
2	2
4	13
5	11
6	12
10	3
16	14
27	8
29	15
31	10
32	12
34	1
41	13
44	1
49	15
50	8
63	12
64	10
67	3
68	10
71	12
72	11
75	15
78	15
80	3
81	1
86	8
91	2
97	6
99	12
105	2
106	11
112	9
113	6
114	11
123	5
125	11
127	8
129	12
131	7
136	13
137	13
138	1
139	15
155	15
156	2
157	12
162	8
166	10
168	3
171	2
175	6
181	3
183	10
184	14
187	11
192	1
194	4
200	4
Market 76
1	1
6	7
8	10
14	5
20	8
23	3
24	2
39	5
40	6
50	8
62	15
65	5
159	9
171	10
174	6
192	8
Market 104
1	3
3	11
4	12
5	3
8	6
12	7
16	10
17	1
18	6
23	14
31	7
34	14
40	9
47	12
48	11
52	8
53	1
55	11
60	5
65	12
67	10
68	15
78	2
81	11
103	4
107	10
120	5
128	10
129	7
141	13
145	5
156	4
157	3
159	15
166	12
169	6
174	2
187	3
195	5
Market 223
1	4
3	8
9	4
12	14
16	11
17	10
19	2
23	11
26	2
28	5
29	6
32	7
34	2
37	15
41	10
43	5
47	2
48	10
49	3
55	14
58	4
60	11
70	2
71	14
74	10
89	3
90	14
91	8
94	15
97	14
98	14
99	15
101	8
105	10
107	4
109	15
111	8
113	13
114	11
115	10
122	7
124	3
129	10
131	4
133	10
136	9
141	15
143	3
144	5
148	11
151	12
152	5
156	1
157	12
159	3
161	10
162	11
166	8
167	4
171	11
174	2
182	4
183	13
185	9
187	15
192	8
193	12
195	14
199	4
Market 179
1	11
2	1
3	9
10	8
14	11
15	2
23	15
24	4
29	7
38	13
44	12
47	12
49	11
53	1
57	4
58	15
61	7
62	1
63	8
65	9
67	2
70	11
71	7
72	2
73	9
75	4
76	2
77	13
80	13
83	8
88	10
95	4
97	4
98	14
100	9
105	12
106	5
107	7
110	13
111	11
112	11
113	6
114	3
116	13
120	5
127	2
128	9
130	15
132	9
136	5
137	3
138	14
142	2
145	12
149	2
150	7
155	14
157	12
158	14
159	5
161	11
162	9
164	9
166	7
168	1
173	9
178	3
184	13
187	9
191	14
195	11
196	1
198	3
200	5
Market 196
1	8
2	9
6	13
7	13
13	14
14	15
16	14
19	4
22	6
24	4
25	12
33	1
34	12
39	2
40	12
41	14
44	11
45	7
46	10
51	4
52	6
53	7
59	10
60	6
62	7
64	4
72	11
78	11
81	13
83	11
101	14
106	11
107	8
113	9
132	8
136	1
138	2
139	4
141	10
156	11
157	7
159	9
171	4
174	4
200	13
Market 173
1	2
3	9
5	2
10	10
11	5
15	15
25	5
26	9
34	15
38	6
43	11
54	13
58	11
65	11
71	2
72	12
73	9
76	14
82	1
83	3
86	11
89	3
94	5
98	4
102	13
103	15
105	11
106	14
111	7
113	6
126	14
129	13
131	5
135	15
137	5
150	1
154	8
155	13
156	6
158	6
159	3
161	12
162	2
165	11
171	3
173	12
179	5
185	6
186	7
190	9
195	3
196	13
199	5
Market 66
1	7
2	10
4	9
7	1
9	11
12	15
15	13
16	15
21	15
23	14
26	10
41	13
47	5
51	12
53	10
55	5
59	15
61	12
62	5
65	14
66	3
68	11
80	8
81	9
92	8
99	8
101	2
103	1
107	10
109	5
111	2
113	5
120	10
123	7
124	11
126	6
128	3
130	5
135	4
139	5
141	12
155	8
156	9
162	5
164	9
171	8
175	8
180	9
182	10
184	2
187	14
190	6
197	11
200	8
Market 95
1	13
18	1
23	4
28	14
31	15
36	6
38	6
39	11
51	12
58	2
63	1
64	15
66	11
70	3
73	14
78	10
83	5
86	7
91	14
95	2
100	1
101	12
103	6
105	3
127	3
130	4
132	8
136	5
139	2
143	8
145	5
150	4
154	11
156	5
157	4
159	1
166	9
169	10
171	11
185	1
186	7
192	3
196	6
Market 152
1	11
2	8
3	14
4	12
5	10
11	5
12	1
15	7
18	12
20	9
22	4
23	3
24	12
26	6
30	3
34	9
36	11
43	5
44	6
48	2
53	11
62	1
64	8
66	10
68	10
77	9
89	10
95	3
97	11
98	7
101	9
105	4
106	3
107	15
114	5
123	14
132	15
139	13
141	2
155	8
158	9
164	13
166	11
170	15
173	9
175	5
181	8
183	8
190	4
191	14
192	1
195	14
196	5
198	4
200	6
Market 183(F)
7	7
12	14
14	7
15	11
24	13
32	15
38	8
40	7
44	1
50	4
62	14
63	13
64	2
66	6
67	13
70	4
81	13
88	3
90	6
91	14
99	10
100	15
101	10
104	13
106	10
111	9
120	9
123	12
124	13
126	1
128	1
132	8
133	14
138	8
139	15
141	10
145	10
148	7
152	13
157	9
159	3
160	11
162	10
164	7
172	12
174	6
190	10
194	1
195	10
197	5
199	13
200	12
Market 22
4	10
5	12
12	3
16	5
17	4
18	7
22	13
23	6
28	8
31	10
37	7
44	8
53	1
57	14
58	6
72	7
80	10
81	2
97	14
111	5
114	6
115	11
126	1
129	10
139	1
155	4
169	12
200	7
Market 65
1	4
3	5
5	4
9	2
12	6
13	11
18	11
23	11
26	5
32	7
34	10
39	7
43	9
44	2
50	15
51	7
55	14
62	13
63	5
64	8
65	15
68	1
70	5
73	1
75	14
77	12
78	15
85	2
88	3
89	15
92	9
93	10
95	7
97	11
99	10
100	5
105	7
107	15
109	15
111	13
113	3
116	14
120	6
121	10
125	9
126	5
127	3
128	13
129	12
130	12
131	15
133	10
141	12
142	6
143	5
145	9
149	7
153	13
154	7
155	8
157	2
159	7
161	5
169	11
170	13
171	14
173	14
174	1
175	4
177	1
179	12
183	8
184	12
185	10
187	4
190	15
194	14
196	15
200	5
Market 92
1	10
3	8
13	4
15	4
20	9
22	5
24	15
34	14
36	4
38	10
47	1
50	11
58	4
65	9
72	11
78	14
80	6
107	4
113	13
114	10
128	7
129	13
138	7
145	5
166	9
171	8
174	13
Market 59
2	4
4	6
5	13
10	11
16	2
17	14
34	1
37	8
38	4
44	12
47	9
48	3
53	6
62	2
64	7
68	7
72	8
73	1
78	12
81	5
98	8
99	6
100	11
103	12
105	10
106	4
112	11
114	14
120	6
125	1
128	9
134	8
137	9
138	9
139	1
143	14
145	2
153	3
155	7
159	12
173	11
174	9
177	13
181	5
183	4
184	11
185	6
191	14
192	13
Market 34(F)
1	12
5	11
6	11
12	4
14	8
15	1
16	4
18	12
21	12
26	8
28	4
29	15
34	9
38	10
43	6
44	10
47	13
55	8
58	8
61	5
62	8
63	13
64	12
65	10
68	7
71	12
77	3
78	11
83	5
95	9
97	9
98	4
99	10
103	6
106	9
131	15
136	7
139	9
141	9
159	10
161	10
162	12
164	10
173	6
174	11
175	2
183	15
187	2
196	14
198	4
Market 230
4	14
11	11
12	9
17	10
22	10
28	11
36	8
42	14
43	15
44	12
47	4
58	14
60	6
65	1
68	6
71	15
81	1
83	15
97	4
101	5
106	3
114	11
132	5
139	12
156	1
157	3
192	6
195	1
200	14
Market 178
1	6
4	12
5	15
12	15
16	8
18	13
20	6
26	3
32	11
37	3
39	10
47	6
50	12
51	14
58	7
59	1
62	14
63	7
65	8
71	6
91	2
99	1
101	10
103	11
106	5
107	1
128	6
129	2
155	12
157	3
158	4
169	7
174	2
183	3
187	15
190	5
195	3
200	7
Market 130(F)
1	1
3	3
7	4
12	5
15	15
16	12
19	7
20	7
23	9
24	14
34	5
38	13
39	5
40	11
41	4
48	12
50	9
59	5
60	15
62	2
63	10
78	6
80	14
81	8
83	12
97	5
100	14
101	9
106	13
107	11
113	15
129	4
132	11
138	2
159	15
171	4
174	3
192	5
Market 79
5	7
8	6
15	2
16	3
17	3
24	7
38	10
42	10
43	10
46	5
48	14
52	5
64	3
65	5
66	1
67	12
72	10
74	2
77	11
80	12
83	4
85	6
87	14
88	14
90	11
95	13
99	2
105	15
106	6
111	5
113	2
114	13
122	9
123	14
124	15
125	15
128	3
136	8
137	2
138	7
142	14
148	1
149	5
156	15
157	1
159	8
161	11
162	2
167	11
168	6
169	9
171	14
174	2
182	14
183	15
187	2
188	10
191	3
192	1
Market 194
1	13
6	6
16	10
17	11
40	1
44	13
51	4
52	13
59	1
60	13
62	4
63	7
64	8
66	2
68	3
72	11
78	1
81	9
97	7
103	9
106	14
113	7
128	12
138	7
155	11
156	10
158	15
166	4
169	13
171	11
174	13
190	10
200	10
Market 215
1	2
4	9
5	4
12	6
17	8
18	10
22	8
24	9
28	4
31	5
36	15
38	9
39	10
44	13
45	15
51	7
58	12
59	7
65	11
66	14
67	15
68	7
73	13
78	12
79	14
80	5
81	12
83	3
85	12
86	10
94	13
95	8
96	14
98	6
101	5
103	5
105	9
108	13
109	10
111	6
112	11
114	1
120	4
121	10
122	1
126	6
127	6
128	6
130	10
132	8
135	7
136	15
141	13
142	14
143	12
145	4
146	2
150	1
152	10
154	12
155	11
157	6
161	7
162	12
163	12
171	10
174	14
175	15
180	2
184	11
185	3
186	9
188	7
191	13
192	7
193	14
195	6
199	3
Market 165
3	10
6	8
15	7
18	9
21	9
23	11
24	3
31	3
32	2
39	8
45	11
47	3
51	5
53	11
59	11
65	2
71	7
78	8
80	8
89	9
98	12
99	3
101	4
103	5
106	12
107	7
118	10
128	1
130	14
132	3
135	8
137	14
138	2
155	6
156	6
159	15
161	3
162	14
169	10
173	5
175	1
178	5
181	1
186	12
Market 141
2	13
12	6
15	2
17	13
20	14
21	2
23	12
24	1
26	11
28	9
33	11
34	10
39	11
47	14
48	15
51	9
55	12
60	8
61	6
68	3
70	2
71	5
74	11
75	1
76	2
80	2
87	10
88	6
89	7
92	11
98	6
99	1
101	7
104	13
109	12
113	12
114	12
120	13
124	4
130	6
135	1
137	11
138	10
139	6
141	15
142	7
143	9
145	9
148	8
152	14
160	3
162	1
167	8
169	8
174	2
175	15
182	12
183	6
187	1
190	7
192	10
194	2
Market 176
6	7
7	12
12	3
18	4
19	4
23	11
32	7
38	14
46	12
51	3
61	13
64	11
65	3
67	4
71	5
78	8
81	14
85	3
91	5
92	8
103	3
105	15
106	2
109	9
113	11
114	2
115	2
120	9
123	2
126	10
128	10
136	12
141	14
148	10
157	14
159	8
160	15
162	12
168	1
169	1
177	9
180	7
184	15
189	14
191	13
200	6
Market 100(F)
2	8
5	8
16	15
17	3
18	2
20	1
21	9
40	7
50	5
52	5
53	12
60	1
68	13
71	2
72	1
80	2
81	12
111	13
114	1
120	6
135	3
169	14
190	15
195	6
200	14
Market 191
12	2
18	13
29	10
34	10
38	10
43	7
44	6
62	8
63	14
65	10
66	9
70	13
71	12
74	9
75	8
77	1
78	10
83	10
85	15
88	10
91	12
96	11
97	11
99	12
100	2
101	5
105	10
106	9
109	2
111	9
113	4
116	10
122	11
123	13
125	12
128	5
130	15
133	9
135	7
136	10
137	13
139	9
143	7
145	3
153	7
159	8
161	3
167	11
171	9
172	2
173	12
174	6
175	14
181	4
185	8
188	14
189	3
190	2
193	14
194	10
196	1
199	11
Market 161
1	2
2	10
4	7
5	3
7	4
17	7
19	15
23	13
24	1
28	10
31	3
32	5
38	4
39	4
48	8
50	15
53	5
61	15
62	11
64	3
66	1
70	6
71	14
72	9
74	5
76	10
78	11
80	12
85	5
87	1
90	12
91	12
99	6
100	15
101	6
105	3
106	10
109	9
111	1
113	5
123	15
124	1
126	7
131	13
134	13
135	5
136	8
138	9
139	13
141	1
145	14
148	7
154	4
157	7
158	9
159	12
162	15
166	9
169	5
171	7
176	12
177	8
183	15
187	12
188	6
190	10
191	6
192	3
193	11
195	9
199	9
200	8
Market 4
1	3
2	7
4	11
5	15
8	8
11	1
12	9
22	9
24	15
25	12
36	10
38	1
44	1
46	10
47	12
48	3
50	6
55	10
58	8
60	15
62	10
64	14
68	8
73	1
77	12
81	5
83	7
99	6
100	11
103	11
105	15
107	8
120	2
125	8
129	13
131	5
134	14
138	3
139	14
145	6
150	10
153	4
157	12
161	13
162	6
169	13
171	9
174	15
175	6
181	1
184	11
187	10
190	13
192	10
195	15
196	12
198	7
200	10
Market 232
4	1
5	6
7	15
15	5
18	13
25	9
28	10
33	9
37	15
38	8
39	15
40	10
41	11
43	13
45	6
46	1
47	3
52	9
53	4
55	7
58	8
59	9
60	10
61	3
66	6
68	6
72	11
77	2
83	11
90	12
92	9
94	10
99	4
101	1
107	7
109	12
113	6
128	4
129	9
130	6
132	7
133	6
135	6
136	3
138	9
139	5
148	2
154	11
155	1
157	4
159	8
166	6
167	13
172	4
175	8
187	10
188	5
193	8
195	15
196	2
200	15
Market 53
2	13
4	10
6	6
11	12
12	13
14	3
15	10
16	10
18	5
19	4
20	6
23	12
25	15
29	9
32	2
33	8
39	8
42	2
45	14
47	4
48	1
51	13
52	9
61	5
62	8
66	12
70	13
71	9
76	13
78	13
83	5
86	7
93	7
99	8
100	10
101	9
105	12
106	7
113	2
119	4
121	11
127	10
137	12
138	12
141	15
143	10
150	1
156	11
158	9
159	7
161	7
164	2
166	9
169	6
170	5
171	5
174	3
175	15
183	9
184	6
186	14
187	5
191	6
192	13
196	9
198	11
200	8
Market 35
1	11
2	8
6	14
7	5
8	15
15	1
18	11
19	9
20	7
22	8
23	15
24	13
32	1
33	8
35	8
38	7
39	5
40	9
42	7
44	8
46	1
48	10
50	4
51	10
52	12
59	6
60	4
62	7
63	13
64	9
65	11
66	13
68	12
70	2
71	13
72	7
74	1
77	4
80	2
81	1
85	15
87	14
94	3
95	15
96	15
98	10
101	4
106	10
107	14
111	13
113	14
114	2
115	10
120	7
129	11
132	4
135	6
144	2
148	12
154	12
156	15
157	3
161	4
162	5
167	8
169	8
174	14
182	15
183	9
187	4
188	7
190	5
192	2
193	6
195	8
196	11
199	4
200	4
Market 125
2	6
4	4
10	10
12	5
17	9
20	12
21	15
23	3
24	4
26	9
28	15
31	4
34	6
37	11
43	2
44	4
47	5
48	7
53	12
55	5
63	11
65	7
68	11
76	14
78	9
80	5
81	12
84	11
91	8
94	14
95	13
97	1
103	13
106	2
107	9
109	4
111	4
112	5
113	7
114	11
115	14
120	4
122	6
124	6
128	14
131	12
135	3
138	7
140	4
143	5
148	4
151	7
154	4
155	12
156	3
158	11
162	10
167	7
171	8
173	1
176	7
180	13
183	9
185	11
187	13
188	2
196	3
199	12
200	4
Market 217
1	2
4	4
5	11
15	3
17	15
18	7
19	15
22	7
23	7
24	15
25	13
33	10
40	8
43	6
48	15
51	14
54	1
58	15
60	6
62	11
64	13
67	12
72	7
74	2
76	10
77	1
81	5
83	14
85	1
90	2
94	5
100	15
101	3
103	8
109	6
111	3
120	15
122	1
128	4
131	6
132	8
133	5
137	3
139	8
141	10
148	1
158	10
159	3
162	5
163	9
167	2
169	12
180	12
187	10
190	12
192	2
196	11
200	14
Market 218
1	2
2	8
4	7
5	5
15	9
20	4
23	11
24	2
28	3
39	5
44	8
48	5
50	1
51	4
52	2
58	5
62	2
63	15
64	13
66	9
78	13
81	3
83	1
101	9
106	11
107	2
113	1
114	8
128	11
162	3
166	9
171	13
185	5
192	6
Market 133
1	13
14	15
15	13
32	10
38	9
44	15
50	13
51	13
59	9
60	1
62	15
63	9
64	6
67	10
68	5
70	1
74	5
76	3
78	10
80	9
81	7
85	1
87	8
90	2
91	14
99	12
103	3
106	13
107	1
109	1
111	14
113	2
114	1
115	14
120	15
122	15
129	7
130	8
132	9
136	14
148	1
154	11
155	15
158	3
159	15
171	13
172	1
174	9
176	14
183	2
185	9
187	1
195	6
196	7
200	14
Market 91
2	10
22	2
24	1
26	11
28	1
29	12
33	6
34	11
36	8
37	4
38	1
41	7
44	8
46	15
48	10
49	14
50	4
55	13
63	10
64	7
66	6
70	1
74	10
76	6
86	14
89	15
93	7
97	13
100	15
101	12
103	13
104	13
105	2
106	8
107	8
109	15
113	3
120	2
122	10
123	14
126	8
127	6
128	4
130	9
131	14
132	5
133	12
136	9
137	10
145	10
152	8
155	7
158	14
159	13
162	9
163	5
164	11
167	5
169	14
170	11
174	12
176	2
179	7
182	15
183	3
185	4
186	12
193	6
195	4
Market 156
6	5
7	11
18	2
19	5
23	14
24	2
25	8
30	15
31	2
39	11
44	9
50	2
51	2
53	10
58	13
62	5
65	5
66	10
68	2
99	2
139	12
141	8
157	12
162	3
171	1
174	10
187	1
192	4
Market 71
1	2
2	6
5	2
7	10
15	6
21	15
25	6
33	2
38	10
41	1
46	14
53	2
58	3
59	10
61	2
64	3
65	5
75	1
83	5
90	5
95	9
101	15
104	4
106	7
109	12
113	3
114	1
130	7
133	8
141	4
145	6
152	10
155	14
157	12
162	14
169	5
172	11
174	8
175	12
180	8
187	9
188	6
192	8
197	13
Market 13
4	10
6	4
12	14
13	15
17	12
24	8
25	10
31	10
32	2
34	1
38	9
39	3
41	10
43	8
44	11
45	4
47	14
48	8
51	15
55	12
59	5
62	3
63	10
64	3
65	8
66	2
70	3
71	9
72	3
74	12
76	8
77	8
78	5
81	4
83	2
85	8
87	14
89	5
91	9
93	3
97	4
99	14
101	10
103	14
105	5
107	7
109	4
111	9
112	9
113	9
115	7
123	12
125	12
126	13
128	9
129	5
130	2
131	1
132	9
134	15
135	15
136	12
137	11
138	5
141	8
148	8
151	4
154	6
155	8
156	8
159	13
161	6
166	2
167	12
169	4
171	13
172	1
173	11
174	8
175	14
182	12
184	7
187	6
188	8
191	11
198	8
199	12
200	3
Market 259
4	2
5	14
18	9
23	13
32	10
38	1
50	3
55	4
58	11
60	1
62	12
63	12
67	11
71	9
72	5
74	9
76	14
78	10
85	3
91	7
94	3
97	4
98	14
101	2
103	11
106	14
109	13
111	3
114	2
115	2
124	8
128	13
129	1
132	3
133	6
141	8
145	12
148	8
152	2
154	13
156	5
157	9
158	4
159	14
166	13
167	7
169	5
171	14
172	1
174	3
175	12
176	15
180	8
183	6
185	10
187	12
199	15
Market 270
2	10
3	13
5	7
6	1
9	15
17	15
18	2
24	7
25	7
29	11
34	11
44	9
47	7
53	14
63	9
65	15
68	1
71	5
72	2
73	4
77	9
86	8
91	7
93	12
95	14
97	1
105	10
106	9
127	10
131	10
136	2
139	15
141	9
143	4
145	9
159	14
161	1
162	5
164	2
170	5
171	2
181	11
183	12
186	2
190	7
191	4
192	14
196	9
198	4
Market 29
2	12
4	15
5	15
16	6
22	9
23	3
31	12
44	2
48	10
50	2
53	9
55	13
61	9
62	6
63	5
64	9
66	12
67	10
68	9
72	13
75	3
77	4
83	9
85	10
88	7
90	14
96	11
97	12
99	13
101	2
105	4
109	12
111	6
115	11
124	13
126	11
130	12
132	1
133	10
138	11
139	9
141	10
145	12
148	11
154	11
155	7
156	9
157	8
159	8
160	11
164	4
166	11
169	5
171	10
172	8
180	15
182	6
183	7
184	15
197	14
200	9
Market 263(F)
1	15
3	15
4	15
12	8
15	12
17	10
18	7
19	14
23	10
32	9
38	12
41	14
44	6
45	12
46	14
47	10
48	10
50	9
51	8
59	3
60	3
62	5
64	15
65	13
72	2
76	11
77	6
78	11
80	8
81	5
83	4
89	8
91	3
95	7
97	3
100	1
101	15
106	4
107	9
112	5
113	6
114	1
116	10
118	8
120	4
123	1
125	12
127	5
128	3
131	1
132	15
134	3
137	7
139	14
142	6
143	12
145	12
154	1
155	10
156	4
159	2
162	3
164	7
166	8
168	12
170	3
171	15
174	11
175	3
177	10
183	8
185	11
192	9
198	14
200	12
Market 184
2	5
5	14
7	2
8	14
15	9
16	9
17	9
25	5
28	15
29	1
36	3
38	14
39	9
42	3
44	13
45	13
53	13
58	7
59	10
61	11
64	8
65	15
68	13
71	1
77	3
98	12
100	6
136	7
137	11
150	2
156	15
157	4
158	7
159	14
161	1
169	13
170	14
191	2
200	4
Market 236
2	2
5	14
7	14
12	13
13	10
17	13
18	5
23	5
24	10
33	11
39	11
40	9
43	6
44	6
48	2
50	8
51	10
55	1
63	13
64	15
66	13
67	6
68	8
77	9
80	12
88	14
91	13
98	6
99	9
100	15
103	2
105	11
106	11
107	2
111	10
113	13
126	15
128	8
129	15
132	12
136	7
137	2
138	5
139	10
141	10
145	1
157	5
162	4
164	11
171	9
174	4
175	10
187	2
190	14
194	1
195	13
200	11
Market 208
1	4
5	10
7	3
10	12
16	10
21	13
23	6
26	2
33	5
34	7
41	1
44	10
47	9
72	6
103	3
155	7
192	13
Market 285(F)
1	12
6	5
14	3
15	13
18	7
19	5
24	2
32	13
38	10
45	5
47	4
51	9
53	14
61	6
64	10
65	11
66	2
70	7
71	10
76	14
83	5
89	15
91	5
93	15
97	14
99	4
103	10
112	6
113	9
126	7
127	2
130	6
131	9
133	14
135	15
137	8
155	10
156	7
158	15
159	12
162	6
169	4
170	6
173	2
174	14
186	2
196	6
198	9
200	7
Market 21(F)
12	12
17	15
20	4
24	6
26	3
29	7
34	6
38	13
39	4
45	9
50	11
53	4
59	10
63	2
64	6
65	15
67	2
71	15
74	4
77	13
80	11
87	2
94	1
100	6
103	11
106	4
107	7
109	13
114	7
115	8
122	10
124	2
126	15
128	15
129	4
130	4
132	1
133	10
141	3
142	11
152	15
156	1
157	8
159	7
162	13
166	13
171	7
174	9
175	7
176	1
180	13
182	2
187	13
190	15
192	11
193	10
195	1
Market 281
1	11
4	6
11	8
13	3
18	4
22	10
23	7
24	10
28	2
29	4
32	14
36	15
42	8
48	8
50	15
51	2
53	14
58	10
61	13
62	6
64	1
65	15
67	12
68	11
70	4
78	9
80	1
85	13
88	2
94	12
96	4
99	13
100	15
101	15
109	8
111	5
113	1
114	9
124	15
129	15
130	7
133	4
135	15
136	3
142	5
148	6
154	3
155	15
156	2
159	15
163	3
167	11
169	13
177	14
180	13
182	8
185	7
188	3
192	3
193	5
195	9
199	4
Market 185
2	11
12	7
13	4
15	11
18	1
24	8
25	6
31	13
38	2
40	2
44	9
50	9
58	11
60	11
61	2
64	9
65	8
66	15
67	7
69	10
72	1
78	12
80	2
81	3
88	2
91	12
92	3
93	8
96	7
99	10
101	11
103	8
106	6
107	6
109	9
110	12
112	7
113	1
114	3
115	10
120	4
123	14
124	9
125	12
127	3
128	7
132	11
136	3
137	11
141	10
142	11
145	8
148	13
150	14
155	5
156	14
158	11
159	11
161	7
169	8
175	10
177	4
180	7
181	10
184	3
185	3
187	9
190	6
191	15
192	14
195	10
200	10
Market 246
1	15
2	3
8	4
10	2
11	7
15	1
16	1
20	15
22	15
25	2
28	4
36	6
40	15
43	12
44	10
46	1
54	4
58	7
62	9
63	8
64	8
68	13
71	14
72	3
76	1
77	10
78	3
83	4
86	3
89	3
91	9
95	4
98	1
99	15
100	4
103	14
105	4
107	11
110	6
112	2
113	7
118	15
120	15
123	3
126	10
128	14
129	11
131	5
132	6
134	9
136	13
137	6
141	7
145	15
150	6
154	15
155	8
157	5
158	7
161	7
162	9
164	6
166	11
169	9
170	6
171	7
173	11
174	12
175	4
177	11
183	14
185	15
186	1
187	11
196	15
Market 210
2	13
3	11
8	9
12	12
16	4
21	9
23	8
25	1
26	11
34	7
39	4
41	3
44	14
45	10
47	1
52	3
59	14
60	10
72	3
97	1
159	2
190	13
192	1
200	5
Market 94
7	3
13	12
17	11
23	6
25	3
31	11
32	5
33	10
40	2
47	13
50	13
52	1
59	2
60	9
64	8
66	4
71	10
97	8
99	3
103	11
156	6
157	8
171	14
187	4
195	8
Market 154
1	6
6	6
12	13
13	4
15	3
18	8
23	7
24	6
31	2
32	5
37	8
39	13
44	8
49	4
50	8
58	12
61	13
62	7
64	15
67	12
71	12
72	11
75	10
78	4
80	8
81	14
83	14
88	5
92	12
95	12
96	15
100	9
101	2
103	9
105	4
106	9
107	9
111	12
113	4
120	13
126	14
134	9
136	1
137	8
138	12
139	8
148	3
157	13
159	6
160	2
162	8
164	4
166	4
169	7
171	4
177	8
187	6
190	3
191	7
192	5
195	1
196	2
197	3
Market 86
1	11
4	11
10	14
11	2
17	9
20	8
22	10
25	14
34	11
36	3
41	15
43	12
50	1
52	3
53	8
55	7
58	10
60	9
68	1
72	2
80	6
81	15
91	11
95	6
97	12
103	9
111	13
114	9
136	3
139	11
155	15
157	2
169	6
187	12
Market 144(F)
1	11
10	13
16	1
18	4
20	2
22	3
32	8
34	9
40	15
41	2
48	8
50	9
51	14
52	9
58	7
60	6
63	3
65	10
68	14
70	4
72	13
103	1
115	7
129	11
130	13
135	7
136	6
141	12
154	9
155	13
156	12
171	1
174	10
195	5
200	7
Market 68
1	14
5	1
7	9
10	5
12	6
17	4
20	15
22	5
32	7
36	11
37	5
38	5
40	2
43	10
50	14
51	9
53	12
57	15
59	13
62	3
65	7
66	6
68	6
71	5
80	7
89	3
91	13
94	14
95	6
97	13
98	3
99	11
103	5
109	1
111	3
112	6
114	3
124	8
126	2
128	14
131	11
133	15
137	8
139	3
143	14
154	15
155	3
156	5
157	12
162	14
165	4
174	10
187	10
192	9
199	12
Market 249
1	15
2	5
4	3
6	15
12	1
14	7
16	14
24	12
29	1
33	5
44	15
46	8
48	12
50	4
51	3
53	4
58	15
62	9
64	9
65	9
68	1
73	9
77	1
81	2
88	5
97	1
100	7
103	3
105	1
107	4
109	15
111	15
114	13
120	7
124	1
125	6
126	10
128	12
129	11
132	12
134	11
139	13
155	2
156	3
160	3
161	4
167	1
171	14
172	6
173	4
174	12
177	7
180	9
181	6
190	12
191	10
194	13
196	4
Market 32
1	11
2	4
4	12
8	1
11	8
14	7
15	15
16	7
19	6
20	2
22	13
23	13
24	13
25	14
28	14
34	4
36	3
38	10
44	6
47	6
48	6
53	10
58	5
60	5
68	8
97	6
103	4
141	14
155	5
156	11
157	13
195	5
Market 138(F)
1	11
3	3
6	6
12	5
15	5
17	15
18	5
19	14
21	2
24	15
34	3
44	5
50	7
53	8
55	8
57	4
63	6
64	8
66	10
72	2
80	7
97	13
99	6
103	15
106	13
128	8
157	14
166	12
200	3
Depot
