TPP_FSO_CapEuclideo.200.150.95.4
Total Cost:5926
|M*|: 70
Depot
Market 179
22	9
29	4
32	10
34	7
35	6
68	8
92	11
94	4
103	12
104	3
105	2
118	3
130	5
143	6
147	1
Market 145
4	10
22	4
28	14
40	10
41	6
58	11
59	12
62	12
64	2
78	6
84	7
86	9
93	3
96	2
112	9
131	6
138	3
140	11
149	13
Market 91
2	6
15	4
24	15
25	15
31	12
37	14
59	9
61	9
63	4
68	15
81	10
82	3
94	12
106	5
119	8
128	9
Market 155
5	1
14	14
17	12
22	11
24	6
38	8
64	4
74	14
84	5
104	7
113	15
Market 63(F)
4	5
15	13
17	3
22	5
29	12
38	1
65	10
67	7
77	5
88	7
102	3
124	7
Market 9
2	3
7	8
29	3
37	1
43	4
47	13
51	3
55	2
79	12
83	2
88	6
90	9
93	2
113	9
115	7
121	7
128	14
132	1
150	9
Market 147
2	8
9	12
10	15
11	7
12	15
31	1
34	12
36	1
37	3
41	1
48	12
51	2
60	10
83	11
86	12
98	2
101	1
129	1
131	3
148	10
149	13
Market 184
32	13
65	2
71	12
75	9
91	8
Market 131
2	6
4	11
15	14
16	7
20	12
32	13
34	7
42	12
44	7
51	6
53	9
92	8
97	4
101	3
103	14
109	6
116	9
127	6
139	10
147	6
148	6
Market 68
28	14
45	4
53	6
55	6
58	7
61	9
62	8
75	2
92	13
94	7
119	9
131	15
Market 78
9	5
15	7
18	14
48	3
82	15
96	12
99	15
106	5
107	1
121	9
Market 135
4	11
6	1
8	4
12	14
13	1
16	14
17	11
18	7
26	13
28	11
36	11
40	3
44	4
49	4
59	5
69	1
103	14
105	3
127	7
143	1
148	5
Market 170
18	9
22	2
68	3
72	3
113	3
118	6
140	15
Market 75
6	4
10	2
23	1
24	5
26	3
60	2
82	2
119	5
Market 178
58	2
68	11
91	2
96	8
116	10
Market 193
2	8
3	3
26	12
43	13
45	3
51	15
56	14
75	8
80	10
84	6
88	5
89	5
90	5
91	8
92	10
109	3
112	4
114	7
116	6
121	11
130	2
133	14
135	2
142	4
144	13
148	1
Market 23
7	1
17	4
24	9
29	1
72	2
82	6
92	4
93	5
97	9
98	2
118	7
120	7
130	1
Market 196
54	15
62	8
Market 169
7	11
8	4
11	7
16	6
33	3
45	14
47	8
94	4
96	8
109	14
121	7
123	1
126	1
127	12
128	2
130	5
132	2
139	8
147	9
Market 18
17	10
28	12
30	3
90	15
Market 189
4	13
48	15
69	14
71	10
106	6
107	5
115	10
132	6
Market 41(F)
4	11
9	9
11	12
36	13
44	2
56	13
89	2
108	5
111	10
112	1
114	15
132	3
146	3
Market 44
10	15
11	13
60	12
Market 2
30	14
62	6
94	12
116	13
Market 181
3	3
16	3
18	11
26	5
30	5
51	3
55	11
60	12
61	2
62	4
63	4
65	13
125	5
129	14
135	9
136	15
139	8
140	12
Market 164
15	3
30	4
60	2
Market 129
2	4
3	10
26	4
38	8
43	1
44	3
47	8
55	14
58	4
61	8
69	1
80	9
83	4
84	10
89	8
94	12
117	10
132	7
136	2
138	7
148	5
Market 59
6	5
13	4
28	7
30	9
42	4
82	5
91	13
104	3
105	3
118	12
140	2
Market 77(F)
3	5
14	1
45	1
53	1
74	15
116	8
121	4
129	11
130	8
133	9
147	5
149	5
Market 6
3	6
29	5
34	3
37	9
38	8
40	7
43	4
54	11
55	11
69	15
94	13
99	10
101	12
131	1
136	5
148	5
Market 53
1	10
3	1
21	3
28	9
30	2
31	1
43	10
53	6
64	1
65	6
66	6
83	15
90	9
99	10
103	15
106	15
112	4
113	4
118	14
132	7
138	8
139	8
140	1
144	10
Market 151
13	11
15	5
17	4
21	1
31	15
50	10
58	2
85	3
86	7
88	5
101	13
104	2
108	6
114	6
127	15
134	11
135	14
139	9
140	1
Market 39(F)
3	15
4	1
10	10
17	13
18	4
22	11
29	2
40	13
47	6
55	6
60	3
62	14
65	15
69	10
75	13
84	4
89	5
90	15
98	8
106	6
107	3
109	1
117	3
121	1
126	12
132	3
149	2
150	4
Market 144
11	13
18	7
69	1
72	1
80	6
116	4
133	14
140	14
Market 67
1	3
5	15
8	15
13	8
20	8
24	4
31	12
33	4
35	10
44	3
58	3
59	4
70	4
72	9
83	8
87	7
93	4
107	8
108	7
117	2
136	10
141	5
145	5
Market 55
19	9
29	5
50	3
53	2
61	11
63	2
66	10
72	9
81	5
125	8
132	4
134	4
Market 35
32	5
81	2
87	5
96	9
110	1
126	1
148	7
Market 159
18	2
37	12
56	13
58	1
75	10
80	12
92	9
124	4
126	13
132	4
Market 83
13	4
45	1
54	8
61	12
81	4
101	7
123	13
134	10
Market 162(F)
3	1
22	7
99	4
104	9
109	13
116	10
118	1
121	11
Market 92
11	4
65	4
109	14
119	5
132	4
Market 165
13	9
30	13
58	6
62	7
68	11
80	3
88	7
89	5
106	5
118	9
125	5
Market 101
2	3
18	1
33	9
41	8
44	7
65	15
79	1
101	5
131	3
141	10
Market 157
3	2
11	4
21	7
33	13
47	11
60	15
70	6
107	10
119	10
120	10
130	12
Market 52
1	4
21	13
35	12
52	9
53	15
56	1
69	13
74	7
86	7
96	2
98	11
111	5
119	4
123	5
130	9
134	15
Market 110
28	14
29	4
45	7
79	14
92	3
108	14
121	3
Market 149
8	4
21	3
55	3
72	15
80	10
107	4
118	15
122	6
136	2
Market 17
1	6
15	9
38	15
60	10
71	13
79	10
90	8
98	13
113	1
127	4
129	12
131	2
149	11
Market 11
13	3
22	11
36	12
62	7
68	4
91	8
97	7
121	6
129	2
130	4
140	9
150	10
Market 117
1	4
8	12
17	5
19	14
25	10
26	1
29	15
38	12
44	3
61	1
67	5
72	2
80	5
95	13
99	9
112	12
117	3
120	8
124	8
131	10
141	15
143	3
146	4
149	7
Market 191
3	15
24	1
33	14
40	3
44	7
91	9
148	2
Market 123
2	14
17	2
39	2
42	7
45	7
46	3
48	10
58	9
59	8
63	1
65	2
70	13
71	6
79	2
91	11
95	1
98	13
99	9
128	2
Market 141
7	15
15	3
16	1
18	14
30	12
53	8
64	13
84	13
88	1
109	8
115	13
131	10
139	2
145	3
148	1
Market 72
15	13
25	1
35	12
36	6
37	2
40	11
69	7
96	8
108	5
111	14
113	4
130	5
134	3
136	3
Market 118
10	7
22	2
44	13
45	15
58	5
94	9
Market 90
10	2
40	10
69	6
86	14
91	15
106	8
119	5
Market 48
7	3
9	7
14	11
34	14
58	3
66	12
76	9
98	5
104	12
106	6
108	14
115	2
116	2
132	8
133	11
136	3
Market 139
5	2
17	3
26	13
51	4
54	15
58	13
68	12
82	12
92	7
103	9
104	13
126	15
128	13
137	7
145	9
Market 176
30	2
31	8
34	12
36	4
94	4
109	5
Market 38
10	7
54	9
116	1
132	12
Market 36
3	6
79	15
90	13
116	3
Market 163
30	1
41	3
45	11
60	1
69	7
103	1
132	15
Market 94
34	11
92	11
106	9
116	10
133	8
149	13
Market 25
10	13
33	6
35	12
56	5
73	3
136	2
146	15
Market 49
14	6
19	1
21	13
27	1
48	7
55	7
71	5
91	3
95	1
99	9
100	9
102	3
109	10
123	2
Market 142
62	3
66	4
82	2
88	14
92	2
Market 19
31	1
51	2
57	13
72	2
74	6
75	2
84	4
86	11
119	15
143	9
Market 45
22	3
26	8
34	8
40	15
63	3
65	10
68	6
119	3
122	4
135	7
148	3
Market 125
2	1
5	10
45	3
50	15
54	12
56	3
64	3
66	14
69	3
71	6
79	9
87	4
96	5
111	7
141	1
143	13
145	14
Market 190
10	7
29	13
44	5
54	7
72	9
74	1
96	4
103	4
104	15
111	15
118	3
130	12
132	1
139	14
Depot
