TPP_FSO_CapEuclideo.350.150.7.4
Total Cost:91319
|M*|: 348
Depot
Market 161
6	11
8	3
11	9
15	3
17	7
19	4
22	7
26	15
32	3
45	6
46	8
49	8
54	3
60	12
67	15
68	2
69	4
70	2
72	7
73	1
75	1
88	7
89	5
91	1
99	2
112	5
113	11
123	6
125	3
129	11
138	1
140	10
146	15
149	4
Market 207
4	1
7	11
9	12
18	9
26	9
30	5
32	11
43	7
45	6
47	15
59	6
60	7
65	12
69	3
70	9
77	8
83	15
101	11
106	10
116	13
122	3
123	8
126	9
129	2
140	14
144	4
148	9
Market 287
16	9
30	13
36	6
45	15
46	10
49	10
53	2
56	3
57	9
60	15
64	13
69	9
75	3
77	10
81	12
88	10
95	10
108	7
116	10
121	2
133	5
137	3
144	5
148	7
Market 197
2	8
10	14
11	9
12	3
16	10
24	5
27	11
30	13
37	6
41	3
56	1
64	13
70	8
73	3
78	5
80	10
87	5
89	11
91	12
96	12
99	4
106	5
110	10
112	4
123	11
128	7
130	5
135	4
140	14
Market 81
4	7
9	1
11	1
19	2
30	7
41	4
44	15
46	4
56	8
67	3
73	6
78	3
80	2
83	11
93	5
109	6
124	14
127	7
146	2
149	10
Market 335
4	10
10	11
18	9
19	10
27	1
47	14
50	7
56	12
68	4
75	1
88	14
103	3
105	10
110	4
118	2
124	5
134	10
Market 208
3	8
6	13
9	2
11	14
18	15
23	3
24	13
25	14
35	6
38	1
45	5
57	15
60	15
67	6
73	10
84	4
86	14
87	6
106	5
110	5
111	9
128	12
129	10
134	4
135	15
137	9
140	7
149	1
Market 345(F)
8	11
9	4
15	10
18	10
24	8
30	11
35	15
38	13
43	1
47	11
65	4
71	7
75	13
77	12
93	11
100	4
107	11
108	1
121	1
123	7
126	13
129	10
137	10
148	3
Market 79
6	14
8	11
9	15
12	9
19	3
25	4
32	10
34	7
38	7
41	11
45	15
46	7
47	11
64	12
67	14
70	3
75	9
81	6
82	13
83	8
93	8
102	1
121	6
130	8
131	10
144	7
149	9
Market 61
4	15
11	11
32	8
38	4
41	5
46	12
64	8
65	13
70	9
87	7
88	1
96	2
105	8
111	9
121	15
130	9
134	4
148	7
Market 262(F)
19	11
24	7
33	3
42	14
57	15
64	7
65	8
66	10
68	6
70	6
75	11
93	8
96	6
119	6
140	9
Market 98
9	12
27	3
42	14
44	15
53	10
56	10
59	9
70	2
83	12
94	2
96	9
100	15
104	13
106	14
107	3
111	9
121	7
130	9
134	10
149	6
Market 99
2	14
15	9
44	6
47	6
64	4
74	4
96	9
106	5
113	12
121	10
125	7
130	8
132	12
133	6
143	10
Market 285
4	3
15	10
18	13
32	7
35	11
59	2
80	10
97	8
105	9
106	14
111	7
123	12
124	5
129	10
137	7
140	8
Market 119
3	12
6	5
9	1
20	5
39	8
46	8
53	5
60	8
61	4
64	1
82	10
86	3
93	4
96	13
111	11
113	1
119	15
125	6
Market 177
1	4
3	1
8	10
23	4
25	12
55	2
56	6
57	4
60	13
61	15
67	1
78	4
80	6
93	3
96	12
105	9
106	11
129	1
135	6
140	7
143	14
Market 319
3	8
8	7
14	15
25	15
34	7
45	7
47	4
55	14
58	8
61	15
64	6
80	9
83	14
86	3
93	10
96	7
105	2
112	1
116	2
119	12
121	9
123	14
124	7
130	15
133	11
134	2
137	14
144	14
Market 103(F)
9	7
10	13
25	15
26	13
30	15
36	2
43	15
57	11
67	5
69	2
93	4
105	2
106	8
109	1
111	13
116	8
121	9
127	9
133	11
135	6
Market 342
9	10
10	15
24	7
27	11
30	1
33	5
37	10
38	6
41	8
45	13
46	1
49	2
53	8
54	7
57	1
60	4
63	15
65	5
70	10
72	15
73	5
76	11
82	8
83	15
93	3
115	11
121	2
123	12
126	2
131	14
135	7
148	15
149	8
Market 314
9	7
12	7
41	10
44	14
45	9
57	2
60	15
77	13
89	13
94	5
103	5
106	1
133	2
136	4
148	15
149	3
Market 209
3	15
53	8
57	4
65	4
70	6
72	1
78	10
82	7
89	9
91	12
96	2
115	9
124	15
137	12
140	2
Market 273
4	13
9	8
24	3
38	3
45	3
49	12
54	6
64	14
65	12
80	2
81	3
88	2
113	8
123	14
125	5
144	3
145	7
146	11
148	4
Market 241(F)
2	7
9	12
12	8
14	6
15	14
18	13
19	1
23	15
24	8
25	4
30	12
32	9
33	5
36	5
39	7
42	12
43	6
46	3
49	15
54	2
56	7
65	10
68	12
75	1
92	10
96	7
100	6
106	5
111	7
118	15
124	6
125	3
133	7
135	9
139	15
141	8
146	9
Market 199(F)
29	12
41	7
42	10
47	13
54	13
67	7
72	3
87	12
96	2
99	10
100	8
106	11
112	2
115	12
116	9
121	6
129	13
137	3
140	9
143	1
144	4
145	9
149	11
Market 185
8	2
9	1
12	1
17	6
25	14
30	2
32	6
38	3
39	15
43	14
45	2
47	4
69	9
70	9
82	5
96	3
113	12
121	5
124	14
131	6
146	10
Market 154
30	1
33	3
37	6
59	13
60	3
81	11
87	4
100	2
101	5
105	8
123	10
134	1
137	7
142	12
145	13
149	13
Market 143
2	13
4	6
8	1
10	8
15	12
18	13
29	15
30	12
32	12
39	14
43	4
75	7
77	4
83	8
88	4
91	12
113	14
130	9
137	6
Market 200
11	4
34	1
35	6
45	3
54	2
66	8
86	11
88	15
97	8
109	5
116	3
123	1
133	2
148	14
Market 171(F)
24	8
38	8
42	14
64	2
69	11
73	10
74	12
77	14
80	9
92	15
106	8
111	10
115	1
122	4
126	5
129	3
146	6
Market 127
1	10
12	6
15	4
17	10
25	7
34	15
38	11
43	5
46	9
54	5
64	13
69	13
88	7
95	11
104	7
105	7
106	3
111	3
112	14
115	1
126	3
131	15
135	6
146	15
147	14
Market 194(F)
1	4
2	7
11	4
12	3
19	12
25	8
38	1
39	2
43	8
50	2
56	1
65	10
69	13
85	4
88	7
91	1
92	2
96	5
99	6
106	7
113	8
120	2
125	6
130	12
134	13
138	8
145	2
146	3
148	12
Market 195(F)
8	4
15	7
24	2
26	12
35	1
41	6
43	4
47	15
60	13
69	14
70	10
88	8
89	6
106	5
107	5
116	2
128	15
133	9
136	11
138	1
140	7
144	5
148	7
149	6
Market 329
3	10
29	8
54	14
60	4
76	8
88	3
111	15
112	14
123	9
126	12
129	15
140	10
145	3
Market 124
8	3
10	15
17	6
24	10
39	6
42	13
45	7
53	1
56	2
59	4
65	14
69	7
71	5
80	3
101	11
111	2
120	6
123	14
124	9
126	7
129	8
133	15
136	1
137	7
145	1
148	5
Market 109
23	1
38	11
46	6
47	11
60	2
89	10
94	9
107	14
108	4
111	14
123	10
124	9
134	14
144	5
Market 235
2	15
18	1
24	13
33	9
44	10
49	4
53	7
62	1
64	11
106	8
112	4
123	12
126	7
129	13
130	10
143	3
145	2
149	10
Market 133
8	2
11	13
15	6
24	14
26	13
32	15
33	15
38	13
42	13
43	7
45	6
46	13
52	4
56	10
60	8
70	8
72	4
74	3
80	14
85	6
87	13
88	8
89	13
92	11
101	14
111	5
121	1
130	5
135	7
142	2
144	3
146	8
149	12
Market 330
11	10
19	10
25	15
46	5
53	2
75	11
80	6
87	4
99	1
103	3
109	9
119	3
133	14
144	11
145	5
Market 120
4	15
8	11
24	10
33	2
39	10
72	15
86	6
88	7
93	4
96	6
113	10
116	7
129	4
130	10
135	11
142	2
144	5
Market 349
4	11
6	14
8	4
10	4
29	4
33	15
43	15
46	5
47	8
59	13
69	10
77	7
81	1
86	12
87	4
95	6
99	13
103	12
104	3
110	10
113	5
116	15
123	5
124	15
125	11
140	9
144	14
Market 34(F)
30	14
41	10
45	1
68	14
71	10
72	4
144	10
Market 7
3	13
4	13
6	5
11	6
15	9
18	11
25	6
27	3
38	6
45	7
46	2
60	4
65	15
70	3
83	2
86	7
88	9
103	8
109	2
112	14
115	15
116	2
123	5
124	12
126	9
136	2
140	6
Market 228
4	2
8	8
9	5
19	8
24	12
26	3
43	4
44	2
50	2
56	7
65	6
68	14
77	2
81	5
85	13
88	8
101	15
106	2
113	13
118	12
121	4
124	1
125	7
129	11
133	2
140	4
144	14
Market 28
6	9
8	13
32	5
41	12
43	10
45	2
61	12
70	8
72	2
79	3
96	14
99	3
113	2
125	5
129	14
130	4
145	5
149	12
Market 210(F)
3	11
12	5
14	6
16	7
18	3
19	14
24	5
25	5
39	2
42	13
47	11
54	10
56	1
57	5
65	10
70	1
75	3
76	5
93	3
99	11
101	10
105	14
113	3
115	8
126	14
130	4
131	14
140	11
143	1
146	13
Market 232(F)
1	4
2	4
36	6
70	12
72	14
74	8
80	3
81	1
84	8
88	6
93	11
103	12
116	11
129	15
136	7
Market 296(F)
2	13
8	13
10	9
12	4
19	1
24	9
27	11
39	9
53	5
57	3
59	4
64	15
68	1
70	5
75	6
77	13
78	2
80	14
87	4
90	5
95	12
100	1
105	15
108	11
111	8
113	7
116	9
124	11
129	11
130	3
135	6
143	4
145	4
148	14
149	5
Market 66
8	15
9	1
14	4
25	1
29	3
32	6
41	15
45	2
49	13
57	9
64	7
80	4
83	4
88	14
116	15
120	4
121	8
123	6
124	13
129	14
135	6
136	12
145	14
146	9
148	4
Market 166
3	3
8	12
34	2
39	4
45	4
46	13
49	10
59	9
65	3
88	13
106	13
108	11
113	15
126	14
Market 222
4	10
5	4
8	7
25	8
28	4
41	9
43	5
46	15
57	1
60	10
67	7
72	11
80	8
86	7
93	13
112	7
116	8
121	11
123	6
124	6
125	12
127	7
129	11
134	2
140	2
145	8
148	3
149	11
Market 95
9	13
19	12
33	6
35	12
43	11
95	7
97	3
101	6
137	2
Market 55
2	3
8	12
15	7
19	7
27	14
33	3
37	2
39	1
44	15
49	6
50	9
53	7
56	15
57	10
59	7
63	11
70	7
82	3
86	7
90	11
91	15
93	6
94	2
101	3
111	11
115	10
119	9
120	13
126	6
131	8
132	7
134	1
146	1
148	15
Market 214
5	13
10	14
16	14
19	5
24	8
27	9
34	8
49	8
56	7
59	14
60	7
61	14
68	10
70	6
71	12
77	9
78	12
80	6
95	14
105	15
119	3
127	9
128	10
145	13
Market 212
25	4
38	10
43	15
45	14
50	10
57	8
66	7
67	1
69	8
71	1
81	2
95	8
96	10
100	14
106	5
113	13
127	5
130	4
144	12
146	12
Market 301
4	3
8	3
11	9
12	14
24	15
27	1
33	4
37	14
39	14
44	13
45	9
55	5
64	2
69	10
70	1
77	5
81	10
87	5
93	13
101	15
107	2
116	10
125	12
133	4
135	14
141	3
148	3
Market 102
4	7
11	11
12	9
19	15
25	10
27	14
37	13
39	2
42	2
45	11
46	8
49	9
69	1
80	3
82	3
87	2
88	11
91	9
105	12
106	8
120	11
121	4
124	1
126	2
140	1
144	11
146	3
Market 306
4	4
11	6
18	5
60	6
73	9
80	2
86	7
88	8
103	15
109	9
133	11
143	1
147	9
Market 234
8	12
32	3
41	3
43	8
49	3
57	8
72	14
83	14
87	4
93	7
101	10
113	13
116	11
123	2
125	5
126	9
133	1
146	6
149	10
Market 57(F)
7	3
11	12
14	2
25	8
32	9
38	1
45	11
46	5
53	9
57	4
65	11
66	1
70	6
77	3
88	9
93	2
106	6
116	4
123	1
126	2
133	7
135	10
143	5
144	13
147	10
Market 32
4	8
14	5
34	4
64	15
70	7
76	3
87	15
89	14
115	1
116	12
130	1
147	6
148	14
149	9
Market 29
10	5
27	15
33	13
35	1
43	13
49	4
55	5
56	6
70	4
72	9
73	13
83	12
105	13
106	9
115	13
135	1
137	2
144	8
Market 297
9	6
36	8
57	14
68	10
69	9
70	15
77	6
80	14
81	15
93	14
100	2
102	10
121	8
134	8
144	15
145	12
Market 338
3	8
8	8
11	2
14	6
32	2
41	1
45	15
49	14
59	9
61	2
64	5
69	15
77	4
84	1
86	6
89	9
96	9
99	3
105	7
119	13
125	2
137	13
138	7
140	10
146	15
148	7
Market 16
4	2
24	14
33	9
42	8
49	7
73	10
87	8
92	11
94	1
99	1
105	13
121	5
124	2
126	12
130	3
132	7
Market 37
2	5
4	11
12	11
14	5
16	15
19	6
24	2
28	3
30	4
40	13
53	2
60	6
65	6
69	4
72	1
81	6
88	7
95	15
105	10
108	12
115	9
116	1
118	10
124	7
137	15
143	1
148	5
149	14
Market 278
5	6
17	15
19	4
27	5
32	7
33	8
38	4
41	15
45	3
57	3
59	13
60	6
65	8
70	10
80	14
88	10
101	4
103	8
106	12
116	13
121	13
126	6
137	1
148	13
Market 156(F)
9	14
11	1
38	10
47	6
50	10
59	13
69	9
70	2
73	10
87	3
89	8
101	1
118	8
120	15
121	12
Market 288(F)
10	10
12	15
15	4
45	13
54	13
72	2
74	5
85	11
100	13
105	6
120	1
121	14
125	12
126	7
130	8
133	4
135	8
142	10
146	2
147	12
Market 320
23	3
47	15
65	12
69	13
72	3
87	4
103	10
109	5
125	4
130	6
135	14
146	2
Market 347
5	10
8	12
12	14
14	13
17	4
20	15
39	12
43	12
44	15
53	1
59	5
60	9
65	10
72	1
73	5
80	4
85	2
87	1
89	13
93	10
95	15
111	4
118	4
124	15
126	13
131	7
133	4
140	10
149	5
Market 206
1	5
8	1
9	10
19	3
26	9
33	10
35	10
38	8
39	5
42	2
47	6
49	5
53	2
56	2
65	2
67	5
77	7
80	7
94	10
95	7
104	3
106	10
109	14
111	1
116	2
118	6
123	13
126	8
133	7
148	14
149	1
Market 26
24	9
26	4
36	9
50	6
59	14
70	15
87	12
93	11
132	3
134	12
144	5
149	4
Market 348
2	2
4	11
11	4
12	7
24	12
30	11
37	14
39	10
46	15
56	3
57	12
64	3
72	12
83	2
87	9
89	4
92	7
94	12
96	15
101	9
109	4
116	13
121	8
123	14
126	13
133	9
140	7
143	6
149	15
Market 42
4	15
12	5
27	3
30	11
37	13
39	11
49	11
56	8
60	8
64	10
72	2
73	4
80	10
87	15
89	4
91	13
110	3
112	2
116	10
120	7
133	14
148	14
Market 115
2	7
6	6
10	4
11	7
12	14
17	9
23	3
24	11
32	10
34	2
39	10
43	4
70	4
77	12
80	15
83	14
93	5
95	15
96	5
103	7
105	4
109	5
112	14
123	4
126	2
Market 264
6	15
8	1
14	4
32	2
41	10
43	4
45	3
46	10
54	7
59	3
65	9
95	2
108	1
118	9
124	8
126	3
134	15
135	14
137	1
149	6
Market 43
4	11
9	5
11	14
29	11
43	7
44	12
47	1
54	15
56	2
80	1
96	2
100	7
111	12
116	10
118	6
131	9
134	4
139	7
149	14
Market 326
3	14
10	3
19	8
24	2
25	9
32	7
41	14
45	6
69	3
82	10
94	1
100	3
101	8
116	4
123	11
125	13
129	5
143	3
147	13
Market 316
4	11
6	12
9	9
17	14
25	11
29	4
30	4
34	15
45	12
46	3
49	14
54	3
57	11
69	8
73	2
83	10
96	8
101	8
106	12
110	7
120	11
121	5
126	10
129	1
140	4
144	12
Market 71
8	14
9	3
12	3
19	5
22	13
25	14
33	2
34	6
38	6
46	7
48	9
51	13
54	7
56	8
59	1
74	4
83	15
93	9
100	2
116	4
123	14
130	9
135	4
137	7
141	2
142	14
144	11
Market 186
9	8
11	5
15	15
18	5
24	14
29	4
47	5
63	4
65	1
67	1
68	10
85	6
91	10
99	9
109	13
112	1
116	5
120	9
135	9
137	14
143	13
Market 341
24	9
26	5
46	11
59	4
67	15
73	9
78	9
88	10
89	7
94	14
105	9
112	13
124	15
129	1
134	4
145	2
Market 192
4	12
8	14
25	13
37	7
38	1
40	10
46	8
65	10
67	1
81	9
100	14
103	8
106	2
124	13
127	14
134	7
135	11
137	14
142	1
144	5
145	5
146	1
Market 107
8	9
15	4
37	6
39	4
56	15
64	11
65	1
70	12
71	11
73	5
80	2
83	10
87	9
89	9
106	11
126	10
137	9
140	6
146	2
Market 136
17	12
39	5
49	9
57	13
64	11
67	1
71	10
73	3
78	11
81	12
93	7
95	13
111	10
116	14
125	12
137	10
138	12
144	10
149	5
Market 226(F)
4	10
28	9
39	1
41	7
57	9
59	1
65	6
81	1
87	2
95	10
101	4
144	4
146	5
Market 15
2	8
4	10
10	15
17	6
32	7
33	4
34	12
42	9
49	1
51	2
54	3
60	5
64	12
75	13
77	9
80	15
87	5
88	1
89	1
100	12
101	14
106	9
124	1
129	9
135	13
138	9
146	14
149	13
Market 93
3	13
4	4
11	12
14	11
34	2
38	10
40	7
60	8
64	14
65	9
75	5
80	12
87	7
88	3
89	15
94	14
96	7
102	2
105	9
121	1
135	15
137	15
140	12
143	3
145	15
149	4
Market 227(F)
3	1
4	5
8	3
12	4
14	8
17	12
19	13
21	13
28	6
33	14
36	5
41	14
43	15
45	10
46	1
53	12
56	10
57	7
61	2
64	1
73	5
77	7
80	3
86	1
87	6
88	6
98	9
106	12
111	12
116	14
118	7
124	13
125	1
149	12
Market 105
2	4
5	3
12	7
17	14
18	4
32	12
34	11
35	5
37	10
39	9
42	15
43	4
45	6
46	13
47	5
56	9
57	12
61	13
64	1
67	12
69	7
80	3
88	9
89	15
96	6
99	15
105	14
110	6
111	3
116	12
128	5
129	3
133	4
140	2
145	10
146	8
Market 321
17	10
34	11
49	12
60	14
67	4
68	15
70	8
78	4
89	12
105	12
121	3
133	10
135	1
149	9
Market 274
8	5
39	4
42	10
49	1
59	10
64	5
68	3
69	12
83	14
87	4
93	5
95	12
116	9
119	12
126	2
137	7
140	13
142	4
146	9
Market 276(F)
11	7
30	1
47	11
70	14
77	8
87	5
94	2
101	6
125	10
142	5
146	13
Market 58
2	1
11	11
22	13
29	8
33	2
38	3
44	11
46	2
53	3
56	5
57	10
60	2
72	9
81	7
83	14
87	10
90	7
96	6
97	12
112	12
116	6
121	8
129	6
134	8
143	1
145	12
Market 47
2	3
11	7
12	1
42	10
56	11
68	6
69	11
73	3
90	2
109	14
111	15
119	7
121	13
123	2
124	1
127	11
133	1
135	14
Market 69
4	8
7	15
9	14
19	14
29	13
30	7
36	6
38	14
44	5
45	11
46	11
47	6
50	6
54	5
60	13
61	2
69	6
72	12
75	4
80	10
81	4
88	15
96	5
97	4
100	3
103	4
105	10
106	5
112	5
114	8
116	8
123	1
129	7
130	1
137	5
140	10
145	9
Market 20
11	11
15	6
27	4
32	1
39	9
49	12
67	1
69	13
83	5
86	1
89	2
96	13
99	9
100	2
103	11
119	10
121	8
127	5
133	3
134	9
Market 298
3	3
8	15
11	4
15	10
23	11
24	14
35	7
38	4
41	13
45	2
54	13
59	12
67	1
68	10
70	5
71	9
75	4
77	7
80	12
81	12
123	6
124	9
125	7
130	9
134	6
145	14
Market 64
12	15
15	14
39	2
41	9
42	10
49	11
56	11
60	9
64	15
67	1
69	6
87	12
96	10
106	10
120	3
123	8
Market 8
24	11
37	10
39	4
46	15
57	5
69	13
73	3
93	6
96	12
101	14
103	9
127	8
131	15
137	2
Market 137(F)
9	7
10	15
15	13
16	15
35	12
38	5
39	6
41	1
44	3
46	14
53	4
56	13
71	10
82	11
89	1
103	6
106	13
133	3
149	15
Market 313
4	6
10	13
12	8
27	13
37	12
39	15
45	2
49	2
56	15
69	7
70	7
73	11
80	13
89	2
104	13
106	15
121	11
134	6
144	9
149	6
Market 188
5	15
8	15
11	5
19	15
34	11
43	7
49	2
60	12
61	12
66	15
70	14
73	4
77	5
81	10
87	14
91	12
99	5
106	9
121	13
130	6
133	5
135	2
140	13
144	5
146	6
Market 318(F)
4	15
9	13
14	15
32	3
39	10
46	11
49	3
56	14
72	2
78	13
82	4
83	5
91	13
96	10
102	15
109	11
121	12
123	5
124	10
127	1
129	4
133	5
140	5
143	13
145	13
Market 270
6	13
42	10
57	11
83	9
93	3
101	8
113	14
127	12
131	13
144	4
146	12
Market 35(F)
1	15
8	7
15	4
33	6
45	6
69	2
71	5
73	14
75	13
83	6
93	15
101	6
105	3
116	5
140	3
145	5
Market 159
10	7
12	12
14	4
15	2
24	8
26	3
38	10
39	2
42	12
47	14
51	1
57	7
72	10
73	13
77	6
78	14
84	5
88	5
93	5
94	6
121	8
123	2
129	13
132	8
137	13
144	10
148	12
Market 310
1	1
9	7
19	2
39	7
44	12
57	15
70	14
75	14
80	3
81	9
88	14
97	1
100	6
105	7
106	5
111	8
116	6
129	5
130	15
131	10
142	11
143	2
146	13
Market 12
2	7
4	8
10	7
44	7
57	15
65	6
67	9
71	3
83	15
101	1
105	11
108	1
119	7
124	4
126	2
127	13
133	10
144	8
145	4
148	11
Market 246
3	8
8	14
9	5
11	15
17	3
18	2
26	13
43	9
46	1
47	10
49	14
55	8
57	4
59	5
61	9
63	2
73	12
77	5
82	11
88	12
91	3
97	11
113	4
120	3
129	14
134	12
Market 46
5	2
11	2
27	3
30	13
41	7
43	1
44	13
45	10
47	3
53	1
59	6
65	1
70	14
75	13
93	4
100	11
101	5
106	13
109	9
113	5
121	15
127	10
130	3
133	4
135	15
136	5
144	12
146	5
Market 346
34	3
38	2
41	4
46	4
64	8
70	7
81	8
97	4
100	11
105	14
116	13
123	11
127	15
130	1
135	15
144	5
Market 331
2	6
10	12
24	15
30	7
44	9
49	11
56	12
57	10
63	7
69	5
71	6
73	2
75	9
80	14
81	6
88	13
91	4
99	15
105	15
106	10
113	15
116	5
127	15
129	7
130	4
134	15
142	13
143	12
Market 85(F)
4	8
11	13
24	3
27	14
53	6
56	1
81	1
83	15
125	1
148	10
Market 27(F)
3	12
5	8
8	10
15	12
21	7
29	5
40	2
41	12
43	14
49	12
54	2
59	13
70	10
73	3
74	14
87	9
88	2
92	13
96	13
100	15
105	5
107	9
113	1
118	9
120	2
121	15
126	3
129	3
142	13
149	6
Market 312
8	3
29	15
32	2
41	12
43	7
46	3
59	2
65	3
94	11
108	14
121	14
125	6
132	10
140	11
142	5
146	3
148	2
Market 240(F)
8	12
9	14
24	13
30	1
37	3
41	11
49	4
57	4
59	2
64	11
69	14
70	15
80	15
87	5
94	3
107	9
116	10
121	6
123	3
126	12
130	4
132	13
133	5
142	9
Market 82(F)
9	6
15	1
19	6
36	7
44	11
47	5
56	15
60	13
75	1
77	8
81	8
83	15
87	13
106	10
123	10
125	15
127	14
130	1
133	13
142	12
143	15
144	4
146	6
Market 328
11	5
14	1
18	11
26	4
28	12
38	9
41	8
43	6
46	12
49	4
53	6
54	1
57	6
65	9
74	11
85	10
87	2
93	6
100	10
103	6
113	6
116	2
118	7
123	1
126	8
133	15
135	11
138	10
144	9
145	2
149	4
Market 175
9	1
17	9
39	8
44	6
46	13
59	5
67	11
73	4
77	14
87	6
88	5
89	13
91	4
93	3
112	6
129	14
137	9
140	7
Market 128
8	4
10	3
30	10
45	10
53	1
56	11
65	13
73	9
78	9
86	7
89	11
91	1
93	2
96	9
97	4
109	4
115	15
124	10
125	4
130	9
131	6
145	14
149	7
Market 339(F)
5	9
8	2
17	12
20	12
25	4
32	10
33	12
34	1
38	14
39	15
42	6
44	11
53	11
57	8
60	2
72	3
75	3
77	7
78	7
81	1
82	1
83	1
87	2
93	10
96	4
101	9
105	11
106	15
110	10
114	15
130	5
133	4
135	13
140	5
143	7
146	11
Market 283
16	10
27	10
30	15
33	14
39	14
44	1
56	3
61	10
70	12
78	2
97	15
109	6
112	8
116	3
124	2
137	10
140	3
Market 165
27	1
41	9
45	11
53	12
74	8
77	4
87	9
88	11
109	12
113	10
116	8
125	11
135	8
146	6
Market 92
9	9
23	1
35	8
38	9
41	9
43	14
45	3
54	8
89	5
96	1
103	14
112	7
123	10
137	4
145	14
148	14
Market 250
25	10
33	11
41	14
42	3
43	3
45	13
46	7
49	2
50	4
59	13
65	11
68	10
70	15
73	15
75	2
87	15
89	14
106	13
108	7
121	13
125	9
126	8
135	15
Market 96
3	14
6	7
11	14
14	5
15	12
17	10
18	8
25	6
29	7
34	11
41	8
45	5
49	5
50	8
54	3
57	7
62	9
64	9
65	4
71	2
75	11
77	10
87	7
88	10
99	2
100	14
101	9
105	6
106	3
116	3
120	10
123	5
129	9
134	6
137	2
143	8
144	2
146	3
Market 140
2	4
12	11
25	14
28	1
33	14
53	9
60	2
76	3
82	1
89	6
95	9
99	9
102	1
115	11
121	9
126	12
131	6
Market 173
29	10
32	9
35	11
38	15
41	1
49	14
65	15
73	9
76	8
77	3
101	9
111	14
115	7
116	3
123	10
126	6
135	8
137	11
140	2
143	13
148	4
Market 162(F)
11	11
25	2
34	6
39	10
41	10
60	14
66	8
69	4
76	8
77	3
101	15
Market 83
18	13
24	13
43	6
45	15
54	15
57	5
70	4
86	1
90	10
100	4
123	8
125	15
129	12
130	14
Market 289
18	3
35	11
41	7
49	7
55	12
80	10
103	14
111	1
123	3
125	5
127	9
137	13
146	3
148	6
Market 344(F)
4	1
11	15
15	4
36	3
46	5
64	9
66	4
73	6
83	2
88	10
90	9
97	4
101	10
105	14
109	5
111	10
112	3
113	1
116	7
119	6
123	13
133	15
134	9
135	15
140	3
144	13
145	11
146	5
Market 299
14	8
25	3
28	9
29	11
32	3
38	5
45	7
53	9
67	15
69	8
72	2
75	7
78	15
86	7
88	7
103	10
111	8
118	3
123	9
124	8
129	1
134	9
142	15
Market 198
9	7
11	8
15	4
19	6
26	4
30	4
32	6
39	6
44	3
47	14
65	5
67	6
70	6
77	11
78	4
83	4
93	2
94	7
101	13
103	4
106	5
144	1
146	4
147	5
148	8
Market 337
14	1
15	10
26	1
29	14
41	15
43	11
44	10
56	2
57	2
69	4
73	3
75	12
81	6
83	10
91	9
107	5
115	4
123	1
125	1
132	7
133	8
140	5
141	3
Market 14
9	11
11	5
18	13
24	2
29	6
32	10
43	8
50	5
54	2
60	15
64	9
69	3
70	4
80	6
81	4
83	1
85	7
87	13
104	5
106	2
111	3
118	7
129	7
135	15
142	3
Market 88
11	14
14	2
17	13
25	14
29	4
54	5
64	15
67	14
72	3
77	15
83	8
88	14
93	5
105	3
106	1
107	1
121	12
123	13
124	9
126	6
140	14
148	3
149	1
Market 217
8	2
25	4
30	15
33	2
34	5
38	6
41	6
43	10
45	12
46	10
47	10
54	11
61	13
72	14
77	2
83	12
86	9
89	14
96	6
101	3
116	11
118	6
121	3
123	14
126	9
132	11
144	7
148	5
149	7
Market 248
4	5
8	13
12	11
15	4
24	8
26	4
37	15
57	8
87	3
88	9
91	4
96	8
99	12
102	8
120	15
123	5
127	6
135	7
Market 60
11	12
12	3
15	7
24	3
25	5
34	13
36	1
39	2
41	6
42	5
49	10
51	5
59	2
69	11
70	12
77	7
81	2
89	9
91	11
95	13
96	11
99	9
120	2
124	10
129	6
130	3
133	14
134	12
142	2
149	9
Market 153
3	1
6	13
10	6
19	13
24	10
30	10
36	13
49	10
53	8
87	2
90	2
101	9
119	14
134	15
140	11
Market 279
2	13
4	13
11	3
12	15
15	2
24	1
32	6
35	14
38	2
39	4
47	12
54	3
59	8
64	3
65	14
70	8
72	10
75	4
80	7
91	13
93	9
96	11
113	9
122	12
125	15
129	8
133	3
143	7
146	5
148	6
Market 284
8	11
15	15
30	7
44	6
64	3
66	2
80	10
81	14
83	9
93	6
97	15
100	4
109	8
119	4
121	13
129	1
133	8
135	9
137	4
144	15
145	3
Market 3
11	10
33	13
35	9
47	4
49	5
68	14
69	3
72	14
73	9
83	2
88	3
95	13
111	8
113	3
124	15
125	13
130	2
145	4
Market 87
2	13
7	12
9	15
19	2
43	11
49	5
54	15
59	4
68	5
70	4
79	3
80	12
84	10
86	10
89	10
105	11
106	13
107	15
123	7
126	15
129	13
131	4
140	14
145	2
148	7
Market 230
22	10
25	7
32	6
33	10
45	12
57	14
64	13
67	14
74	13
85	2
88	13
93	6
104	13
111	5
126	13
129	14
130	6
133	4
146	8
148	6
Market 304
2	3
4	13
8	9
12	11
17	9
26	8
27	8
30	4
34	5
37	10
38	5
50	12
53	7
69	6
70	7
72	14
77	13
81	11
82	13
87	5
96	13
99	5
113	5
120	1
125	4
129	8
137	13
143	4
144	1
146	5
Market 225
4	4
8	7
11	2
15	10
23	1
24	6
26	7
30	8
38	1
41	2
56	9
57	10
64	14
71	6
73	4
83	5
105	8
111	13
113	7
127	2
145	6
150	11
Market 324
6	14
11	3
57	4
69	15
74	15
85	7
100	2
116	9
118	3
121	15
125	6
130	15
137	14
Market 39(F)
2	11
3	11
6	13
8	2
12	9
14	15
19	4
24	11
25	9
34	6
44	14
46	10
47	5
56	13
60	6
61	13
68	14
69	6
77	9
79	15
83	12
87	3
89	10
90	6
93	14
101	3
104	15
106	2
109	6
113	13
121	10
124	6
125	6
126	10
127	9
129	12
134	9
141	4
143	4
146	13
Market 151
4	7
26	12
33	1
38	9
43	5
45	4
56	15
57	9
131	7
143	15
Market 67
5	5
9	7
12	3
17	1
20	8
24	3
25	12
32	14
34	12
37	11
41	4
43	10
49	11
65	6
69	4
83	8
86	14
99	15
103	7
106	5
120	1
124	9
127	8
133	2
137	14
Market 144
3	6
22	5
29	7
34	7
43	13
49	3
54	7
57	13
59	9
60	8
73	3
75	7
83	11
93	1
101	5
105	7
106	6
107	15
113	10
123	14
126	4
129	14
130	13
134	4
143	11
149	5
Market 152
5	14
18	5
32	8
34	4
41	13
45	10
47	1
50	14
61	7
64	11
65	6
75	14
81	7
105	4
106	12
112	1
113	2
119	7
123	10
126	6
130	4
134	4
144	7
145	4
Market 242
7	15
8	5
11	10
29	15
47	5
50	8
57	8
82	12
83	1
84	8
107	13
136	3
137	1
149	1
Market 245
24	11
30	7
36	7
38	4
42	4
43	10
44	7
51	13
69	12
72	9
76	15
89	9
93	10
101	1
109	3
121	14
137	9
Market 257
11	8
16	14
19	10
27	7
32	15
36	13
42	1
45	10
46	1
49	7
57	3
63	6
65	14
70	7
71	1
73	8
76	8
88	6
95	12
105	4
115	12
124	4
131	6
135	1
137	14
143	15
144	13
146	15
148	6
Market 53
4	6
8	6
9	10
14	1
22	3
23	4
30	5
32	9
35	7
37	11
38	6
41	4
42	7
43	3
46	3
50	3
70	13
72	3
75	2
77	14
83	5
91	14
106	5
115	7
116	1
122	1
123	7
126	7
133	1
135	2
137	12
143	7
146	6
Market 6
14	2
17	15
45	10
46	15
47	5
49	3
72	3
76	11
82	13
89	4
96	1
103	9
115	13
116	9
121	6
123	5
125	12
128	15
144	1
147	12
148	7
Market 106
5	6
9	6
11	13
13	5
17	8
18	13
25	10
31	7
35	7
43	12
59	1
61	2
71	3
80	7
82	12
83	7
88	7
93	11
95	8
97	5
102	6
115	3
143	5
Market 77
33	15
39	2
42	3
44	14
91	7
113	1
115	13
120	6
132	14
140	7
148	3
Market 218
2	7
17	9
20	7
34	8
39	10
46	8
76	7
83	5
93	1
96	11
99	10
107	1
113	14
130	10
134	9
145	7
146	13
147	7
149	10
Market 327
2	8
9	5
11	9
12	15
19	14
24	10
30	7
32	12
36	4
39	6
41	5
44	4
45	15
60	13
67	12
84	15
88	12
89	15
91	10
105	1
109	3
127	13
135	4
Market 13(F)
6	12
8	3
11	13
22	9
29	13
32	9
34	1
39	8
44	11
59	5
64	12
65	3
73	5
75	9
80	15
83	10
87	9
88	11
99	7
101	3
113	10
116	6
126	7
130	9
142	6
146	4
Market 31(F)
8	4
25	8
26	4
34	8
35	11
43	14
49	3
50	3
56	12
63	1
87	12
89	14
93	12
110	13
116	7
129	12
130	4
133	6
142	11
145	14
149	7
Market 70(F)
9	11
35	4
50	8
57	11
60	14
61	1
66	11
77	8
89	3
90	5
123	8
124	6
145	2
146	12
Market 307
4	4
6	11
8	15
17	1
18	13
25	15
39	13
43	5
46	8
47	1
49	2
80	12
87	5
93	11
121	4
131	5
140	5
Market 205
4	12
5	12
17	10
25	9
27	2
34	1
49	10
57	8
61	5
70	13
73	9
75	4
76	6
81	1
86	1
87	4
92	11
93	6
97	15
106	7
124	8
134	3
143	3
Market 322
4	15
10	5
19	9
24	5
27	13
44	6
46	12
59	4
60	1
65	4
68	7
69	14
73	9
80	6
86	5
88	11
90	11
108	15
111	6
112	14
116	6
119	6
129	5
133	5
134	15
137	15
144	10
148	8
149	5
Market 239
3	10
5	13
11	6
19	9
21	11
25	1
26	14
32	4
33	1
41	6
42	15
56	8
57	6
65	14
69	3
70	4
75	13
77	2
80	13
81	9
83	1
87	14
99	8
101	12
105	15
108	11
112	8
120	7
123	1
124	13
129	14
134	14
135	3
140	7
142	14
144	8
146	7
148	7
Market 293(F)
2	14
6	14
8	12
9	1
14	5
18	9
19	5
23	15
24	5
26	10
29	13
30	8
33	15
39	3
43	4
46	13
49	3
56	1
59	1
64	1
65	3
80	7
82	14
95	11
106	11
116	15
124	3
130	13
134	2
135	1
136	5
145	13
146	9
147	15
148	7
Market 74
4	11
18	8
32	13
45	11
47	15
49	7
50	12
60	4
65	14
71	1
74	5
81	7
90	8
92	2
99	4
100	13
106	1
115	13
124	15
142	4
145	6
146	4
Market 291
5	4
15	3
26	8
30	3
34	1
41	5
45	7
49	15
56	8
67	9
84	9
88	6
105	8
111	1
135	9
144	11
149	15
Market 182
3	2
6	3
11	8
12	2
29	10
33	13
38	14
44	12
47	13
57	14
60	6
65	13
67	8
73	11
83	13
89	11
99	11
106	9
107	15
124	10
126	1
140	6
146	12
148	15
149	9
Market 21
2	14
8	7
9	11
19	11
27	12
41	4
42	8
44	13
45	4
46	14
52	2
64	15
69	11
80	7
81	10
82	9
88	8
93	9
102	13
115	3
121	13
123	2
124	4
127	13
130	5
135	2
137	2
144	13
Market 332
4	10
19	1
27	8
30	12
32	4
46	7
56	8
70	2
73	3
82	1
90	8
113	11
116	9
119	6
121	15
130	11
143	3
144	7
145	11
146	3
Market 59
2	7
8	14
9	4
15	10
19	3
25	6
30	11
37	12
39	6
44	9
49	5
50	8
56	3
59	12
67	5
73	6
78	14
86	4
88	13
95	14
103	1
106	2
109	7
116	12
119	6
123	6
124	2
129	15
133	11
144	14
148	9
149	11
Market 213
3	1
9	1
17	2
29	8
34	3
49	11
54	3
57	9
59	6
77	15
102	8
116	15
125	15
130	11
133	6
135	11
144	4
150	7
Market 129
2	3
4	7
5	15
11	14
12	8
24	3
26	8
36	9
39	10
41	10
45	5
48	7
64	6
80	14
83	5
87	14
93	9
95	4
106	12
114	8
121	5
125	10
140	9
Market 164
1	15
8	9
11	11
45	2
46	11
55	2
60	8
66	1
71	6
90	7
97	3
125	3
129	12
137	12
144	6
145	2
Market 336(F)
4	2
8	15
15	13
30	5
33	15
44	10
45	5
46	9
50	6
57	13
72	6
77	7
80	6
85	12
88	10
93	10
103	15
107	11
110	10
118	5
121	11
126	8
130	5
133	10
137	13
138	9
140	8
148	4
149	5
Market 181
2	2
3	10
6	13
8	2
14	15
16	14
19	2
23	9
29	13
30	11
34	1
36	5
39	6
43	6
44	14
46	12
49	15
53	2
57	6
64	15
69	9
72	11
93	1
101	15
106	9
107	4
121	14
123	6
126	3
130	15
135	15
139	12
140	2
141	9
147	4
148	12
Market 44(F)
9	4
15	15
18	9
35	15
47	14
50	9
61	13
76	2
80	15
87	5
91	4
116	11
121	11
125	11
135	15
140	7
142	2
143	9
144	2
145	5
Market 41
2	4
8	9
9	12
10	4
11	12
12	5
16	9
24	2
27	9
32	13
57	9
60	13
65	3
69	11
73	9
75	3
78	2
81	11
88	7
91	6
99	9
102	3
113	9
115	5
116	10
125	5
130	11
131	7
140	10
144	7
Market 290
3	10
6	1
24	5
34	8
38	7
57	11
74	15
77	15
81	15
92	14
106	1
132	8
146	8
Market 2(F)
22	3
32	14
38	9
49	4
59	7
65	4
69	10
77	14
81	14
83	15
87	15
93	14
94	2
99	2
105	8
106	9
107	6
115	7
116	11
120	7
132	10
135	6
143	14
145	10
148	12
Market 150
2	7
25	11
26	14
49	4
63	9
89	4
121	3
129	4
134	7
137	9
140	11
145	4
Market 18
6	2
11	8
26	3
35	9
38	8
43	2
45	15
46	3
50	3
54	12
67	5
78	2
79	6
96	2
106	7
116	8
123	9
126	3
129	15
135	15
136	6
148	7
Market 169
6	12
8	11
24	15
27	2
35	15
41	13
50	11
53	7
54	2
69	7
71	4
76	11
95	6
96	5
104	9
106	6
111	9
116	7
123	9
125	7
137	11
Market 219
2	9
4	11
24	5
27	9
30	3
36	4
41	4
42	10
52	7
64	12
70	5
80	3
83	14
87	10
88	5
89	8
92	4
100	12
106	3
121	1
123	15
124	13
129	9
130	1
134	1
138	8
140	10
145	11
149	14
Market 130
11	2
29	11
38	5
80	1
87	5
90	9
119	3
133	13
134	7
135	15
150	3
Market 51
2	10
8	1
16	1
19	14
26	2
27	5
42	2
44	10
45	2
49	6
51	1
53	9
56	2
60	8
73	5
77	4
79	10
84	4
88	5
91	7
94	14
96	13
99	10
104	11
106	2
118	3
120	13
123	8
126	1
137	9
138	4
140	2
Market 189
2	14
12	1
29	3
30	8
32	4
38	1
39	15
56	9
57	9
61	10
66	5
69	10
102	2
115	10
116	7
129	12
133	3
137	15
143	9
145	3
148	11
Market 308(F)
2	3
5	9
17	7
25	8
32	11
38	4
71	4
73	5
74	15
80	15
81	7
95	2
99	2
102	15
113	12
127	12
134	3
140	4
142	14
144	14
Market 122
4	13
8	13
9	13
14	5
41	9
45	14
54	3
60	1
73	3
85	9
91	8
99	8
104	2
120	13
131	10
134	13
135	13
141	9
145	14
149	2
Market 5
1	7
2	11
8	12
10	12
11	13
16	15
18	8
19	15
24	1
26	12
30	5
33	13
38	10
41	5
42	15
50	15
69	2
72	9
79	9
82	13
100	1
111	8
118	2
121	5
124	13
126	8
129	1
134	12
136	5
143	13
Market 114
2	10
9	8
11	7
17	12
22	1
25	1
32	15
45	5
49	12
63	12
72	14
73	5
77	5
83	4
86	13
96	6
110	2
112	5
123	10
127	12
134	5
Market 252
38	7
41	5
64	1
87	5
89	11
105	3
125	7
Market 325
14	11
27	13
32	8
41	6
42	9
53	13
54	5
56	2
57	7
60	13
70	13
101	1
104	5
107	4
111	1
126	5
129	6
133	15
135	6
144	13
149	5
Market 132
3	13
5	4
9	2
17	7
25	4
27	11
30	12
45	6
53	3
56	13
68	11
69	1
75	3
81	5
83	3
93	7
96	10
101	1
108	14
116	6
125	2
129	12
134	6
148	1
149	3
Market 333
3	12
34	15
45	1
49	8
53	1
59	2
71	8
111	3
123	8
127	2
133	15
Market 317(F)
2	7
11	4
20	7
30	4
44	6
56	9
72	1
75	4
76	1
78	10
82	13
101	4
106	3
109	3
124	13
130	4
135	1
136	9
Market 113
2	11
4	7
8	13
15	15
25	12
27	3
35	13
37	13
38	12
39	7
44	13
47	13
53	10
54	14
69	14
70	3
83	3
93	1
99	15
100	2
105	4
123	4
130	4
136	4
137	3
140	1
143	4
147	9
Market 259
25	1
35	1
43	5
45	12
49	2
69	2
71	10
76	15
78	7
83	13
101	13
123	4
133	11
135	7
Market 265
1	11
14	13
19	14
33	15
35	5
41	15
46	3
50	13
74	7
92	8
101	13
115	5
121	4
126	7
132	14
Market 116
4	5
9	13
12	9
24	9
39	4
45	9
48	2
56	8
60	6
64	11
70	9
100	14
105	2
111	14
115	3
123	5
129	3
130	7
145	10
Market 323
1	10
2	14
6	13
8	12
12	15
25	6
26	11
34	13
38	13
41	5
49	2
58	15
59	2
64	2
80	4
82	12
93	10
95	6
100	12
101	15
106	5
113	13
115	2
116	11
121	10
122	8
124	8
140	1
148	11
Market 196(F)
3	3
17	14
25	14
28	9
32	6
34	5
38	3
43	7
49	11
60	13
65	7
70	9
80	4
82	11
87	6
88	9
91	15
101	14
106	5
107	1
111	7
116	6
123	2
125	14
130	14
131	4
133	11
Market 23(F)
4	4
8	6
18	2
26	3
29	13
30	14
32	6
46	9
49	4
53	5
68	3
71	15
77	4
83	13
86	8
89	10
90	3
97	10
124	15
129	4
134	12
140	5
145	5
148	14
149	3
Market 334(F)
13	6
34	13
49	2
53	14
75	3
77	10
81	13
95	13
111	9
113	11
120	14
125	3
135	8
144	5
Market 168
1	6
47	3
67	8
69	9
81	5
88	8
124	12
133	12
142	15
144	6
Market 193
10	5
12	2
16	4
26	4
36	6
41	5
42	13
44	14
45	9
47	6
60	3
70	13
77	13
78	3
80	12
81	3
100	5
103	10
106	4
107	4
110	11
121	11
125	11
130	1
135	1
Market 216
7	5
18	11
32	1
38	9
45	7
50	15
54	12
60	13
71	10
72	4
87	8
93	1
102	7
116	6
118	14
124	13
125	4
133	12
135	15
140	7
146	15
148	3
149	7
Market 238
6	8
29	7
45	1
57	2
72	3
78	9
97	5
113	7
116	7
123	11
127	11
134	6
144	3
Market 183
38	4
46	4
49	15
65	3
69	9
72	11
73	7
84	5
101	12
113	3
123	7
126	12
130	5
135	1
144	15
149	5
Market 178
3	11
9	14
18	13
23	12
25	7
29	13
41	1
43	15
45	6
47	13
54	2
71	9
83	7
93	5
99	10
101	12
121	14
124	15
126	12
127	15
135	8
140	14
144	11
Market 251
9	6
10	6
14	10
15	2
18	2
19	4
23	6
32	4
35	14
42	13
46	6
53	10
54	13
56	13
59	4
60	8
66	2
70	7
77	13
88	5
95	14
100	4
109	5
121	10
133	1
137	8
143	15
145	9
Market 220
4	2
15	11
18	2
25	6
26	2
34	7
46	2
49	11
50	3
57	6
60	7
67	6
72	2
89	1
94	8
96	13
101	8
103	12
110	14
115	3
116	7
123	13
126	6
128	2
132	9
144	11
149	14
Market 75
3	6
6	12
8	12
10	3
11	14
14	9
18	1
22	12
24	14
27	14
29	13
38	6
39	2
41	2
43	4
46	11
49	8
57	1
64	1
65	4
67	14
75	10
106	8
107	10
118	2
121	11
125	13
132	9
133	12
134	13
143	11
144	7
147	15
Market 243
2	10
4	15
12	13
25	14
30	12
43	12
45	3
49	8
70	15
93	1
122	12
123	13
130	11
137	12
Market 292
2	1
10	5
12	13
27	3
30	10
33	4
37	7
46	9
57	11
70	4
76	4
82	4
87	7
88	5
93	8
106	7
115	4
121	1
126	2
133	3
137	11
Market 4
4	2
18	10
24	1
26	6
29	14
33	4
36	7
47	9
49	2
59	13
71	4
72	12
73	7
75	9
79	9
80	9
90	14
94	7
97	4
101	5
105	6
107	8
113	1
119	9
121	4
126	9
133	8
135	9
137	1
144	3
150	1
Market 30
4	4
8	8
12	7
19	11
39	13
46	7
48	11
49	5
51	12
57	12
81	12
82	11
96	11
121	7
126	2
130	4
131	4
Market 174
6	14
11	4
34	15
60	10
76	13
82	12
88	6
93	5
124	15
130	9
142	1
143	13
146	10
147	9
149	4
Market 104
1	10
4	4
9	4
15	15
24	11
26	14
30	3
32	3
35	9
43	6
45	4
47	3
50	15
55	5
66	7
71	4
76	13
77	7
78	11
88	13
106	6
109	12
116	9
121	6
127	5
137	1
147	2
148	12
Market 221
4	9
9	14
14	9
15	5
23	1
24	12
30	7
49	7
56	13
60	5
65	7
72	8
85	7
86	2
89	5
96	13
99	10
101	5
106	12
112	1
116	7
131	15
135	9
144	5
149	15
Market 269
3	4
4	6
8	6
14	15
25	11
34	3
35	5
45	4
49	4
54	4
69	3
72	4
78	8
83	12
88	13
89	5
96	5
99	15
106	14
118	7
121	11
129	11
135	15
140	2
Market 134
1	2
4	8
8	14
32	2
38	5
45	13
55	5
60	13
63	10
69	4
73	14
79	12
80	10
85	2
89	12
106	15
116	6
121	9
138	13
148	8
Market 22
2	4
11	7
18	2
19	8
26	8
38	4
59	11
61	7
70	3
75	14
80	6
83	1
86	14
87	3
88	3
95	1
100	9
106	9
123	1
124	9
126	4
130	7
133	3
134	13
Market 263
1	6
8	1
9	12
11	2
14	4
15	11
17	4
24	12
25	1
28	10
30	8
34	6
35	3
38	1
39	7
41	11
45	4
57	12
64	14
69	2
70	5
80	14
87	15
96	7
105	4
116	2
118	2
123	12
129	3
135	12
137	4
142	15
144	11
145	14
146	6
149	14
Market 40(F)
4	4
8	8
19	1
23	15
35	2
38	4
43	9
60	4
70	4
77	12
83	4
84	10
94	1
106	3
132	3
135	11
143	8
145	15
148	2
Market 97
17	3
28	5
53	4
72	13
88	7
101	10
111	14
121	6
125	7
142	11
144	15
Market 261
2	5
11	3
30	9
39	6
49	8
60	9
86	11
88	7
105	9
111	14
116	11
119	5
123	13
135	10
140	8
148	8
150	8
Market 187
3	5
6	8
9	1
15	13
24	6
32	13
41	9
43	7
46	3
57	10
78	14
93	10
101	6
103	9
113	9
115	13
116	14
123	12
125	3
126	4
131	12
135	5
142	7
143	14
Market 266
4	8
10	12
11	13
12	7
32	1
33	1
38	3
44	2
53	9
65	6
74	7
79	2
84	11
89	15
91	15
96	14
101	15
111	15
118	15
121	1
129	4
133	7
137	8
140	2
144	6
146	6
148	14
Market 303(F)
11	3
18	7
29	8
31	5
35	7
41	5
46	11
58	15
60	8
72	1
73	15
83	10
93	12
107	11
113	13
121	6
122	14
124	6
126	14
128	7
130	1
133	11
135	1
140	4
144	3
Market 101
15	12
22	14
25	3
26	2
34	11
46	6
47	3
54	6
57	3
67	12
72	6
83	1
88	9
93	12
100	9
109	1
115	15
121	1
127	10
128	14
136	5
137	6
144	1
148	9
Market 86
2	12
4	14
9	12
12	13
24	8
26	6
30	8
49	5
50	9
64	15
69	15
71	15
80	15
83	12
89	14
113	7
124	9
129	12
135	7
145	9
Market 62
6	5
25	13
38	3
41	2
46	8
57	3
60	13
64	14
81	9
94	3
101	3
106	6
111	6
115	15
118	14
125	11
131	14
132	12
135	11
145	11
147	11
Market 229(F)
9	11
24	15
26	10
56	6
60	9
64	2
65	2
69	13
70	4
71	4
88	2
95	15
99	13
100	14
106	5
116	3
132	10
137	8
140	3
146	12
Market 65
3	5
4	4
8	6
12	10
14	8
17	5
26	3
29	9
30	7
32	12
41	11
46	4
55	12
57	13
65	10
67	3
68	11
72	15
73	4
77	11
80	3
86	2
89	8
93	12
101	13
115	9
118	11
121	3
123	7
124	8
131	15
136	5
140	11
143	15
148	15
Market 157
3	6
9	3
14	15
22	7
29	6
36	10
40	12
41	7
44	7
46	15
50	4
53	5
54	4
59	2
64	6
65	12
68	14
73	9
75	2
80	5
93	11
97	8
105	13
106	7
107	1
111	12
113	6
126	4
129	12
135	2
137	13
142	10
143	5
Market 52
11	8
24	15
29	13
38	15
41	9
46	8
47	4
57	5
87	6
89	14
92	14
99	15
107	1
122	3
130	15
148	5
Market 236
4	10
37	3
41	15
46	2
49	2
53	6
59	9
60	3
61	7
69	3
78	10
86	11
87	12
88	10
94	3
109	14
111	5
119	1
121	13
122	10
133	12
136	3
137	14
143	3
145	3
148	11
Market 17
2	8
14	3
15	6
17	11
19	9
24	14
32	11
42	6
46	12
51	1
54	11
57	8
64	5
65	3
72	15
88	5
103	15
105	10
120	2
121	3
130	10
133	9
136	6
137	6
143	15
Market 315(F)
9	11
15	1
32	3
38	2
50	4
57	4
64	13
69	5
77	1
80	8
83	4
87	12
113	15
115	2
116	12
123	11
129	5
130	3
137	1
140	8
143	1
146	12
Market 149
9	9
11	7
13	3
17	10
20	9
31	14
38	11
40	14
45	9
57	15
60	14
64	14
70	10
73	2
76	8
77	13
83	9
91	10
96	12
105	9
107	10
120	5
124	2
130	9
131	11
148	15
149	11
Market 110
2	14
9	12
11	11
12	2
14	8
16	9
21	14
30	9
35	1
45	6
53	1
60	11
64	12
67	6
72	10
77	4
88	6
92	3
96	6
101	6
104	12
111	6
113	8
118	2
124	12
125	6
126	1
129	6
133	10
138	6
141	4
142	7
143	4
146	8
Market 24
8	10
28	2
29	14
59	14
60	2
65	11
70	6
75	10
77	10
78	10
83	10
87	6
106	14
123	8
126	2
127	5
135	9
137	11
144	13
147	6
Market 253
8	8
9	1
11	2
12	12
22	10
24	13
27	7
29	12
30	10
32	3
35	11
37	13
39	15
43	4
44	3
47	9
64	8
65	5
69	15
72	3
76	13
79	6
89	2
94	7
104	9
106	2
121	6
137	3
138	15
143	13
144	11
Market 260
4	13
8	7
9	9
11	11
17	14
24	13
29	6
30	4
32	9
34	12
41	6
45	9
50	9
60	7
61	7
81	4
83	2
100	7
103	2
119	7
123	1
124	3
127	7
129	7
135	12
149	5
Market 305
9	6
26	3
29	1
32	1
39	2
45	11
52	9
63	6
65	11
66	1
67	1
69	8
70	10
71	15
88	2
91	9
95	11
96	1
101	9
109	1
116	3
120	10
121	2
123	1
129	11
133	3
135	10
137	7
144	15
Market 158
12	8
25	1
37	14
46	6
65	2
68	7
72	13
80	9
85	2
89	10
92	12
100	14
101	3
104	9
111	7
131	3
138	3
Market 138(F)
4	1
12	7
15	15
24	6
39	5
41	6
45	2
47	5
54	12
56	2
64	12
69	13
70	5
76	8
87	6
93	11
105	14
129	2
148	6
Market 80
8	4
25	3
28	3
53	13
57	11
62	14
76	7
86	11
87	15
93	14
96	9
102	4
105	13
115	15
120	10
127	9
140	10
145	1
Market 33
2	3
12	6
14	2
20	15
27	1
29	15
32	5
34	14
46	8
73	11
78	9
83	15
102	3
105	7
112	5
114	5
119	1
134	3
148	3
Market 50
17	4
32	10
38	5
40	2
42	2
45	11
46	11
53	4
64	9
67	3
72	4
78	6
84	10
85	10
100	4
104	2
105	14
106	5
110	14
129	7
134	10
137	6
140	7
144	8
145	6
149	13
Market 267
3	3
12	4
14	9
21	10
24	10
25	6
26	4
27	15
29	1
30	4
33	6
41	7
46	3
47	9
54	11
56	5
57	4
58	5
67	12
82	5
83	1
86	8
87	8
89	14
93	9
94	5
95	3
102	2
105	5
107	14
109	13
110	11
116	12
121	1
124	5
126	6
129	6
131	5
133	4
136	1
143	2
Market 272
7	8
32	11
35	8
43	13
47	2
65	13
72	14
73	3
78	5
84	9
95	3
97	5
103	2
106	1
123	12
124	3
126	15
127	10
137	11
Market 73
3	7
9	13
10	3
33	10
46	10
48	8
65	3
85	12
89	14
126	6
137	9
146	11
Market 160
29	4
43	10
45	15
50	6
69	4
82	10
83	12
91	11
120	3
129	15
137	1
145	14
149	7
Market 100
32	3
43	3
63	7
80	15
83	6
84	2
89	1
93	4
101	1
115	10
120	15
124	15
126	6
134	7
137	4
140	12
143	6
144	10
Market 167
2	15
8	13
12	5
16	4
19	12
25	12
33	2
37	1
41	10
44	12
46	6
55	8
56	11
59	4
70	2
71	6
73	2
77	15
80	7
83	2
86	12
88	3
89	11
97	3
105	9
106	12
108	10
118	8
123	8
126	4
134	7
135	5
137	13
144	4
147	7
Market 11(F)
21	12
32	10
38	13
41	3
43	11
57	2
60	7
69	13
70	7
72	13
73	10
100	15
134	4
144	15
145	2
149	15
150	14
Market 117
7	5
15	9
18	14
24	3
26	1
32	13
35	14
38	11
39	15
44	13
45	1
52	6
66	9
67	13
69	14
71	13
72	9
80	1
124	14
129	3
140	1
146	12
148	3
149	9
Market 191
6	12
9	10
22	8
43	7
47	4
54	14
57	10
65	15
68	6
71	13
75	5
80	8
81	8
83	10
86	3
87	8
88	14
95	6
119	11
121	9
123	1
126	7
133	4
142	6
144	9
146	4
Market 123(F)
5	7
9	13
40	13
59	14
65	9
84	14
94	5
106	6
113	14
126	10
135	15
138	2
148	7
149	9
Market 141(F)
30	7
33	13
38	12
49	5
54	9
65	7
68	12
86	5
87	5
111	2
113	5
129	5
140	9
145	1
Market 108
8	5
9	13
11	8
19	3
30	5
32	3
38	13
41	4
43	7
45	5
50	12
57	5
60	6
64	12
69	9
73	1
81	3
83	10
86	4
93	10
100	5
102	3
105	10
109	15
113	1
118	9
121	10
134	12
137	13
145	2
149	4
Market 281(F)
3	3
8	3
24	8
27	13
32	12
33	2
42	15
44	13
45	6
47	4
49	13
56	5
60	6
76	5
86	12
115	10
126	15
133	8
136	12
144	13
145	6
148	6
149	12
Market 180
1	13
2	12
4	15
16	5
24	10
33	11
35	7
42	5
43	15
45	12
46	3
49	14
50	15
53	5
69	6
77	15
80	9
87	4
93	4
96	12
105	11
126	8
131	6
136	5
146	6
149	3
Market 309
2	3
4	3
8	15
9	14
16	11
19	1
25	1
29	13
33	12
38	13
39	8
41	1
43	5
49	12
53	8
56	2
59	13
65	12
69	2
70	10
71	3
73	12
75	15
86	14
88	3
93	6
106	2
108	10
116	3
123	11
124	6
125	10
137	7
142	7
148	11
Market 72
12	12
16	2
27	7
30	7
33	7
37	6
39	1
41	14
42	7
46	10
60	4
64	5
69	9
73	11
80	8
81	13
89	7
100	3
105	5
106	4
113	12
121	8
125	1
128	2
142	5
Market 247(F)
9	12
11	5
14	8
17	6
22	2
29	5
38	7
54	6
60	5
61	2
69	5
71	12
78	13
80	13
81	9
83	8
87	10
88	5
91	7
97	10
103	5
105	14
108	5
112	11
134	8
140	7
145	3
148	2
Market 255
11	1
12	12
19	2
24	7
26	14
42	3
43	12
45	13
46	4
47	10
50	4
51	2
54	15
57	2
69	3
72	2
73	14
86	10
89	8
91	5
96	7
99	8
103	2
106	3
111	4
112	13
120	8
124	6
125	6
128	6
130	15
133	1
134	8
137	9
138	2
140	10
143	8
144	9
149	10
Market 237
4	7
9	13
11	6
18	11
19	6
24	6
26	2
32	5
37	14
38	13
46	9
50	13
60	14
89	3
95	14
96	6
102	9
113	8
116	13
127	4
133	14
135	10
137	14
140	15
145	4
146	2
Market 223
4	15
8	9
9	9
11	11
12	13
19	14
25	12
32	1
34	13
38	12
39	13
41	2
44	2
53	2
70	4
78	11
80	14
82	14
87	14
96	8
100	4
101	13
109	1
123	6
124	1
127	2
133	8
134	8
137	7
140	14
144	9
146	10
149	15
Market 254
2	10
11	5
36	14
41	13
49	4
70	15
87	11
94	4
100	13
101	11
113	13
135	13
136	4
143	3
144	3
Market 139(F)
2	3
11	15
15	13
18	3
19	1
24	1
25	9
27	3
29	9
30	7
35	6
37	2
43	13
45	5
47	4
50	5
56	7
62	7
65	1
72	8
78	3
83	11
86	14
87	1
88	9
99	4
109	11
112	6
116	3
124	7
129	6
130	14
134	6
135	2
137	9
144	13
145	10
146	10
Market 176
10	7
26	8
42	14
65	15
66	9
77	11
87	9
126	12
130	1
133	2
Market 36
3	9
9	14
23	1
34	15
38	13
49	14
68	10
69	14
80	14
81	11
86	1
100	10
119	12
124	12
134	11
142	11
148	9
150	9
Market 38
10	11
16	8
27	8
30	15
45	13
53	7
57	11
69	1
72	9
100	7
101	10
106	6
115	12
121	1
130	12
140	11
143	3
144	5
149	8
Market 48
8	8
32	2
43	6
46	4
50	14
57	10
67	3
68	12
73	8
83	13
123	12
127	5
129	2
137	5
Market 90(F)
9	2
10	9
11	14
33	12
39	12
41	3
43	14
46	11
51	9
57	14
60	13
76	14
88	12
115	10
121	4
137	6
140	8
148	15
149	3
Market 203
2	11
4	5
9	5
11	10
18	2
32	11
46	6
50	9
65	10
67	10
69	2
71	4
78	11
81	14
96	8
103	1
109	1
125	15
134	2
144	9
146	3
Market 118
3	8
9	13
14	11
54	10
63	1
64	4
83	5
86	7
88	4
91	3
97	8
105	3
106	12
112	2
120	6
125	10
126	9
148	4
Market 172
15	12
19	2
33	11
36	11
69	14
72	15
78	14
80	5
84	13
87	5
101	13
103	9
110	6
116	7
128	8
130	6
144	9
148	1
Market 54
4	12
5	13
8	8
12	11
14	4
21	14
24	12
25	10
28	13
32	9
33	1
39	5
41	4
43	12
49	8
53	10
65	12
83	15
93	1
123	5
127	2
135	1
136	11
137	8
143	2
146	9
Market 300
10	9
44	13
56	12
57	10
72	6
73	15
77	15
89	1
93	8
97	14
104	14
116	14
133	11
136	13
139	11
140	9
150	3
Market 146
2	5
8	2
15	8
26	5
44	4
46	6
49	6
51	14
69	6
71	15
73	11
81	4
87	7
95	14
100	6
102	12
107	2
113	6
124	13
126	15
132	15
133	14
134	11
135	13
140	5
142	3
144	12
146	1
Market 275
9	2
19	13
30	2
35	12
36	15
42	13
46	7
52	9
65	7
68	5
70	9
87	2
89	13
129	10
137	12
146	10
Market 271
2	7
5	15
9	12
12	9
14	8
15	13
21	12
24	4
29	12
32	2
34	4
36	14
38	10
53	8
69	2
86	1
105	6
113	9
115	5
116	14
121	7
123	8
125	9
130	6
134	5
137	3
140	6
142	2
143	3
Market 184
8	8
12	12
17	12
27	4
39	1
42	4
44	1
46	2
60	9
61	12
65	1
67	1
70	13
72	3
82	12
87	11
88	3
101	9
115	4
116	14
119	4
122	14
127	5
129	3
130	6
133	7
134	15
137	12
148	12
Market 131
4	14
11	14
13	3
25	13
27	8
30	13
32	10
38	15
41	12
42	8
55	3
61	10
77	12
87	7
88	15
94	7
105	10
111	5
113	1
119	14
144	12
148	9
Market 282
3	15
8	14
11	10
57	10
60	5
63	4
64	8
69	1
72	9
80	1
82	13
88	10
89	10
93	4
96	4
112	11
113	7
121	9
124	4
128	3
134	7
144	7
146	15
149	3
Market 68
12	5
16	5
33	6
38	12
41	1
53	7
56	10
57	6
64	7
69	6
72	12
87	6
101	9
109	9
130	1
143	9
144	8
148	10
Market 286
9	13
22	13
25	3
37	13
39	15
41	12
43	4
46	10
68	6
77	14
93	11
97	14
99	12
101	9
108	7
113	13
116	3
123	3
140	10
148	10
149	11
Market 294(F)
4	10
11	7
15	11
41	12
43	10
54	11
57	8
60	8
67	12
69	5
70	4
78	10
83	8
86	13
91	15
99	11
101	3
129	13
131	13
133	13
134	7
Market 249
9	12
30	14
44	1
46	11
49	5
65	4
86	7
87	5
97	2
101	13
105	3
119	14
123	2
129	9
140	2
150	9
Market 78
1	13
2	5
9	3
18	11
30	8
33	2
38	3
41	1
43	6
46	2
50	11
64	11
70	4
73	15
86	15
87	13
88	2
89	2
96	12
100	12
105	5
113	5
120	9
123	4
125	4
126	15
128	3
129	4
133	7
144	2
149	8
Market 170(F)
3	6
9	2
11	7
17	8
29	7
65	6
67	8
68	11
70	7
114	2
125	10
129	3
132	1
133	11
134	8
137	2
143	4
Market 135(F)
3	14
8	1
11	8
30	6
32	15
34	9
42	4
47	1
53	15
59	9
65	7
70	7
77	10
81	3
87	1
88	4
92	3
93	11
107	1
113	6
127	12
140	7
146	8
149	3
Market 302(F)
3	7
4	4
5	5
21	15
46	13
49	4
53	7
56	8
69	11
71	8
78	10
80	15
84	2
88	9
91	6
99	14
102	12
103	3
109	12
126	8
127	9
129	15
130	4
134	5
138	3
140	7
Market 295
14	9
15	6
21	8
28	5
30	1
34	15
41	4
46	13
47	12
49	13
56	9
60	12
70	4
82	13
83	3
95	10
100	3
102	6
106	4
123	11
126	5
146	11
147	15
Market 121
3	6
11	3
15	13
26	13
30	3
32	1
33	13
38	5
41	12
45	12
46	2
49	3
64	3
70	15
77	12
80	1
83	12
87	13
88	5
89	9
100	10
125	11
137	1
Market 89
2	3
3	15
6	14
27	15
39	14
49	5
67	5
72	12
78	4
80	7
96	4
120	1
121	4
123	12
125	8
134	11
Market 147
4	15
10	7
26	13
30	9
41	4
45	3
49	5
56	5
81	7
106	10
116	15
123	14
125	10
137	6
138	13
Market 56(F)
2	3
19	4
26	4
30	6
33	3
38	13
41	2
45	1
49	10
65	1
69	4
70	15
83	6
87	15
88	7
89	13
91	9
103	14
104	3
113	6
117	4
123	15
126	4
130	10
134	8
135	5
144	2
Market 9
4	11
8	15
12	4
30	3
32	13
67	12
73	1
76	2
78	6
80	3
100	8
103	13
105	9
113	15
119	1
121	1
129	1
130	3
137	11
140	2
143	11
Market 63
8	4
11	2
20	13
24	2
32	8
34	8
38	4
42	4
53	14
57	12
59	1
64	3
65	8
69	10
72	1
74	3
81	8
92	12
99	10
106	7
109	7
123	14
130	4
133	6
146	12
149	8
Market 112
4	15
12	12
24	7
33	6
46	3
70	5
73	13
83	11
86	10
101	11
103	11
106	12
123	4
136	11
140	8
143	11
145	8
Market 311
2	13
3	10
6	7
8	13
11	7
12	3
18	2
24	12
25	1
27	9
39	15
43	1
46	11
50	12
65	5
72	9
86	8
88	5
118	4
140	6
144	15
148	1
Market 163
12	6
15	11
26	2
39	5
43	4
64	9
80	12
82	10
87	3
97	1
112	3
123	15
129	7
147	4
Market 277(F)
2	14
4	4
12	2
17	3
25	5
33	2
37	10
39	11
44	7
45	13
53	11
56	8
64	13
72	7
74	6
81	7
89	2
111	12
112	14
116	8
126	13
137	13
140	4
143	8
145	3
Market 340
2	14
33	6
41	5
44	9
47	4
49	10
50	5
56	4
63	11
65	2
73	10
77	6
82	8
87	10
106	9
109	10
115	5
124	7
130	15
136	15
143	11
144	15
148	14
Market 94
4	15
10	6
37	8
41	13
42	8
45	4
49	7
60	2
61	3
64	4
68	10
79	5
81	12
87	12
88	15
93	11
100	15
105	2
106	9
116	13
121	3
129	5
134	6
137	6
140	12
142	11
Market 258
2	7
8	3
38	10
43	13
46	1
47	10
50	6
56	6
57	3
59	1
60	13
62	6
72	2
89	13
91	5
96	7
101	14
111	10
123	8
129	1
133	3
134	7
137	3
140	9
149	6
Market 25(F)
1	1
5	7
27	4
39	15
44	9
46	7
47	13
60	10
65	5
70	5
73	4
80	5
87	8
111	8
116	14
121	14
123	1
124	7
126	14
127	8
134	13
144	5
149	12
Market 343
2	8
9	8
10	9
11	14
15	13
19	11
27	14
29	9
30	15
35	3
54	12
57	6
69	2
73	10
86	4
88	9
93	2
96	1
97	11
105	6
109	14
119	2
123	6
125	14
130	12
133	15
144	6
146	8
149	5
Market 244
24	8
30	6
37	13
42	5
53	12
56	4
64	3
73	4
91	6
96	5
113	13
116	9
144	2
Market 49
14	3
22	13
46	5
47	14
49	12
54	12
57	2
60	9
64	7
65	15
71	15
77	4
123	5
130	6
137	12
143	2
146	11
Market 201
11	10
15	14
19	2
34	1
35	9
44	15
45	14
53	4
56	1
77	11
96	12
99	1
102	6
106	10
109	8
111	8
112	13
116	9
124	1
129	4
Market 142
8	11
11	14
15	13
30	11
33	9
36	1
41	15
44	2
50	4
61	7
70	2
73	13
90	6
95	12
102	13
130	5
133	4
140	4
145	10
148	6
150	11
Market 10
2	6
6	11
8	7
12	5
14	6
23	13
25	5
26	1
30	2
32	12
33	1
39	8
45	5
47	12
50	13
60	12
70	14
80	12
81	5
102	3
106	11
121	3
127	6
129	14
140	7
148	8
Market 202
10	2
49	11
56	10
68	8
81	9
97	13
123	1
125	4
146	7
Market 204
3	6
11	13
12	12
15	9
17	1
25	14
26	10
30	11
42	1
54	1
56	10
64	9
106	13
108	14
116	9
121	10
135	12
144	10
145	9
149	4
Market 231
5	10
9	5
14	7
16	11
21	9
32	3
38	14
42	11
43	1
45	8
56	9
64	15
67	8
78	6
84	8
87	13
88	15
94	5
99	5
106	5
107	1
111	15
113	7
115	2
116	1
120	13
122	2
123	13
125	9
130	10
132	11
133	2
140	14
143	12
Market 190
11	7
18	11
24	7
26	2
59	14
67	12
70	12
71	13
83	12
88	14
95	4
96	2
101	13
103	4
106	5
113	9
121	15
126	10
142	3
148	13
Market 256
11	12
14	7
22	1
29	1
43	5
45	4
49	5
57	14
70	15
72	3
78	2
84	6
88	15
89	8
93	11
96	6
106	15
110	15
115	3
116	14
124	3
126	10
128	15
135	8
136	12
144	9
149	2
Market 125
4	1
11	3
14	2
15	14
16	7
19	11
21	13
25	1
27	6
32	6
36	2
37	13
38	7
41	8
44	1
50	12
57	1
72	1
80	14
84	3
90	12
97	9
99	15
103	4
106	7
111	2
113	1
123	11
124	14
133	12
140	3
145	15
146	2
Market 268(F)
3	11
6	10
9	15
11	15
15	7
29	1
32	15
35	7
45	3
49	11
57	5
64	3
65	8
69	15
73	5
77	6
83	13
91	12
93	8
97	2
99	1
105	13
113	1
116	5
120	4
124	9
126	15
129	10
133	3
136	12
137	12
148	12
Market 350(F)
8	11
19	10
25	11
33	12
38	3
44	12
46	15
59	1
64	14
71	2
72	8
84	6
87	15
88	10
89	8
96	6
107	3
118	11
122	3
123	10
124	8
125	9
135	15
137	7
140	5
144	2
148	14
Market 280(F)
1	3
2	6
4	15
11	4
26	4
33	10
39	4
47	7
49	4
50	2
56	5
65	7
78	9
83	3
84	3
88	8
89	4
101	11
105	2
110	9
111	8
121	4
124	5
133	9
145	3
146	1
149	10
Market 45
8	5
17	4
25	2
41	7
43	11
60	4
70	8
80	5
103	7
119	15
145	8
Market 19
15	6
17	9
19	6
29	11
30	12
34	6
36	5
46	1
51	1
54	2
57	3
59	8
63	4
65	15
69	1
71	8
82	12
95	10
99	1
101	1
105	9
112	15
115	6
121	3
124	6
131	7
137	10
146	12
147	1
Market 76
2	14
19	3
24	11
33	6
53	13
60	14
65	2
67	14
72	4
77	13
84	6
87	9
89	11
104	4
111	8
113	10
116	5
121	3
123	5
128	5
132	10
135	1
136	14
140	13
144	7
Market 211
1	15
8	12
12	2
15	6
26	8
36	12
41	1
69	9
77	10
91	14
96	6
99	8
119	15
126	14
135	12
145	13
Market 148(F)
8	11
14	10
41	9
49	5
58	9
78	14
83	11
84	6
87	13
88	3
100	4
103	1
106	8
115	11
118	8
121	4
131	9
138	1
145	13
146	7
Market 224
1	2
12	8
24	14
26	8
30	4
33	2
36	1
46	9
47	12
49	9
50	14
60	2
61	3
65	13
86	7
89	7
93	15
101	10
106	2
118	11
119	11
124	1
130	15
135	6
140	15
144	5
145	2
149	11
Market 145
8	8
15	5
16	7
25	14
44	1
56	2
60	12
67	10
77	1
78	11
83	1
85	5
87	1
88	14
93	8
104	5
113	13
118	1
128	7
132	2
137	10
Market 91
1	3
2	7
9	9
12	7
18	10
26	15
30	4
41	13
50	12
55	15
63	10
88	7
93	10
100	6
101	4
106	14
112	2
120	6
125	2
131	2
133	4
135	12
146	3
148	14
Market 155
6	1
11	5
15	15
17	11
30	13
32	1
33	3
39	3
47	4
49	6
68	14
75	2
80	8
81	4
86	13
88	4
96	5
100	11
103	14
146	6
149	14
Market 215
2	6
14	9
30	13
33	15
34	12
36	5
37	10
41	11
42	10
45	13
46	14
49	6
51	10
56	2
60	3
64	10
67	1
75	12
83	6
89	13
96	6
100	3
104	7
106	6
116	9
117	8
121	11
125	14
126	5
129	11
148	12
Market 111
2	1
4	1
10	5
11	15
12	2
16	3
19	1
24	8
25	13
37	1
38	10
39	5
42	12
43	15
46	3
49	9
56	3
57	4
60	8
64	4
67	1
69	2
79	2
80	6
81	9
83	3
89	14
116	6
118	4
124	11
130	6
133	6
138	14
140	6
144	5
146	11
Market 84
2	4
4	6
8	5
19	15
25	2
32	8
33	6
39	14
45	14
54	8
56	15
59	7
65	13
73	13
82	12
83	15
96	11
108	10
111	6
115	12
116	8
118	5
121	11
126	10
134	12
136	9
140	8
143	10
Market 126
11	9
18	13
25	11
29	13
38	7
45	7
46	7
47	15
54	9
57	9
69	11
72	10
74	14
81	2
82	4
83	2
87	3
93	14
96	7
101	3
115	3
126	10
133	12
136	11
144	5
146	11
Market 179
16	8
19	15
21	14
24	14
28	13
33	9
38	3
39	9
44	8
53	8
73	14
86	7
87	2
88	5
90	1
119	9
130	15
142	4
144	7
145	13
Depot
