TPP_FSO_CapEuclideo.350.200.8.5
Total Cost:55630
|M*|: 349
Depot
Market 50
25	2
40	10
76	1
92	11
98	12
102	8
131	5
146	9
156	4
170	9
181	13
183	14
198	15
Market 138
11	12
15	8
16	4
19	8
21	8
23	4
26	6
36	10
45	8
48	6
49	12
58	3
59	15
60	6
81	11
86	10
89	15
92	8
99	6
102	2
120	1
128	10
129	4
145	6
147	7
166	3
171	8
191	3
Market 32
9	6
51	11
59	1
81	10
89	13
92	2
106	2
113	7
120	10
134	9
147	10
159	11
163	11
174	11
194	7
Market 318
1	3
2	3
11	3
14	15
15	5
16	15
19	6
22	9
39	11
41	14
45	5
49	6
57	10
63	8
67	13
70	12
78	5
83	11
86	2
94	10
95	8
111	1
155	9
162	9
164	3
167	3
171	15
175	10
183	15
185	4
186	2
188	11
192	1
200	6
Market 210(F)
3	2
29	15
30	2
31	14
32	6
42	7
49	6
51	5
53	5
64	7
65	7
67	5
81	3
83	6
85	1
89	6
106	9
110	10
113	4
121	5
134	7
152	10
161	8
168	8
177	13
Market 94
27	2
30	2
46	5
57	15
65	15
67	10
102	9
103	7
116	4
137	13
139	3
145	9
146	2
154	5
165	3
168	15
169	4
174	12
183	13
185	11
191	14
193	5
197	11
Market 154
12	15
43	5
45	8
53	15
61	2
78	5
87	13
94	10
96	14
106	5
109	5
116	6
118	8
128	3
129	13
140	12
195	15
198	5
Market 86(F)
34	14
41	5
45	7
46	6
50	1
53	7
57	1
94	7
104	10
110	10
126	2
132	4
164	8
182	14
Market 144
60	4
65	1
92	1
113	15
131	3
133	9
155	13
156	1
165	6
169	8
181	5
Market 68
19	15
22	10
27	10
33	10
34	14
44	14
46	14
58	10
74	3
90	10
93	2
98	5
142	5
151	5
155	14
162	3
167	9
171	10
195	13
Market 249
36	5
51	13
60	6
68	2
94	2
104	14
111	6
116	10
124	7
139	4
142	10
158	6
159	4
171	12
185	15
193	5
194	3
Market 329(F)
4	15
6	14
8	11
15	1
31	9
41	13
51	3
57	2
60	5
61	4
64	4
67	8
70	15
77	15
79	2
90	12
94	14
103	8
104	1
112	7
142	12
150	4
153	4
154	3
157	10
160	2
174	5
188	8
191	12
193	15
200	12
Market 330(F)
3	9
16	1
40	8
98	9
133	15
139	4
151	13
164	15
167	13
175	7
186	12
194	3
Market 338
10	10
12	9
31	4
44	12
45	3
90	11
111	6
159	3
162	10
200	10
Market 206(F)
3	3
5	2
11	15
15	5
19	8
21	10
22	8
23	5
30	15
36	5
41	2
47	6
52	13
57	3
60	9
67	1
77	7
80	13
92	14
94	10
95	4
98	13
102	12
109	8
111	15
116	3
121	2
123	1
141	13
145	14
146	9
152	4
175	3
182	2
189	4
192	13
194	14
Market 168(F)
3	4
19	1
23	5
24	9
41	7
47	12
60	8
69	3
83	8
85	6
102	10
106	5
110	10
115	15
116	8
126	13
133	13
138	2
140	12
146	5
152	6
154	8
157	14
158	2
159	12
160	9
161	4
162	5
165	1
173	14
182	3
190	11
192	7
194	12
Market 298
15	7
21	4
70	8
73	10
106	12
116	11
126	14
132	2
133	12
160	7
162	3
181	5
185	3
192	15
195	8
Market 308
4	10
6	4
22	3
26	10
31	2
33	3
48	14
62	9
98	15
132	13
142	12
155	14
171	13
178	9
200	11
Market 283(F)
2	9
17	11
22	5
24	14
27	8
33	5
36	3
39	10
45	14
60	9
81	15
91	11
102	7
129	11
148	3
160	4
162	3
171	12
178	11
179	1
182	8
197	14
Market 38
1	5
8	7
16	11
21	9
22	1
33	15
36	11
47	9
48	7
51	3
58	15
65	6
70	15
77	13
79	14
87	7
94	6
96	2
98	6
111	7
121	13
126	14
133	1
137	15
143	12
147	10
162	6
166	1
173	14
174	8
180	3
182	3
186	11
188	9
191	13
195	5
Market 76(F)
4	9
30	1
43	12
45	6
52	7
57	10
62	12
64	6
65	1
67	6
81	3
89	2
104	5
110	15
112	4
113	12
131	7
134	4
141	3
154	2
168	11
171	9
179	2
182	12
183	3
192	10
Market 304
12	10
24	12
26	11
59	6
61	15
67	9
92	4
99	6
103	15
106	2
110	13
121	4
151	10
154	7
170	1
171	14
177	11
181	8
183	14
190	7
196	9
Market 104
2	8
13	4
15	7
18	1
65	14
69	2
72	12
86	14
112	11
128	15
148	9
157	2
163	12
165	7
167	3
172	5
196	12
Market 223
2	12
5	12
12	14
16	3
27	12
34	1
44	5
46	2
48	5
80	10
87	8
128	8
131	1
137	9
151	6
159	2
167	12
174	5
182	1
Market 179
16	5
33	15
42	8
44	7
52	11
53	7
67	3
77	14
80	7
92	9
125	5
137	4
155	7
158	11
159	1
164	5
167	3
175	4
179	8
180	11
182	12
183	14
191	10
192	2
195	15
Market 216
4	11
11	9
15	13
23	6
36	10
41	9
42	4
44	14
67	9
80	10
81	13
96	12
112	1
113	10
121	7
139	2
151	14
158	13
160	2
165	14
170	7
175	2
179	7
182	5
194	13
198	2
Market 170
5	9
8	6
15	15
17	2
21	7
26	2
36	12
42	12
44	4
46	3
48	11
59	1
62	8
64	14
67	10
72	11
81	9
87	7
102	8
103	13
126	8
128	5
147	2
152	2
159	3
169	9
179	2
183	15
188	6
Market 174
4	6
12	14
16	2
31	11
48	14
59	3
68	12
77	7
91	2
114	15
121	13
125	11
139	6
147	4
171	8
173	14
186	13
191	4
193	6
195	14
Market 199(F)
3	4
16	5
36	2
45	14
48	15
62	4
103	8
116	15
117	15
128	14
137	7
146	10
147	9
173	5
178	6
197	7
Market 169
15	11
19	3
24	9
25	4
30	7
31	5
33	8
39	5
41	7
42	10
59	2
61	7
77	10
78	5
83	15
88	11
95	3
96	7
103	4
105	10
114	12
118	8
120	9
126	6
132	15
133	12
146	8
148	9
162	4
163	9
167	3
171	6
178	8
184	12
185	11
198	1
199	11
Market 322
14	6
49	4
70	10
73	2
86	3
88	9
95	5
144	5
148	5
156	10
172	6
182	6
Market 343(F)
17	5
26	6
53	13
60	10
62	4
67	8
68	10
73	8
92	7
105	1
109	2
112	10
116	14
121	6
125	10
129	1
131	3
132	8
137	10
144	14
145	10
147	1
156	5
159	14
164	15
169	5
170	11
177	1
183	11
186	5
187	14
194	13
196	12
200	10
Market 290
33	12
45	9
49	15
53	3
59	2
60	5
68	12
143	7
146	10
158	11
169	13
172	7
174	8
177	1
182	10
183	9
Market 241
7	8
12	1
17	1
21	10
30	13
41	11
48	11
78	6
84	7
85	12
87	4
104	9
107	13
116	10
120	7
125	5
126	12
132	8
142	12
143	3
148	4
154	15
169	8
171	5
177	12
184	2
189	5
Market 42
33	10
39	12
43	12
48	3
61	1
73	10
88	4
92	7
95	11
106	15
121	9
138	7
154	9
172	6
174	12
181	8
192	2
196	13
Market 195(F)
26	15
39	6
47	6
86	3
132	15
141	11
157	8
161	4
199	8
Market 57
1	4
6	6
16	1
22	3
25	10
30	3
32	13
49	13
51	11
62	6
77	6
83	7
85	6
87	9
109	10
110	1
118	8
121	14
129	5
145	3
148	4
152	11
155	15
159	7
163	11
165	15
176	1
181	4
185	4
188	13
194	8
198	1
Market 135
3	12
15	15
23	15
25	3
27	2
32	7
39	10
64	10
65	11
79	9
86	1
113	6
124	3
128	15
132	5
150	5
167	4
179	10
189	2
197	12
Market 321
2	1
22	7
27	11
36	2
45	8
53	1
80	10
87	4
99	6
171	7
181	10
195	4
Market 211
12	1
21	7
24	9
42	7
48	5
53	15
59	7
66	14
81	11
98	12
118	13
140	11
164	5
167	15
172	8
175	13
188	5
189	13
Market 291
48	4
57	2
60	4
62	11
109	13
111	3
113	6
119	1
129	9
132	14
137	14
153	6
158	9
162	5
171	2
188	11
191	11
195	2
196	9
Market 24
13	4
15	10
19	7
20	6
23	7
24	15
54	12
60	10
70	1
83	1
111	14
121	9
132	11
138	6
149	13
155	4
158	9
174	13
179	7
Market 5
2	7
15	1
30	7
33	10
36	7
61	6
65	14
67	10
79	3
103	7
106	15
125	13
126	8
133	4
147	2
151	9
169	6
173	10
178	10
179	9
185	5
190	12
Market 79
1	12
4	7
11	5
14	2
30	12
33	10
40	10
41	9
47	10
49	7
53	5
60	10
69	7
107	12
109	6
113	8
127	9
129	11
132	5
136	10
138	14
142	15
167	13
179	9
186	4
188	14
190	6
193	7
Market 194
2	8
30	6
36	14
37	9
38	10
53	4
58	5
60	3
67	3
91	1
98	5
104	4
139	12
143	10
167	5
169	5
177	10
186	7
193	6
Market 230
12	10
23	5
38	11
39	4
43	10
46	7
58	9
61	3
66	15
129	1
174	14
185	12
197	13
Market 178
15	13
23	5
27	5
36	2
52	14
65	9
89	7
95	9
99	5
134	4
140	5
158	8
159	11
165	15
172	1
185	12
187	2
Market 130
1	13
4	12
12	13
16	12
33	2
39	2
62	3
65	11
69	12
73	2
81	7
98	8
112	3
120	2
125	14
127	6
133	12
153	6
159	13
164	15
167	12
183	3
186	8
191	7
Market 328(F)
15	14
22	12
24	8
56	8
57	7
58	7
59	14
61	7
62	9
83	2
97	2
112	12
133	3
145	15
151	7
153	12
161	6
167	13
171	4
172	1
182	12
185	9
195	1
Market 310
5	13
21	5
46	2
57	2
62	2
81	12
98	11
105	2
118	3
128	13
137	5
146	13
151	11
165	12
195	2
Market 66
2	13
7	13
49	2
52	7
86	5
98	11
103	9
126	9
129	9
135	11
139	3
142	6
149	2
160	4
179	15
181	1
194	5
197	14
200	1
Market 320(F)
30	12
41	5
45	9
57	1
62	12
77	9
87	11
104	11
112	6
126	7
129	7
157	5
169	5
177	10
192	2
Market 95
17	8
24	11
31	11
34	15
40	1
66	12
67	8
69	11
125	8
132	10
133	14
139	2
172	8
173	3
183	2
186	2
194	1
195	13
Market 305
7	3
19	14
26	7
27	5
30	13
36	10
41	11
44	15
45	5
48	8
49	6
57	7
59	6
60	10
70	14
72	7
77	14
89	7
92	11
95	1
105	14
113	11
114	6
118	7
125	7
147	4
149	6
154	12
156	10
164	1
166	5
169	3
180	3
182	12
188	12
193	3
195	10
199	2
Market 323
1	1
5	5
15	2
44	1
48	8
51	7
54	14
57	4
78	12
89	3
92	4
93	12
99	6
103	13
132	6
154	6
164	9
171	15
173	8
186	4
192	2
Market 173
2	8
3	3
5	11
36	8
51	7
53	14
60	14
102	14
110	8
126	4
132	6
141	4
145	4
146	5
152	2
165	9
166	10
170	2
190	11
192	15
Market 196
2	10
7	15
21	11
22	8
23	2
41	1
45	2
67	6
69	15
72	8
102	5
109	7
118	11
121	8
131	10
137	6
143	1
184	13
185	10
Market 21(F)
4	5
17	5
19	9
27	15
31	2
33	14
44	1
53	14
57	4
60	6
61	1
68	3
73	10
78	10
89	8
93	12
94	1
142	13
147	3
151	10
155	15
171	12
174	14
178	3
183	2
186	9
Market 281
21	11
24	2
41	14
45	10
65	2
79	14
83	15
150	13
153	7
164	12
166	14
174	5
179	12
183	13
188	2
Market 339
2	7
23	5
31	8
32	11
53	10
62	14
80	3
93	10
119	5
131	2
145	11
147	9
152	1
168	6
185	9
191	7
Market 185
16	5
36	9
67	5
73	4
92	2
110	3
132	8
138	15
149	4
158	2
159	8
167	6
169	10
182	11
197	14
Market 246
12	14
20	5
44	4
58	7
79	12
87	7
99	4
121	3
125	11
139	15
145	11
154	8
172	6
186	8
Market 285
14	5
15	11
24	5
36	4
41	6
45	3
49	9
51	13
61	9
77	9
85	1
113	4
127	3
131	7
136	7
143	11
151	5
155	13
162	6
172	7
176	5
179	2
183	15
184	6
198	2
Market 313
5	15
8	12
10	1
25	2
32	9
36	11
38	8
45	5
46	11
74	11
77	13
97	13
102	1
107	9
113	14
136	10
147	14
151	8
153	9
160	12
167	6
172	7
173	14
178	4
179	10
Market 208
1	4
21	3
22	12
27	7
34	10
39	12
62	1
66	7
69	2
85	5
94	11
115	8
128	13
146	8
165	11
170	6
171	7
181	2
192	13
196	9
Market 236
4	3
31	11
41	6
49	11
59	13
63	3
64	11
70	2
73	4
78	1
86	7
90	7
98	11
108	1
145	5
155	5
158	9
159	2
160	9
173	4
177	8
181	5
Market 184
1	12
30	4
32	3
35	12
39	4
48	11
51	14
60	10
69	6
74	11
78	2
83	14
85	7
98	10
101	11
113	11
139	5
145	4
162	13
172	2
175	3
178	12
180	8
194	4
200	15
Market 303
5	3
15	14
32	12
53	3
62	9
69	13
70	8
74	8
81	8
92	14
96	3
98	13
119	15
125	14
129	13
136	2
137	1
139	13
148	15
177	14
191	12
Market 270
19	3
45	12
52	6
61	4
86	7
92	1
113	1
116	9
129	7
145	2
147	9
178	6
191	15
Market 259(F)
5	7
20	12
31	14
34	7
42	13
45	12
53	10
64	4
67	10
81	14
90	7
103	9
110	1
138	8
149	1
154	5
170	4
172	13
188	3
192	2
193	2
Market 13
12	2
15	5
33	9
41	14
42	6
44	8
45	11
61	10
62	13
66	12
68	2
79	15
81	9
84	7
93	5
103	9
106	10
125	9
126	10
133	4
154	10
157	14
158	1
160	8
162	15
163	14
174	2
177	7
178	7
183	4
192	9
194	13
199	1
Market 71
8	13
15	2
17	10
22	5
23	8
27	5
41	11
46	10
53	1
62	15
64	1
68	7
69	2
77	4
81	2
94	12
116	2
133	15
151	12
152	1
166	6
171	4
173	4
177	10
189	14
197	5
200	7
Market 29
1	13
7	1
19	2
22	1
26	8
39	7
41	4
42	10
55	7
64	7
70	15
72	6
77	5
78	2
87	14
96	15
104	2
113	12
120	15
121	4
124	2
131	14
141	11
144	2
162	14
164	13
174	8
181	8
192	12
197	9
Market 263(F)
1	4
16	11
20	15
30	7
40	13
45	12
46	11
49	10
73	1
78	8
102	14
103	12
105	8
114	7
126	12
129	2
148	4
165	1
169	2
180	4
185	3
Market 65
21	15
24	5
27	1
33	4
46	6
66	15
67	3
78	8
87	14
96	12
102	4
103	13
106	2
121	12
126	1
128	8
129	8
143	4
146	5
148	5
164	6
170	4
180	15
194	7
198	9
Market 22
14	15
16	10
22	13
24	12
26	3
32	8
56	12
69	14
80	8
86	8
106	14
110	10
121	5
129	8
139	3
145	1
146	4
152	2
154	1
161	5
174	2
177	3
185	14
188	5
192	2
196	2
199	14
Market 183(F)
13	3
32	8
40	14
42	8
55	2
58	7
69	7
94	6
98	11
106	5
115	7
121	14
144	7
148	1
158	14
172	9
177	1
179	8
185	8
190	5
Market 152
2	4
23	1
30	8
31	10
34	9
40	8
41	5
54	15
59	8
64	13
67	10
85	7
104	15
125	5
136	14
158	9
173	9
191	8
Market 92
15	13
17	12
22	11
39	6
61	3
69	5
70	4
93	1
95	10
109	15
125	9
144	10
148	9
151	6
172	11
178	10
182	15
183	1
184	6
185	12
189	13
Market 59(F)
11	6
22	10
42	5
52	5
61	1
62	5
109	15
120	6
132	13
140	4
152	1
155	10
157	8
171	15
172	1
174	1
176	5
177	11
178	5
185	9
198	5
Market 347(F)
13	9
17	10
24	10
35	7
37	12
60	11
85	4
112	9
116	8
133	15
139	4
158	13
160	3
164	8
171	14
174	10
177	4
191	15
194	7
195	12
Market 34
2	14
4	3
14	12
30	4
33	11
39	13
73	13
88	3
120	8
126	7
147	9
194	9
Market 346
13	3
16	12
18	1
24	5
27	5
44	14
49	5
55	13
57	1
62	3
79	15
106	13
147	4
170	1
183	9
Market 156
1	3
6	7
17	8
19	15
40	10
58	2
62	14
83	8
131	1
159	14
162	13
163	14
170	13
171	15
187	4
194	4
Market 91
15	10
22	7
34	3
76	3
81	9
141	15
145	9
154	8
174	14
177	15
181	2
185	6
188	12
190	4
193	10
195	2
197	12
200	9
Market 133(F)
2	11
12	12
21	8
31	6
44	5
45	15
52	13
62	12
69	6
91	10
96	14
104	6
105	10
112	2
113	14
115	12
121	2
132	7
134	1
145	8
148	14
158	1
162	11
165	2
167	14
178	8
188	15
191	9
197	4
200	9
Market 218
2	3
10	4
16	7
23	2
30	3
31	1
37	2
40	10
46	6
52	3
61	3
62	1
79	12
81	2
83	6
98	8
128	15
133	12
162	4
187	6
Market 217
12	9
44	11
51	3
62	1
64	7
67	11
81	6
82	8
89	4
103	7
121	9
134	10
138	2
145	14
160	1
169	7
171	11
177	5
188	8
190	4
Market 125(F)
29	12
42	1
48	12
59	13
64	13
70	12
76	15
85	14
101	14
104	2
105	5
107	10
112	14
121	9
123	9
132	3
137	9
153	1
154	10
165	1
174	1
175	15
178	1
182	7
188	15
189	5
191	9
193	15
194	3
Market 35(F)
1	6
31	13
42	1
57	8
59	1
60	11
67	13
74	7
77	15
81	10
83	5
87	13
103	3
113	4
129	13
147	5
159	3
160	14
165	12
174	8
177	5
189	4
196	2
198	11
Market 53
3	9
7	6
16	9
21	13
23	14
26	14
31	8
37	14
39	4
42	8
46	5
58	7
59	11
71	8
90	13
92	13
143	14
154	2
160	14
162	12
169	6
173	12
174	1
178	12
189	11
Market 215
8	12
20	1
26	5
27	9
42	5
62	15
68	8
70	9
79	6
83	11
89	12
113	10
120	9
133	8
154	15
167	4
172	13
181	6
183	3
184	15
185	1
186	1
198	14
Market 165
11	5
24	9
67	5
80	13
81	15
95	9
124	11
132	4
134	9
161	12
195	4
197	13
Market 309
2	8
16	14
48	10
52	13
69	6
70	2
72	15
79	1
94	2
103	11
115	8
121	9
132	6
134	15
138	12
145	5
157	10
181	4
185	1
Market 141
7	12
8	9
16	5
36	15
65	2
69	6
73	3
79	6
83	1
86	1
92	2
106	10
109	2
113	3
115	11
147	9
154	14
159	1
164	10
169	14
172	4
175	1
178	15
182	1
187	4
188	6
191	7
194	15
195	5
Market 176
22	14
25	1
38	13
42	6
51	12
56	14
60	4
65	7
77	11
87	15
115	11
133	8
144	2
146	2
151	8
167	10
170	7
176	6
181	13
182	9
189	8
192	10
198	6
Market 100
27	15
39	2
46	14
48	6
57	5
59	1
61	13
67	5
68	13
73	5
93	1
95	4
98	14
121	10
128	4
147	14
173	7
178	12
193	7
195	1
Market 191(F)
39	7
66	15
78	7
92	5
105	4
109	5
113	7
148	2
156	2
176	10
Market 325
21	13
33	4
44	5
59	15
61	10
64	6
78	4
86	2
103	4
121	6
148	9
189	12
194	2
Market 229
2	11
19	6
24	13
27	1
32	5
49	7
64	10
78	11
83	13
103	1
104	15
123	2
124	7
126	13
127	7
148	5
149	13
179	7
181	15
183	6
197	1
Market 274(F)
5	13
12	12
24	15
26	4
31	11
49	3
70	13
73	4
78	2
87	13
89	2
147	7
149	11
152	5
161	1
165	8
170	5
177	6
179	9
185	8
192	8
200	9
Market 202
4	13
21	6
49	12
70	13
78	6
103	12
132	5
139	1
147	4
157	4
170	4
179	11
190	1
194	8
197	4
Market 67
2	7
6	10
15	9
26	1
31	3
37	10
41	4
42	3
51	4
52	13
77	7
81	11
82	7
92	4
105	6
121	13
124	8
128	7
140	8
147	13
153	9
154	9
155	10
157	10
164	5
174	6
181	1
182	13
200	14
Market 233(F)
6	6
15	13
21	9
23	13
33	6
39	8
41	5
43	10
47	5
61	12
70	4
83	14
95	8
102	14
104	6
105	15
115	14
118	14
146	10
147	3
151	3
159	10
160	8
174	5
176	5
183	12
189	2
196	11
Market 212
17	7
19	12
22	11
31	3
41	9
45	2
53	2
57	12
69	7
73	2
83	4
99	6
102	11
113	8
138	9
145	6
159	12
164	10
172	6
183	15
197	9
Market 252
12	3
26	14
42	10
69	12
76	10
78	3
91	4
94	14
96	7
102	6
110	11
113	6
116	11
120	1
140	3
146	1
152	12
154	1
164	5
170	1
172	2
192	12
Market 254
2	7
16	9
19	2
22	12
49	5
52	9
61	13
62	3
69	12
70	1
92	14
94	9
102	11
116	15
139	10
145	11
151	8
155	12
166	12
179	1
200	3
Market 14
4	7
5	4
7	13
15	5
17	6
19	9
22	6
31	15
41	5
42	12
44	15
45	5
48	6
68	8
70	5
79	7
94	9
96	9
99	1
106	6
111	15
113	10
132	3
138	11
142	7
153	5
154	12
172	15
174	8
177	12
185	8
188	7
194	12
196	9
Market 307
2	13
3	7
45	5
48	6
50	9
78	7
83	9
85	13
92	3
104	8
112	8
115	5
125	15
129	5
131	14
132	3
134	13
140	7
144	8
147	5
151	2
152	11
155	12
165	8
167	1
169	6
170	7
186	10
191	3
193	4
194	15
196	8
198	12
Market 187
19	5
22	14
27	14
36	13
53	8
67	6
73	8
79	1
119	3
124	5
125	4
142	4
146	6
147	8
150	4
156	8
160	7
169	5
185	7
186	10
189	15
192	9
198	4
200	1
Market 334
1	11
5	10
12	1
15	6
16	4
17	5
24	5
26	9
31	5
34	12
42	8
44	9
58	15
62	13
64	5
65	9
72	8
77	4
82	7
87	4
96	14
101	3
104	8
112	3
119	2
137	13
145	15
147	14
151	13
154	6
164	10
165	14
169	13
174	14
179	15
192	13
Market 348
7	10
15	2
16	3
19	6
22	2
30	11
31	2
34	7
35	7
40	15
55	7
61	3
64	15
65	6
68	13
70	7
73	11
83	15
87	4
104	4
106	1
111	10
116	12
120	9
154	8
172	9
179	13
181	9
194	7
Market 39
3	12
6	9
11	5
14	8
22	7
33	12
47	1
52	7
57	9
64	7
65	8
70	4
85	6
86	1
109	1
120	12
131	14
149	9
166	11
175	7
181	10
188	15
193	1
194	2
195	12
Market 231
8	1
13	10
37	15
42	15
59	10
67	2
79	8
98	8
108	4
109	8
113	12
118	8
125	8
139	8
147	12
158	2
160	9
167	11
180	11
Market 235
6	15
19	5
21	13
27	6
37	1
45	14
48	2
65	4
67	8
85	3
100	13
112	1
121	9
128	11
133	1
159	3
163	5
168	2
181	14
Market 269
1	7
3	15
12	8
13	7
37	12
64	2
69	1
79	8
92	1
138	3
162	1
166	8
169	10
179	13
185	2
197	4
Market 192
3	8
10	4
11	4
19	11
24	14
38	15
41	6
48	4
52	15
60	4
62	8
64	3
65	11
69	12
81	14
85	11
98	7
136	1
139	4
145	2
155	15
166	9
172	14
188	5
192	12
Market 64
42	7
64	15
67	3
85	12
98	7
113	11
116	6
120	10
129	9
138	3
148	5
154	14
168	2
172	10
177	7
183	15
194	3
Market 36
1	10
10	11
13	7
15	5
22	14
23	10
34	6
37	12
40	7
42	13
44	3
49	8
51	7
98	4
142	13
150	9
158	4
181	11
191	3
194	5
197	14
Market 272
4	6
7	15
15	1
34	15
39	5
42	1
43	4
51	10
57	8
60	13
62	11
91	8
94	3
121	12
138	7
140	1
145	6
161	10
164	10
165	4
166	12
181	7
183	7
199	13
200	5
Market 80
21	8
42	4
64	2
67	13
81	8
94	8
102	15
113	15
125	9
133	14
165	14
173	12
179	1
191	11
195	11
Market 52
7	5
21	12
22	5
24	5
65	10
80	1
86	11
89	1
104	1
140	1
146	7
162	9
164	9
165	3
168	2
169	15
179	1
181	3
194	2
196	3
Market 112
2	4
8	4
21	12
24	9
49	12
51	12
52	8
53	4
58	12
59	13
62	6
79	10
86	15
87	11
94	12
96	15
125	1
131	9
162	4
165	7
178	14
Market 134
6	12
16	10
21	3
44	9
59	5
62	12
73	5
78	2
87	6
92	15
98	11
119	8
128	9
131	3
137	7
140	13
172	5
181	8
198	1
Market 8(F)
10	6
11	12
19	15
26	7
42	7
49	14
51	13
62	12
71	5
112	1
140	13
145	4
146	4
161	2
176	1
181	14
186	1
189	14
Market 286
15	6
17	13
37	4
42	9
46	14
59	3
60	2
61	5
66	6
73	3
79	9
84	6
85	4
94	10
104	6
111	9
116	14
121	3
128	10
132	14
133	7
136	1
149	8
158	12
164	13
167	6
193	10
Market 75
1	2
2	9
5	11
14	3
16	15
30	14
31	1
34	8
45	12
48	13
58	9
62	7
64	13
65	1
69	6
79	15
87	13
88	15
90	13
92	6
96	14
98	7
108	4
118	13
125	8
128	15
133	7
146	10
147	13
151	4
155	8
156	9
162	9
164	5
165	12
175	4
184	4
195	13
198	9
Market 111(F)
1	4
16	15
19	6
24	3
26	6
30	7
52	14
58	8
85	4
92	5
102	9
105	4
113	2
118	13
134	7
151	11
154	4
157	4
158	6
164	7
167	7
181	13
190	10
191	8
Market 267
4	3
12	13
13	12
19	2
21	3
22	3
34	9
39	9
45	9
61	15
64	1
65	13
67	11
76	2
82	2
87	3
89	8
105	12
110	12
121	13
128	13
133	7
140	8
148	3
156	10
162	12
165	11
181	7
182	7
184	15
185	7
190	4
192	3
195	1
Market 273
17	14
24	7
41	5
42	6
81	4
90	3
106	1
108	3
133	13
147	14
148	3
151	10
155	7
157	5
160	3
164	9
172	11
179	15
184	1
Market 51
4	8
15	6
16	10
17	11
19	4
21	9
22	12
27	7
31	5
36	9
60	13
64	15
65	4
68	3
89	13
95	6
98	8
106	7
107	1
113	7
124	13
125	1
139	7
142	1
145	3
151	8
154	10
155	14
162	11
164	7
166	11
167	14
169	4
171	5
172	9
175	14
177	9
179	2
188	2
194	9
Market 20
2	3
8	12
28	5
54	13
60	4
66	4
74	13
83	2
109	4
121	1
179	14
Market 181(F)
2	6
4	13
26	2
68	4
103	2
113	5
115	9
120	1
121	6
128	6
134	12
140	7
148	15
157	6
178	6
187	6
190	12
196	13
197	13
Market 90
2	2
24	14
31	12
33	1
45	11
59	7
64	9
83	5
86	14
95	6
98	4
125	15
129	10
139	2
173	15
Market 337
9	7
16	7
21	5
23	11
28	1
30	2
40	15
61	10
62	7
67	14
86	12
129	8
146	11
158	3
159	14
160	11
165	14
169	1
170	6
184	1
Market 203
23	10
34	1
38	2
42	14
51	8
59	3
60	5
62	14
71	10
73	14
92	1
95	3
113	2
115	13
133	4
144	5
148	6
160	1
162	2
164	15
181	8
184	15
186	8
192	9
194	15
195	1
196	11
Market 113
2	5
33	7
37	9
43	5
44	15
64	10
70	9
73	7
81	5
86	3
103	12
120	1
121	10
123	13
134	4
152	2
158	10
193	10
199	1
200	13
Market 332
1	8
10	1
31	4
36	1
44	1
46	2
61	9
65	5
78	6
81	15
86	11
133	11
151	10
171	8
191	5
Market 37
1	2
17	4
34	1
36	14
41	12
43	5
44	15
45	13
49	15
61	1
68	6
78	10
97	6
125	7
132	1
133	13
145	10
154	8
157	9
177	4
183	14
Market 204
2	14
11	8
24	3
41	12
42	14
49	10
64	11
79	11
81	6
87	4
94	14
127	15
145	13
151	1
153	7
194	3
Market 294
12	13
16	12
19	5
44	3
53	2
65	1
69	6
78	7
81	2
89	11
96	14
97	3
103	8
125	2
126	2
128	6
140	2
145	1
146	4
148	12
159	7
160	5
161	9
164	13
166	12
167	11
168	13
172	14
182	9
183	13
194	10
197	8
Market 140(F)
21	8
24	9
36	13
37	9
46	4
48	11
61	6
73	12
104	1
113	4
116	15
120	14
121	11
124	7
125	4
129	14
133	7
136	5
158	10
160	13
171	13
174	6
178	7
Market 148
7	1
16	15
41	7
65	5
67	9
86	6
116	15
126	6
138	13
141	7
158	8
168	14
172	12
180	8
181	13
189	13
190	7
Market 279
5	13
8	13
17	9
21	15
34	12
36	5
38	8
44	11
52	7
54	10
64	1
73	2
76	8
91	11
97	14
102	1
119	6
120	7
123	3
125	3
131	14
134	14
144	5
152	12
158	12
159	11
162	11
168	11
174	10
185	11
186	10
194	9
195	4
198	15
Market 155
1	5
5	1
12	1
15	10
21	11
22	7
31	3
32	9
39	8
45	14
48	4
59	14
64	3
73	15
81	9
87	13
92	13
100	10
107	1
112	9
120	14
129	6
135	13
136	9
143	10
145	15
146	13
151	8
159	4
164	8
166	8
172	10
180	1
Market 250
26	15
31	14
42	15
50	6
57	14
59	10
60	6
65	3
70	7
83	13
90	4
109	5
110	6
112	12
121	6
125	9
131	7
137	12
138	3
145	2
154	3
160	15
172	6
177	7
182	12
187	6
189	12
192	8
196	11
Market 280
12	2
24	12
36	5
44	12
57	12
61	14
64	13
65	3
68	12
69	10
70	13
77	1
78	13
86	9
87	4
109	8
115	13
121	3
146	6
158	10
170	8
175	2
179	14
181	9
194	3
195	13
198	3
Market 41
2	10
4	7
22	12
39	7
44	13
59	9
61	4
62	4
64	9
65	11
90	14
105	7
111	7
113	1
116	12
119	3
133	1
137	12
144	13
153	10
160	11
172	10
179	10
181	2
186	12
187	6
Market 73
1	12
3	5
4	12
15	9
19	2
23	4
32	13
41	4
49	5
52	10
57	5
60	15
61	10
62	3
69	5
79	5
107	15
113	5
125	14
160	6
162	10
173	10
179	3
182	8
193	10
194	10
197	9
Market 157(F)
5	4
11	10
12	7
21	2
24	3
27	3
36	14
41	8
46	3
49	3
58	10
60	4
61	14
64	10
73	5
81	4
93	9
94	14
99	5
100	5
104	1
106	3
107	8
112	14
115	1
119	12
126	3
128	10
132	13
142	4
146	5
150	1
152	11
153	2
154	2
160	10
161	6
178	4
180	7
181	8
182	11
183	5
192	14
195	1
199	12
200	9
Market 47(F)
10	11
15	6
17	8
21	15
39	9
49	15
62	7
64	5
66	13
77	14
86	15
87	8
91	15
98	2
102	11
106	4
115	8
147	3
157	4
160	10
165	13
171	5
179	3
181	11
182	12
199	8
Market 161
1	2
4	5
20	4
21	15
24	7
36	4
45	9
52	8
59	13
60	15
63	4
64	1
66	4
69	3
70	14
79	4
86	15
96	11
98	3
115	11
119	5
140	3
147	8
151	4
154	9
156	9
164	6
174	3
182	12
Market 4
7	11
9	14
19	11
23	6
24	7
34	5
38	3
40	1
63	2
67	12
80	4
87	4
104	4
106	15
111	10
121	12
138	14
145	4
160	13
179	5
194	13
Market 232
5	6
16	6
42	2
57	10
62	6
96	9
101	9
122	12
164	14
168	4
170	12
174	1
177	9
191	8
Market 242
8	8
23	1
44	3
53	3
59	15
62	13
113	10
126	7
129	7
145	11
151	4
154	2
162	4
194	8
Market 25
16	4
23	13
24	10
26	4
31	5
41	8
48	13
62	7
92	5
105	4
106	8
121	10
133	7
151	15
161	4
164	6
165	8
167	12
174	1
177	8
185	3
199	6
200	10
Market 147
12	9
16	10
49	8
61	13
73	11
87	15
95	14
104	13
109	3
117	8
119	14
120	13
137	2
151	13
154	9
170	11
172	11
175	15
Market 127
12	5
22	10
26	1
44	2
48	4
83	6
112	10
130	9
147	5
154	2
158	13
169	15
173	11
179	2
193	6
Market 33(F)
23	3
27	4
39	5
40	1
45	12
57	3
61	9
64	8
67	1
69	14
73	4
77	6
83	11
85	13
92	3
102	11
104	4
133	4
143	4
154	12
158	9
173	10
178	5
189	5
193	4
194	5
200	15
Market 219
2	8
4	11
6	13
16	13
21	6
31	10
44	7
65	11
93	7
105	15
107	8
112	10
116	3
129	8
143	9
147	5
169	15
170	8
171	12
174	14
180	5
182	12
194	4
Market 44
2	5
14	11
19	6
34	5
49	11
73	8
94	4
97	7
106	8
123	11
152	8
162	11
167	14
171	8
Market 110
5	11
22	8
31	14
36	10
42	10
44	6
49	7
57	5
60	13
78	7
86	6
93	8
103	14
110	2
120	3
126	7
136	8
142	3
169	5
174	9
178	5
181	13
188	8
189	7
190	4
193	15
194	1
Market 275
34	5
36	11
49	10
87	1
106	9
112	3
113	14
115	14
125	11
126	9
129	13
140	6
148	14
152	10
157	15
165	9
173	11
174	5
181	8
184	12
186	5
199	15
Market 238
12	10
27	1
46	8
62	5
69	11
70	1
125	1
133	6
140	14
158	2
172	10
178	7
181	8
Market 81(F)
16	6
30	11
51	7
65	15
69	14
70	5
102	10
109	1
112	3
120	2
121	11
146	12
147	8
158	13
191	1
194	9
197	11
Market 30(F)
24	10
27	2
69	5
85	14
87	10
105	6
109	7
113	14
119	14
128	6
137	3
145	7
156	13
170	7
172	11
174	2
187	8
189	13
196	7
Market 220
1	8
10	6
15	6
21	12
24	3
34	13
35	15
49	6
52	10
60	4
64	6
67	11
81	10
82	1
85	6
86	4
91	15
103	4
126	11
140	10
148	9
152	6
155	15
159	7
163	8
168	4
170	8
172	14
174	1
179	12
183	5
190	10
196	3
Market 258(F)
12	9
32	15
42	6
60	3
70	9
87	6
99	13
103	1
110	2
125	4
144	14
154	15
160	15
170	8
199	1
Market 257(F)
26	9
31	7
32	3
60	6
61	10
70	5
78	5
83	15
86	13
119	3
120	2
121	12
144	4
165	6
177	4
182	4
192	12
194	8
Market 237
12	6
14	5
15	1
19	1
23	2
32	9
44	4
45	11
46	11
49	3
52	8
59	9
62	7
79	5
83	1
88	6
121	8
123	9
127	9
129	4
152	3
153	4
160	15
164	1
167	5
185	2
193	6
194	7
195	8
199	7
Market 284
11	14
24	12
45	14
52	8
57	3
61	15
62	3
92	4
98	7
106	3
112	12
116	3
128	3
134	13
157	15
179	2
188	12
199	12
Market 10
2	1
10	7
23	15
26	8
27	9
33	3
36	8
37	12
42	15
44	3
46	3
64	2
69	13
87	15
97	12
125	11
131	1
137	9
144	11
146	1
147	14
155	11
171	5
174	13
177	2
181	6
182	4
190	4
Market 345
19	1
43	9
49	3
51	10
66	7
70	13
79	5
83	13
104	4
121	1
127	12
132	12
136	11
154	11
155	7
165	1
169	7
183	14
189	9
193	2
Market 193(F)
1	15
15	8
19	2
24	13
30	9
38	1
46	1
49	2
52	6
60	12
61	5
69	8
78	11
79	12
82	13
83	1
102	5
112	6
116	9
144	2
159	4
160	3
162	8
169	3
172	15
183	8
191	1
194	11
Market 2
23	10
31	14
34	8
38	12
52	4
79	9
94	9
103	8
110	3
152	5
161	3
172	2
174	15
177	8
194	4
Market 344
5	13
17	12
19	14
21	6
27	1
30	10
39	4
40	13
48	10
53	9
64	11
81	11
82	5
85	6
102	3
106	5
115	5
159	11
160	2
165	14
174	2
181	14
185	7
190	7
192	6
199	1
Market 180
24	8
42	6
44	4
51	14
53	3
58	11
79	10
101	14
111	3
123	7
141	1
145	11
152	13
159	9
172	13
174	6
179	9
188	7
Market 74
7	2
8	6
17	15
30	5
34	15
36	14
49	5
54	10
58	15
70	5
85	14
87	9
92	14
94	6
97	8
102	8
106	15
113	11
134	5
140	5
152	15
171	10
174	10
179	10
183	10
185	14
188	7
190	6
192	5
196	2
Market 175
24	8
45	10
64	10
65	9
96	7
118	11
120	13
123	8
128	4
131	9
140	10
145	8
147	1
149	12
158	8
171	7
174	3
179	12
186	12
189	14
191	10
Market 136
1	11
2	11
19	13
23	6
24	13
30	6
34	14
40	1
41	14
46	9
51	9
57	7
62	3
64	13
67	14
70	10
79	2
83	3
87	12
99	10
103	15
112	10
115	9
146	3
152	12
170	9
174	3
181	8
187	10
194	2
196	14
199	3
Market 15
5	2
14	3
23	15
26	3
46	13
51	6
103	2
109	7
112	3
119	13
142	10
153	10
158	4
160	8
162	9
171	4
179	9
182	8
185	15
187	1
197	6
Market 43
4	13
15	15
22	14
23	12
43	3
44	3
45	9
46	14
52	4
59	15
72	13
87	6
104	7
117	3
121	15
128	15
129	2
153	10
158	10
183	13
198	12
Market 49
1	12
12	10
21	1
36	12
47	10
52	2
59	2
65	1
69	13
73	9
80	15
92	14
109	14
112	6
140	5
159	14
173	5
179	12
Market 177
2	7
8	13
24	6
27	2
45	5
59	12
92	9
99	9
111	3
116	11
145	11
150	1
152	13
153	10
166	11
181	14
193	7
Market 222
20	11
24	6
36	12
48	15
52	12
69	4
70	15
73	13
91	5
123	1
132	11
133	3
134	2
138	1
148	7
161	3
164	14
170	6
174	14
177	2
179	1
197	4
Market 23
3	4
9	14
15	3
24	2
42	4
44	14
48	3
58	13
81	6
94	8
104	4
108	9
118	2
121	15
129	4
162	8
179	5
180	11
189	12
Market 198
3	12
16	4
46	11
58	12
85	12
98	2
103	9
128	1
129	4
144	3
145	1
146	6
164	13
165	9
171	11
172	6
185	3
Market 225
16	4
26	10
32	2
33	10
36	13
40	3
58	8
61	8
70	1
74	13
79	2
80	7
115	10
116	15
148	10
150	1
157	11
170	11
177	3
187	6
Market 142(F)
1	5
5	1
16	9
21	1
26	1
32	15
33	13
55	9
69	8
70	14
82	2
104	13
112	14
139	11
155	14
162	4
164	3
169	14
178	7
186	3
194	13
195	1
Market 11
2	4
12	8
59	8
67	10
117	14
162	13
172	3
178	1
180	11
195	7
Market 116
2	5
16	9
53	9
58	11
87	4
89	11
92	11
94	3
115	8
121	3
140	7
151	6
159	7
173	15
177	3
178	13
190	11
191	3
196	2
Market 105
10	11
21	4
42	2
53	2
69	4
82	13
89	7
90	9
96	14
104	15
105	10
128	3
137	5
143	5
146	12
161	5
163	2
164	6
177	9
178	4
182	8
187	9
194	6
195	9
Market 88(F)
7	4
8	11
19	9
31	5
37	3
48	15
60	8
69	2
83	7
87	7
94	9
96	10
105	9
112	2
128	5
132	11
136	7
139	11
146	14
160	15
164	1
165	9
167	5
183	1
197	15
Market 336(F)
1	12
4	6
6	5
16	7
19	6
35	6
36	11
49	7
56	8
62	4
79	3
85	10
104	15
147	15
148	11
166	6
197	11
199	3
Market 297
12	4
15	10
22	2
46	12
73	12
90	3
110	2
115	11
119	8
125	2
144	3
164	4
173	9
181	7
182	2
183	5
185	4
193	13
Market 54
1	4
2	7
12	1
36	14
66	1
94	10
110	8
120	14
152	1
162	7
178	5
185	6
193	11
Market 200
9	13
19	7
21	4
22	10
32	9
39	1
41	4
46	14
49	10
52	9
57	9
65	12
67	11
76	12
94	1
102	10
103	13
122	8
125	4
129	7
172	14
177	13
179	5
182	14
185	15
190	9
Market 18
39	3
41	10
42	12
51	7
83	14
92	3
111	1
112	12
115	6
120	8
131	9
132	8
146	14
155	7
165	1
172	8
178	6
180	14
185	8
191	9
Market 70(F)
12	4
31	3
45	13
48	2
53	11
54	14
61	4
69	13
83	5
100	4
102	14
118	15
137	5
147	1
151	7
152	14
159	4
162	1
172	4
173	14
177	4
181	1
183	11
187	1
190	13
198	9
Market 340
6	6
9	9
21	13
30	9
36	7
40	9
45	8
60	2
62	6
70	4
77	14
98	3
102	2
113	7
115	14
125	5
148	15
154	12
160	10
162	4
170	4
177	7
181	15
186	2
191	14
192	5
193	6
194	8
197	2
198	1
Market 96
12	2
16	15
19	15
45	10
49	14
57	9
60	8
68	6
81	13
83	8
110	7
115	4
121	4
132	4
137	3
141	4
154	2
171	12
Market 293
1	13
2	13
12	13
16	3
21	13
31	7
40	6
59	6
69	14
75	8
76	12
79	14
81	9
86	10
90	1
111	2
125	12
128	9
135	8
136	2
139	5
166	15
167	14
172	8
175	15
178	1
189	1
191	7
Market 167
17	14
22	9
27	7
33	15
42	14
46	9
62	10
64	11
87	9
99	13
108	2
125	8
133	5
136	12
174	4
180	5
193	10
Market 190
1	3
5	15
16	4
19	7
21	4
24	13
44	7
69	3
85	10
110	4
111	14
112	14
123	1
125	10
139	11
147	3
158	12
161	13
164	9
169	13
181	3
185	4
189	13
190	12
192	1
197	5
Market 62
8	8
19	14
39	12
48	5
78	2
81	7
119	15
140	9
163	9
181	8
183	11
199	2
Market 288
6	11
21	13
26	9
30	3
33	15
34	9
43	10
61	14
76	12
92	12
99	4
100	2
106	7
117	5
120	2
121	11
126	4
129	7
131	14
133	5
137	6
143	1
151	7
154	1
157	4
168	13
172	6
173	5
182	6
184	2
189	4
193	3
194	12
195	4
200	5
Market 261
10	12
16	3
26	4
31	9
35	2
39	15
52	15
67	9
72	13
77	2
79	15
82	7
87	3
94	8
98	6
112	3
116	5
125	13
129	8
147	5
153	7
158	13
160	3
162	12
171	5
175	8
183	10
200	1
Market 251
3	12
21	13
36	13
38	7
46	8
71	12
72	6
77	2
82	7
104	5
105	7
107	11
119	10
136	11
159	9
160	13
162	15
169	14
170	4
174	4
175	2
179	8
186	11
191	15
194	2
195	14
Market 207
3	9
15	7
26	14
47	15
59	2
62	2
63	5
92	13
106	9
115	8
120	2
121	13
129	1
143	6
146	5
147	14
148	9
158	15
165	1
171	7
175	1
178	6
189	7
196	13
200	1
Market 89
7	8
15	5
17	1
22	5
41	15
57	6
79	6
96	1
103	3
113	9
128	14
144	12
146	1
148	4
152	15
165	7
172	11
182	12
190	15
196	2
Market 9
36	1
51	12
60	14
62	5
76	9
92	1
111	3
128	11
140	15
146	15
167	12
172	4
175	8
179	6
182	10
185	5
186	11
200	1
Market 101
5	11
6	13
9	8
17	9
32	5
48	11
58	13
59	2
64	5
87	2
155	10
159	12
181	13
185	6
190	3
199	2
Market 342
8	4
69	2
105	13
109	3
129	14
137	12
148	9
154	6
158	4
167	3
169	13
172	8
173	14
175	1
182	8
191	14
Market 268
1	2
3	3
4	4
7	8
12	10
16	15
31	15
32	5
45	14
46	8
58	9
60	2
78	2
83	6
86	14
121	9
136	11
143	14
146	7
160	15
172	4
177	15
190	4
191	1
192	5
196	15
198	1
200	9
Market 72
15	11
24	1
36	13
61	5
64	15
70	11
86	5
90	10
92	13
94	8
99	1
112	7
131	5
144	6
151	2
154	10
156	1
159	4
165	5
169	14
185	11
187	5
194	15
196	12
199	13
Market 247
11	1
22	2
26	1
39	6
42	13
61	1
73	8
82	4
102	2
120	7
140	15
147	7
161	3
170	4
190	8
199	9
Market 289
1	15
10	10
15	4
22	8
24	2
25	6
30	11
46	13
49	13
51	1
55	8
59	5
60	9
69	5
71	4
79	11
120	9
122	6
126	5
127	6
136	5
141	4
152	13
155	15
161	15
162	2
166	3
172	7
173	8
183	10
197	3
Market 327(F)
12	10
17	4
36	7
69	4
100	7
106	13
132	10
133	13
142	1
144	13
147	5
155	8
156	6
169	7
176	4
182	11
186	12
187	2
192	13
195	6
196	10
197	10
198	6
Market 260(F)
4	10
12	4
19	10
27	2
31	15
44	9
46	13
49	2
53	8
57	4
64	15
67	8
69	5
94	11
95	1
97	5
115	4
133	8
137	4
158	14
159	6
167	11
170	8
174	2
177	2
189	4
192	3
196	3
Market 245(F)
13	11
16	5
19	6
22	6
30	3
31	13
34	3
41	12
48	5
58	9
62	6
64	11
76	10
78	14
82	11
97	1
98	13
102	12
109	2
115	8
119	3
139	9
147	8
151	15
159	3
163	10
164	6
165	11
172	13
182	3
187	8
195	5
196	2
Market 107
5	8
10	4
13	12
31	1
57	11
59	4
82	14
89	6
92	2
98	5
102	1
127	3
136	3
139	1
145	14
162	12
178	2
198	1
200	11
Market 6
2	11
10	11
14	15
15	3
21	6
24	10
25	7
46	10
62	14
69	7
82	11
91	12
97	3
104	5
120	9
126	5
129	9
148	10
158	13
161	14
170	10
180	10
182	10
187	11
200	4
Market 60
41	6
56	6
87	14
118	5
128	15
137	3
145	12
151	6
154	13
182	5
186	11
195	12
Market 143
21	13
45	8
48	4
50	9
60	1
62	6
74	14
78	1
94	14
110	9
123	6
136	2
138	6
159	3
164	10
166	15
167	12
168	12
169	15
174	14
185	9
189	6
194	14
Market 164
4	3
6	5
7	9
51	3
61	3
67	3
73	7
89	15
94	2
96	7
99	4
114	12
143	14
146	14
154	3
155	9
162	7
172	1
178	12
184	13
186	12
Market 287
5	13
15	2
36	15
46	1
54	12
69	4
81	15
86	1
93	4
102	8
113	15
115	3
119	2
128	5
138	6
159	15
162	7
163	10
168	13
199	11
Market 145
10	11
13	5
15	1
23	13
35	3
46	6
52	15
60	7
65	9
86	14
104	1
111	7
121	12
142	9
144	3
145	3
148	5
158	1
165	10
170	14
171	9
178	10
179	4
181	15
189	3
193	4
194	8
196	9
198	15
Market 205
16	9
43	10
53	11
63	13
73	15
81	14
87	11
116	12
120	7
123	1
129	6
155	15
157	11
161	14
162	7
179	4
181	13
185	10
194	6
Market 129
8	5
12	7
15	2
22	2
29	6
30	8
42	1
46	4
58	11
70	11
87	4
131	15
133	4
144	10
145	11
152	13
156	10
165	12
190	7
192	8
199	14
Market 132
1	14
5	1
15	6
19	8
22	12
25	11
38	5
40	9
44	15
46	11
51	11
65	2
77	3
112	13
113	12
128	13
133	15
143	9
160	9
178	7
184	15
Market 17
41	14
51	9
84	12
99	8
105	1
109	12
125	4
129	1
140	4
141	3
145	13
151	3
155	7
156	15
158	6
168	11
177	11
178	8
179	12
188	8
Market 312
1	13
10	11
11	13
57	13
98	10
105	4
109	6
131	11
140	11
160	7
171	8
177	11
179	12
192	3
Market 159
3	5
19	1
32	10
34	6
39	12
44	13
46	13
48	13
79	3
106	3
121	9
125	1
137	15
151	5
154	8
170	1
174	10
182	11
198	13
Market 209
21	13
45	2
67	7
107	15
113	15
127	8
143	9
162	10
165	4
188	2
Market 306(F)
15	15
26	4
40	12
42	10
62	13
67	1
70	7
102	7
156	1
160	5
161	12
167	11
178	8
188	3
194	1
197	12
Market 319
14	10
17	6
21	8
24	14
25	15
27	5
31	1
34	10
38	14
42	1
53	13
64	14
65	10
70	3
81	7
103	14
132	12
138	14
140	5
157	12
159	11
163	7
168	11
170	4
172	5
178	13
186	9
197	5
198	15
200	14
Market 46(F)
12	8
14	4
21	2
24	2
28	15
41	10
44	1
45	12
48	13
49	8
51	11
59	8
67	13
70	3
75	8
104	12
127	12
147	12
182	14
188	1
Market 98(F)
27	3
28	10
34	10
40	6
52	13
62	12
64	7
74	15
101	3
102	3
142	10
155	2
162	1
183	3
197	14
Market 149
13	12
16	10
17	13
26	6
30	11
32	15
39	14
40	5
49	13
54	1
59	12
64	3
73	9
112	15
118	3
167	13
195	7
Market 240
4	4
12	9
30	1
31	9
49	7
53	10
95	5
126	15
159	14
163	7
179	6
Market 349
1	10
6	12
7	4
12	7
22	1
23	3
26	2
31	8
40	14
45	3
49	4
51	15
58	11
59	3
66	12
69	5
81	10
87	5
89	10
97	13
99	14
109	1
112	12
125	7
143	15
147	13
159	7
162	6
165	4
170	13
171	11
177	13
180	1
181	1
185	4
186	1
190	1
191	11
196	7
199	6
Market 120
4	5
22	11
31	1
42	11
45	12
52	12
58	1
61	8
69	1
86	15
92	12
96	12
116	14
127	3
129	5
139	15
158	6
182	3
183	10
194	2
Market 58(F)
8	5
15	2
27	4
31	4
33	14
34	1
36	2
40	12
42	8
66	14
68	11
69	4
83	5
90	7
104	4
121	15
151	10
158	15
162	6
164	1
171	11
182	3
189	7
194	7
195	15
Market 214
16	7
22	5
24	15
25	10
38	8
60	6
79	3
104	9
106	3
127	15
128	1
129	8
139	10
143	12
161	15
162	5
183	9
Market 234(F)
3	2
12	11
23	7
51	14
61	2
64	11
79	6
82	15
106	3
124	7
142	4
147	1
164	1
182	13
191	3
Market 172
1	13
26	2
47	8
67	8
70	5
94	7
107	8
113	13
116	11
125	5
150	1
169	3
178	5
182	5
191	4
194	11
195	2
Market 108(F)
8	14
13	11
32	3
46	15
58	12
62	12
67	4
78	10
79	14
81	2
87	9
120	15
126	10
155	12
164	3
188	9
197	13
Market 27
8	2
12	10
34	10
40	10
42	6
45	2
49	1
52	11
53	11
57	6
61	12
67	1
81	9
89	5
98	14
99	3
103	12
104	7
107	6
110	2
111	7
112	1
125	9
126	14
128	7
129	10
132	8
138	4
139	8
147	12
151	9
153	1
160	6
161	11
167	11
174	3
175	14
177	12
192	7
200	8
Market 256
2	10
20	8
33	13
41	1
44	1
66	12
86	7
90	9
93	13
113	14
127	9
145	7
164	11
Market 151(F)
6	7
15	5
16	7
17	4
34	1
39	8
41	9
59	15
60	8
65	5
69	5
73	1
79	3
81	1
87	4
92	2
100	5
103	9
105	6
106	1
118	7
137	5
143	6
146	4
175	13
183	15
Market 189
7	13
15	6
24	8
31	6
36	11
38	8
42	3
45	15
60	7
61	15
62	14
67	4
73	13
77	1
79	4
95	1
98	11
106	10
111	4
112	11
128	2
141	15
146	10
149	2
155	2
166	5
170	14
172	8
179	8
183	2
184	4
185	13
186	11
188	6
189	13
193	15
194	6
Market 296
3	4
5	3
9	4
14	10
15	8
36	15
57	4
59	11
64	5
78	3
85	14
87	15
88	6
95	10
98	3
107	15
113	13
120	12
124	15
136	2
139	15
151	12
153	14
158	13
160	8
182	4
186	15
Market 301
15	4
19	5
23	6
31	2
34	7
37	12
41	6
49	8
52	5
64	5
65	14
77	9
81	13
112	6
121	7
126	9
133	9
138	14
139	1
146	7
151	2
155	3
162	4
165	4
170	13
171	6
183	9
197	1
Market 224
3	15
19	15
60	7
77	5
82	15
85	14
87	15
91	3
104	13
109	2
112	11
132	1
137	8
154	2
159	8
169	11
192	14
195	6
197	7
Market 137
22	11
27	11
37	1
39	13
41	2
60	14
62	9
68	4
79	13
81	12
96	6
97	3
104	10
120	14
126	14
132	1
134	1
136	8
139	9
141	4
145	8
149	5
152	10
158	5
160	6
178	5
182	1
188	3
191	2
193	7
Market 228
3	8
5	9
15	7
16	2
46	5
51	3
81	3
113	10
128	4
131	1
148	6
165	4
194	12
Market 117
1	7
15	5
24	2
33	15
46	11
52	6
58	9
74	12
89	4
92	1
101	6
106	5
110	10
114	13
118	2
125	5
127	7
136	7
143	6
149	13
151	13
154	12
180	15
Market 61
1	13
8	6
22	5
24	4
26	12
31	4
34	4
42	12
51	6
52	15
53	1
66	14
67	3
83	12
90	12
111	2
121	14
129	15
142	7
153	5
174	2
177	5
200	13
Market 109
2	2
15	3
19	8
27	5
44	11
45	4
48	2
58	15
78	6
83	13
109	10
133	11
167	15
179	5
194	12
199	6
Market 114
5	8
6	8
12	11
15	12
16	2
17	15
23	7
27	8
31	2
36	4
38	8
41	8
42	5
52	15
67	14
69	6
73	10
79	15
89	8
98	15
106	6
109	13
115	4
121	5
146	4
160	11
162	7
187	6
190	1
Market 292
1	11
2	2
3	8
15	7
19	11
32	2
46	6
51	13
65	1
77	10
82	3
104	11
112	9
129	1
140	4
147	5
171	13
179	14
192	13
196	1
200	7
Market 69
2	1
4	11
19	5
22	15
26	8
32	11
46	1
52	8
57	13
59	1
60	2
61	2
64	13
67	14
68	15
72	14
73	15
83	15
87	12
89	9
93	9
103	7
105	12
109	5
112	11
115	8
120	1
129	2
134	8
137	8
138	11
148	10
164	7
170	4
175	9
190	13
191	6
193	8
194	12
Market 63
1	14
4	2
14	7
35	10
59	15
60	13
82	11
102	7
117	10
127	13
133	5
153	10
175	8
182	12
183	1
Market 299
3	13
15	6
18	5
23	13
32	11
52	9
58	9
60	10
69	14
70	6
79	6
83	12
87	2
97	14
116	10
121	5
141	7
146	5
148	14
154	7
158	4
162	6
168	9
170	5
179	14
187	2
191	13
Market 16
44	9
59	13
75	1
92	11
104	10
125	9
129	4
139	6
154	8
160	4
192	2
194	11
200	12
Market 97
5	14
30	8
32	4
42	14
49	5
60	15
80	9
92	1
133	13
140	1
162	7
173	3
182	6
184	7
Market 314
2	9
16	9
24	13
32	10
33	4
39	5
49	5
53	7
64	9
68	3
69	12
78	5
90	7
92	3
100	1
120	9
131	9
140	11
144	1
161	2
167	14
192	1
199	3
Market 7
4	15
12	12
33	12
39	5
64	3
67	14
68	10
70	9
78	8
89	1
96	5
99	11
106	8
112	6
116	5
121	9
128	10
134	12
152	2
158	2
162	7
172	4
181	8
195	8
197	12
Market 276
8	4
15	9
21	14
31	15
34	6
36	7
39	10
51	7
52	2
53	10
68	14
70	4
87	11
92	9
129	11
139	8
145	10
160	7
162	10
181	3
186	11
193	9
Market 171(F)
7	12
16	8
21	3
24	8
30	4
31	11
43	10
44	14
45	15
48	3
57	8
59	14
64	10
67	3
68	1
70	5
80	2
83	10
94	13
98	2
104	1
108	11
113	13
118	8
119	5
128	2
132	8
140	7
142	4
148	2
156	10
164	4
167	2
169	5
171	4
173	8
174	12
184	8
192	14
198	1
Market 243
5	6
6	12
7	15
12	3
16	12
22	6
31	12
36	3
38	12
42	14
43	4
69	13
73	9
79	9
94	9
95	10
98	11
102	12
104	1
112	6
113	2
154	7
158	5
159	5
171	9
175	7
179	10
180	10
186	6
191	2
192	10
194	2
198	4
Market 45(F)
1	13
19	5
60	5
61	15
66	2
70	9
116	6
125	8
164	10
183	15
184	8
192	3
194	3
Market 103
4	12
7	9
15	10
17	14
19	15
32	8
33	11
42	12
46	10
52	14
68	14
77	12
83	14
89	8
94	15
95	10
98	6
103	10
104	7
112	11
117	3
124	14
128	10
133	8
136	3
142	8
154	9
159	7
162	9
173	7
185	8
188	6
Market 77
1	6
2	11
6	13
15	12
21	3
32	6
34	2
44	13
46	6
54	2
77	3
79	14
83	10
98	9
110	1
119	3
120	7
128	9
129	8
134	11
137	12
138	7
145	15
147	5
148	14
158	15
160	12
161	2
164	15
168	11
181	15
183	4
187	6
196	4
197	8
199	9
Market 128
1	7
6	14
10	3
14	3
16	3
23	4
27	6
39	10
45	14
59	3
64	12
65	7
67	1
85	3
88	10
102	4
113	4
116	5
155	15
159	7
169	7
185	14
194	4
200	8
Market 282
3	14
7	14
17	15
21	2
25	11
30	3
44	11
48	12
60	12
76	2
92	7
93	5
99	3
126	15
147	14
154	9
177	13
187	12
Market 227
2	4
8	9
11	13
25	3
26	7
37	9
40	7
42	6
46	9
49	15
58	15
64	12
69	8
71	10
73	14
82	15
85	3
92	1
104	4
110	8
116	6
117	2
125	14
129	3
133	7
141	8
147	3
154	12
161	2
164	6
172	8
180	11
192	15
Market 48
4	2
15	3
16	4
19	3
21	4
27	5
40	8
41	10
42	9
58	4
94	4
96	9
108	7
112	5
113	15
121	2
128	1
139	3
147	12
155	11
167	15
172	14
189	9
197	5
Market 12
3	13
6	6
11	2
30	2
32	13
38	4
41	10
49	7
60	1
65	8
67	4
71	9
77	13
79	10
85	15
95	1
98	13
120	3
126	12
129	9
145	8
148	14
157	8
158	2
159	6
161	8
171	14
179	3
185	1
188	1
Market 182
2	10
16	12
23	7
30	5
44	10
61	12
64	5
80	15
86	9
104	14
127	14
128	1
132	15
154	14
155	1
158	4
172	1
186	8
188	15
Market 271
2	12
16	2
36	14
60	6
84	12
103	5
113	4
124	8
136	11
160	13
169	6
174	10
185	9
191	10
Market 131
1	12
21	5
22	14
27	1
30	1
40	4
49	13
53	10
57	15
67	9
77	4
86	6
92	15
95	6
101	15
113	15
117	9
125	13
167	11
173	14
174	4
175	5
178	2
181	11
183	13
191	12
193	7
199	11
Market 253
2	13
10	5
12	5
24	7
31	14
39	9
45	8
72	4
73	13
79	1
83	3
85	12
94	2
98	5
99	14
105	2
106	2
113	1
118	8
120	2
126	15
129	12
131	2
137	1
142	12
145	9
146	11
149	6
151	14
159	2
170	12
171	15
175	1
179	14
180	8
184	2
Market 166
21	6
22	1
45	10
54	2
70	9
71	15
129	5
138	9
155	10
156	5
159	3
165	11
172	3
177	6
Market 226
2	8
42	10
43	15
48	11
49	6
62	12
98	13
99	2
113	1
151	12
174	14
178	8
183	12
189	1
191	4
193	13
Market 84
5	8
31	9
41	10
44	9
48	2
58	12
61	13
78	9
79	7
87	2
92	7
110	9
134	8
145	5
147	5
155	10
157	3
161	2
165	12
170	3
172	2
179	10
181	8
183	6
Market 55
22	5
24	4
33	13
36	8
83	14
87	9
95	1
96	13
105	9
116	3
118	5
120	8
125	2
145	4
147	13
151	4
154	9
156	15
170	13
176	11
195	10
Market 326
6	5
14	3
21	15
38	15
41	15
44	8
69	2
71	10
79	6
83	5
92	15
106	2
123	15
132	9
148	6
155	10
158	1
162	8
172	13
178	10
191	1
Market 188
4	8
5	14
24	6
33	3
46	11
50	8
81	1
103	7
106	14
125	1
133	7
145	14
148	11
151	8
154	9
157	11
162	15
170	8
177	7
186	14
192	4
196	13
Market 265
8	9
17	12
18	13
30	1
60	4
62	9
105	3
111	1
129	14
131	10
133	10
136	10
148	2
151	2
153	2
159	7
160	9
179	10
197	6
Market 186
16	10
30	2
36	8
40	7
54	3
61	4
83	11
125	5
146	5
162	14
Market 255
41	8
44	3
53	7
60	9
92	8
113	15
118	2
140	7
149	5
151	11
152	2
158	5
159	9
160	14
164	5
172	3
176	12
177	4
185	14
191	12
196	6
Market 123
15	13
17	13
24	4
31	5
32	9
41	13
62	4
69	4
70	3
81	12
85	4
111	6
124	10
125	11
128	8
133	10
158	11
171	5
173	4
174	13
179	2
188	2
193	8
Market 83
2	6
15	2
21	8
32	8
36	5
42	5
43	9
46	12
57	5
78	15
85	11
88	5
98	14
103	14
116	12
121	9
145	9
160	6
164	10
171	11
174	7
175	12
183	14
200	7
Market 31(F)
2	8
12	9
27	12
50	15
67	15
68	8
81	3
90	6
99	2
111	6
112	4
120	1
136	5
138	15
160	1
162	2
174	10
181	3
185	2
191	15
195	8
Market 26
5	14
17	7
18	1
23	12
35	14
51	13
60	12
83	1
94	2
113	8
121	8
125	1
145	1
154	1
167	7
178	6
182	5
183	8
193	12
Market 163
2	13
16	1
17	2
44	4
67	10
85	6
90	3
106	13
132	1
138	7
145	9
146	15
148	3
162	5
168	14
174	8
181	12
182	6
185	7
192	12
196	11
Market 300
2	13
21	11
65	15
74	7
89	5
109	5
171	15
173	4
178	2
180	4
182	6
193	14
Market 213(F)
1	14
6	5
7	4
14	8
22	4
26	11
44	9
45	7
49	1
57	2
64	14
69	2
80	15
85	2
94	10
95	4
104	3
110	4
115	6
120	4
124	9
128	1
129	6
131	2
132	5
136	7
147	10
148	3
155	1
158	3
162	2
166	6
170	6
179	15
187	6
196	2
198	12
Market 324
27	6
30	10
39	4
41	11
42	12
48	13
60	12
61	10
66	9
69	14
70	13
77	3
83	3
87	7
88	9
95	11
99	6
102	8
115	6
126	4
132	9
133	7
140	15
162	1
163	1
168	1
Market 264
4	13
7	1
15	13
21	12
23	13
31	11
45	9
48	11
49	7
57	7
73	5
81	3
83	4
89	1
92	5
93	9
95	7
126	5
128	12
129	12
134	12
145	6
159	11
161	4
166	5
169	10
172	15
174	3
177	7
179	5
200	6
Market 248
15	7
25	3
33	6
36	12
39	8
41	3
71	5
73	15
85	4
98	15
148	6
160	14
165	5
167	5
171	6
184	2
186	3
Market 239
2	2
12	10
16	4
23	3
34	3
46	15
48	4
53	5
60	3
69	7
70	1
77	12
95	3
119	10
125	3
128	6
129	4
131	8
132	11
133	11
140	6
142	1
145	7
148	2
153	1
164	10
167	14
189	10
191	12
Market 99(F)
4	9
20	1
22	8
25	6
42	14
45	7
51	11
59	10
73	6
81	4
121	2
159	4
177	10
185	12
187	8
Market 158
27	5
47	7
48	2
59	4
61	6
65	10
106	10
109	7
110	10
131	2
132	7
134	12
137	15
145	2
154	14
168	3
185	15
Market 119
2	4
5	3
32	11
36	1
40	9
53	4
69	5
87	9
92	8
94	14
104	11
137	9
145	15
146	9
150	13
159	14
171	14
178	9
Market 85
7	6
8	12
12	13
19	6
24	1
36	9
39	8
42	12
45	8
53	13
59	1
61	10
64	1
79	5
94	13
108	12
113	6
121	3
125	9
148	9
157	8
158	3
167	15
181	8
182	13
186	3
189	9
191	6
193	9
199	15
Market 295(F)
5	4
48	13
62	13
77	14
105	4
106	10
109	3
120	11
145	3
156	13
159	10
168	11
176	11
177	8
180	1
186	11
188	3
195	12
Market 139
5	14
8	13
16	1
31	12
32	5
41	14
44	14
49	3
64	7
65	3
67	5
71	6
91	8
103	12
105	1
109	12
112	12
125	9
128	14
139	10
140	10
144	12
148	1
151	6
154	10
155	4
169	11
170	1
171	10
173	11
175	4
176	10
185	2
192	12
Market 262
5	2
12	6
20	5
22	3
27	3
33	8
34	3
37	14
46	12
59	5
60	12
64	5
66	11
67	8
70	7
84	15
93	9
101	1
116	14
121	1
126	12
128	5
132	10
134	14
138	14
141	2
147	6
161	15
174	3
177	8
185	7
187	3
188	6
194	6
199	6
Market 19
14	11
15	3
22	14
48	12
64	10
65	10
69	7
70	9
86	15
98	4
103	10
105	5
106	5
115	15
121	9
131	9
135	7
138	1
145	2
149	2
172	3
177	12
191	7
192	11
Market 331
2	2
36	1
39	9
48	3
49	10
58	2
68	2
121	6
126	7
133	4
156	5
166	9
177	6
181	4
183	4
197	7
Market 335(F)
1	2
2	1
16	14
36	3
48	7
53	2
60	14
64	4
81	6
113	5
121	7
139	5
145	1
155	12
160	7
162	9
171	4
175	15
180	7
186	3
193	12
194	7
Market 150
15	4
22	6
31	3
39	10
41	1
46	13
49	15
50	2
53	8
60	11
62	10
68	13
81	12
87	10
92	7
94	3
96	13
104	3
106	8
135	2
172	8
183	6
Market 317(F)
17	5
58	10
67	15
68	1
69	12
87	11
112	13
131	5
148	6
154	5
160	14
165	2
174	6
176	15
178	10
195	6
Market 118
2	3
10	15
16	12
23	7
32	2
34	1
39	8
49	12
58	3
60	6
66	1
69	15
70	15
77	8
79	3
81	12
82	9
94	9
106	14
111	4
112	15
120	3
125	9
126	15
134	9
139	11
145	14
147	6
158	10
178	5
179	4
183	11
186	2
188	7
191	13
195	2
197	10
Market 93
4	14
5	6
17	13
21	3
38	7
39	13
41	3
46	9
51	14
58	11
65	10
69	11
86	4
87	6
98	3
128	12
136	10
150	14
153	8
159	14
165	9
167	11
170	5
181	6
185	9
188	3
199	9
Market 350(F)
13	3
18	13
30	10
34	9
36	3
40	11
42	5
46	9
67	6
72	8
79	13
102	8
120	13
127	10
129	2
145	2
158	15
162	5
171	2
Market 146
4	9
9	3
31	3
45	1
59	15
77	15
87	6
94	9
109	4
121	15
154	4
185	13
191	3
194	1
Market 78(F)
5	15
8	10
22	13
27	10
37	6
41	7
42	4
46	3
61	8
62	15
64	3
65	13
67	6
79	5
91	3
100	4
107	6
113	3
132	11
139	7
153	7
155	4
158	10
160	6
167	5
172	9
194	4
200	10
Market 302
1	8
3	14
6	13
10	11
23	10
101	3
106	9
139	9
149	2
153	12
162	14
166	13
177	14
190	3
194	8
196	4
200	15
Market 102
21	10
28	7
41	6
42	12
49	2
62	4
69	3
101	2
148	14
154	13
156	6
178	12
179	13
181	12
184	9
189	9
195	6
Market 122
1	3
4	11
16	12
36	13
42	13
54	5
67	13
85	6
103	4
105	15
121	13
140	8
143	8
160	9
170	12
184	14
194	1
198	13
Market 124(F)
39	8
67	4
95	2
98	12
132	12
137	10
146	14
156	14
164	4
172	14
187	12
Market 316
1	2
2	6
5	8
7	13
17	5
22	3
26	8
32	8
34	3
46	7
49	6
52	9
57	4
59	3
62	14
65	11
68	5
69	9
73	9
77	2
79	2
87	12
89	11
94	7
103	1
104	8
106	15
116	6
128	4
148	10
170	7
172	4
177	7
188	12
191	12
197	2
200	14
Market 121
1	1
19	7
22	15
41	7
48	2
49	3
62	2
77	10
92	4
103	3
115	12
128	1
129	14
145	4
147	13
162	8
163	9
172	2
174	8
177	10
185	10
190	7
194	1
Market 333
9	11
12	4
19	15
39	1
44	2
49	2
67	4
89	14
102	1
109	3
111	2
131	6
142	15
147	6
151	15
165	4
179	8
Market 266
67	10
81	11
90	2
94	9
101	4
113	6
129	1
136	3
153	13
188	14
Market 87
1	11
6	11
22	10
44	4
45	11
59	3
110	1
120	11
138	11
140	14
141	15
155	6
157	5
162	7
165	15
191	9
196	8
Market 160
15	9
16	14
30	3
31	10
37	2
44	1
53	2
64	12
68	3
73	7
92	8
94	5
97	11
100	4
113	5
120	14
124	5
149	8
155	7
185	7
188	9
Market 28
1	4
3	11
5	1
34	2
39	15
41	9
49	1
57	10
68	15
69	12
81	12
85	6
87	1
93	11
102	7
109	15
121	3
125	15
133	15
137	12
139	8
146	3
154	8
158	11
159	4
177	6
181	2
186	11
189	8
200	14
Market 277
4	7
16	15
22	5
31	10
33	2
36	9
43	13
58	1
59	4
61	15
65	3
78	14
81	2
83	7
85	5
106	1
115	2
120	7
144	11
154	1
155	13
158	9
165	1
174	13
178	4
183	9
191	15
192	7
194	13
Market 315
11	1
15	9
21	7
23	1
26	10
27	10
39	12
49	6
52	11
67	13
83	8
103	2
108	2
115	8
116	15
131	3
137	2
144	10
151	14
155	8
162	8
172	6
175	4
189	12
190	14
191	15
195	15
Market 311
2	8
7	5
11	11
22	9
23	13
39	3
59	8
67	6
171	10
177	13
187	11
197	2
Market 40(F)
1	1
16	13
23	7
30	3
36	14
39	4
44	9
64	9
73	8
92	10
97	12
121	8
151	5
182	9
186	13
Market 278
3	2
4	3
16	2
19	5
23	14
24	5
36	2
46	3
49	14
60	2
67	15
70	2
78	5
85	14
92	15
106	6
108	13
112	11
113	7
120	13
129	10
139	6
145	7
146	2
148	2
152	11
158	8
160	14
161	12
168	2
169	7
171	11
175	7
177	1
178	6
179	6
184	1
185	4
191	7
195	10
Market 126
21	5
27	9
38	2
48	5
60	1
68	8
93	4
98	7
113	11
120	1
132	13
148	9
161	8
163	9
170	4
194	3
Market 106
7	8
19	14
20	3
27	15
40	10
41	4
49	11
68	10
79	15
86	15
92	3
93	1
94	4
96	5
110	5
141	5
181	2
185	3
Market 82(F)
12	11
16	13
17	15
27	13
42	7
65	1
100	14
125	11
131	1
133	13
137	10
144	11
147	7
160	6
162	9
170	1
172	4
194	12
198	15
Market 221(F)
17	9
21	5
22	9
23	3
39	15
49	11
60	6
95	13
125	9
132	9
172	3
191	13
195	9
Market 3
41	4
62	10
68	12
91	14
97	14
105	10
142	12
147	5
149	8
155	14
156	2
159	14
169	14
174	6
184	14
Market 56
4	14
11	11
12	12
19	15
30	7
48	12
52	6
60	15
69	15
82	6
85	6
86	4
92	13
94	9
111	2
116	14
151	10
166	14
188	2
Market 162
1	3
10	14
24	3
62	6
65	2
79	4
92	10
95	7
136	4
147	9
151	1
155	10
163	7
168	13
171	13
186	9
187	5
193	11
194	2
Market 341(F)
42	9
44	1
59	14
61	6
83	2
85	9
106	14
109	7
115	11
129	13
145	14
152	5
159	13
161	8
164	9
171	7
182	8
183	13
190	12
197	14
199	13
Market 244
3	14
6	1
10	4
15	12
23	10
30	15
36	13
38	12
45	14
58	14
64	2
65	13
69	1
70	9
96	5
113	2
139	6
149	14
164	14
169	13
174	9
182	3
Market 153
3	1
5	14
8	4
17	7
19	1
31	5
39	13
44	15
45	6
48	7
49	9
59	10
70	1
81	13
94	13
96	9
98	13
121	15
132	6
133	3
134	8
141	11
145	8
154	7
159	3
164	14
165	6
179	9
185	15
188	11
199	9
Market 115
10	9
15	14
21	11
22	3
26	3
39	13
40	11
44	10
48	12
52	7
77	8
79	13
87	15
92	15
129	2
143	15
146	12
147	11
158	13
160	1
164	12
169	3
184	13
186	10
Market 201
12	4
19	2
22	4
24	15
31	3
36	7
39	13
40	10
43	5
46	9
53	6
57	13
70	6
73	6
83	7
98	8
99	1
100	7
120	15
124	15
126	4
129	13
131	14
133	14
139	2
140	13
142	12
148	9
149	3
155	5
156	1
158	13
162	15
166	9
170	3
172	11
176	3
183	9
188	2
189	4
Market 197(F)
2	15
11	12
16	11
31	6
41	2
78	7
86	9
92	6
94	1
96	10
113	13
120	1
133	13
136	9
139	15
145	2
147	11
160	10
169	12
179	10
183	14
188	1
200	4
Depot
