TPP_FSO_CapEuclideo.250.200.5.2
Total Cost:219293
|M*|: 249
Depot
Market 114
19	9
31	4
55	1
70	4
82	8
95	5
105	7
124	4
132	2
136	12
139	7
146	8
150	12
155	13
160	14
163	2
170	3
181	4
182	13
184	2
188	8
193	15
197	15
Market 167
2	13
3	3
11	1
12	12
13	11
14	15
15	8
20	5
21	11
24	3
27	15
28	5
31	1
34	10
36	15
40	3
45	6
47	2
48	4
49	6
51	14
53	10
54	8
55	5
63	13
64	9
65	7
68	1
69	9
70	5
71	11
72	6
74	4
79	10
80	10
82	9
83	15
92	10
99	11
106	10
108	11
110	2
112	4
115	15
126	13
127	14
128	10
131	2
134	11
137	2
142	15
147	12
155	11
164	9
165	14
173	9
176	2
177	6
181	8
182	8
191	2
193	3
196	15
Market 32(F)
24	1
57	5
78	4
100	11
101	12
110	2
113	11
115	4
119	13
122	12
123	15
127	4
130	6
131	8
134	7
136	14
137	4
138	13
139	5
141	10
146	10
147	4
148	7
149	7
152	13
156	15
158	10
161	9
162	14
165	15
168	1
170	15
176	4
183	10
188	2
193	10
196	1
Market 95
3	7
7	8
9	10
11	8
21	14
24	15
31	9
34	14
35	13
36	10
42	12
44	10
45	2
53	8
55	2
58	11
62	9
67	1
69	7
74	2
80	12
83	7
92	8
94	13
100	9
107	10
122	10
123	3
126	5
130	2
131	13
132	12
137	1
141	8
145	15
146	10
156	5
162	5
164	7
165	4
172	4
173	11
177	10
182	3
185	9
191	5
196	1
Market 27
3	11
4	1
6	14
7	8
18	6
19	6
20	12
21	7
23	10
24	2
25	2
26	2
27	11
28	3
30	14
34	5
36	4
38	5
44	4
50	15
51	8
53	8
54	13
57	3
58	1
60	9
69	8
72	10
74	12
78	10
79	10
80	4
85	3
88	7
94	14
97	9
110	10
111	5
114	2
120	6
122	11
123	14
128	6
130	3
131	4
135	5
139	9
141	9
147	8
155	3
161	1
162	7
163	13
164	7
171	6
172	1
182	13
187	2
191	1
192	6
193	1
197	4
200	9
Market 246
13	5
19	12
21	3
24	4
25	13
28	7
36	5
50	13
55	1
64	4
108	15
113	11
120	1
122	8
134	1
139	4
157	12
165	5
173	15
176	14
178	7
183	7
186	8
192	2
Market 215
2	14
3	6
5	9
7	7
8	3
10	3
12	8
17	15
18	4
19	14
21	11
24	13
25	2
26	1
27	9
28	11
29	11
30	15
31	11
33	5
35	1
36	7
38	11
42	1
43	1
44	10
47	2
49	14
53	6
55	5
60	10
63	10
64	1
65	12
67	4
70	15
75	2
78	5
79	2
81	1
82	5
84	14
94	14
95	1
104	11
110	3
117	1
120	8
121	8
123	12
124	5
128	10
130	12
132	14
140	6
141	3
143	6
152	14
155	14
156	2
160	7
170	11
171	7
176	6
182	9
184	8
191	3
196	8
197	5
Market 11(F)
2	11
3	5
4	8
5	4
7	7
8	6
17	14
18	14
19	2
20	12
21	1
25	14
28	1
32	3
34	12
44	7
45	9
49	5
54	3
56	14
58	14
60	5
67	9
68	2
69	7
70	7
71	2
72	10
78	12
82	5
83	13
84	14
85	13
88	14
92	13
99	6
108	13
110	10
120	8
131	15
132	6
135	10
139	2
143	12
147	8
153	15
158	7
160	1
162	3
167	15
172	7
173	3
179	9
182	8
183	14
191	11
192	6
196	14
Market 124
4	7
17	8
25	3
43	4
60	10
64	7
68	14
70	15
83	14
100	12
106	2
110	14
118	15
119	4
120	3
127	8
128	7
130	4
131	3
133	7
137	7
141	6
143	12
147	1
151	6
155	12
156	1
163	15
165	8
172	6
185	12
191	7
197	2
Market 179(F)
1	10
3	1
4	3
5	3
9	1
11	11
13	6
17	1
19	4
20	15
21	3
23	8
24	10
25	4
27	2
28	1
30	12
31	5
33	5
34	10
40	6
43	2
44	1
47	15
48	1
50	1
54	8
67	10
68	8
69	15
73	14
74	10
75	14
80	8
82	9
83	8
84	12
88	14
90	9
92	10
94	10
95	7
101	4
104	15
108	2
110	8
115	3
117	15
120	5
122	1
127	14
131	7
132	12
139	4
141	12
143	4
145	5
146	10
147	1
150	9
160	11
163	12
170	2
172	1
181	6
182	6
183	10
184	13
187	6
190	7
191	11
192	6
193	1
196	11
Market 213
3	8
12	9
13	1
14	4
24	12
25	9
27	11
30	8
33	7
36	14
42	13
45	4
47	9
50	11
51	2
54	8
57	9
60	10
63	13
64	12
68	3
69	7
71	10
72	9
79	3
80	8
82	10
84	4
104	11
106	7
110	3
113	6
120	11
122	15
127	1
134	4
137	11
139	13
149	12
155	11
157	8
160	4
162	11
167	13
178	15
181	3
191	15
197	4
Market 136
4	1
7	13
24	5
28	7
31	9
43	8
50	8
60	2
64	1
68	7
70	5
84	10
94	10
108	15
110	2
119	15
120	14
121	10
131	9
136	15
141	10
142	9
149	11
150	6
155	3
170	1
176	3
183	12
187	12
192	6
197	5
Market 112
4	3
13	4
21	4
31	7
55	14
64	6
78	14
101	4
113	15
122	3
128	14
131	4
134	12
135	4
138	10
139	14
143	11
148	11
152	8
157	2
158	14
167	7
173	9
178	8
182	2
183	2
187	1
193	1
196	15
Market 203
3	3
9	2
10	5
11	9
15	2
19	2
20	14
21	5
24	14
28	7
30	8
34	6
41	7
43	9
46	5
55	14
56	10
58	13
60	13
64	9
70	12
72	2
76	9
79	4
80	8
81	7
92	1
95	12
106	10
108	3
112	2
114	14
122	11
126	3
127	1
134	7
138	10
139	5
145	12
163	10
164	1
165	1
172	8
173	10
177	15
178	14
187	15
191	5
196	2
Market 216
13	8
21	3
47	3
92	15
103	5
114	8
123	4
127	1
139	15
146	5
148	11
149	11
163	7
167	10
180	3
193	10
196	8
Market 198(F)
4	13
25	6
55	4
68	14
70	5
82	12
94	11
108	8
110	9
114	8
122	6
131	12
134	8
135	11
139	4
154	8
160	3
162	3
163	8
169	10
181	14
182	6
197	14
Market 208
5	15
7	1
13	12
21	15
24	4
25	14
30	7
31	13
36	13
43	8
50	7
69	4
70	14
78	7
94	4
97	5
104	11
110	11
115	5
120	3
122	3
123	6
124	1
127	2
128	4
132	14
139	2
140	3
142	10
143	5
152	7
163	7
170	3
184	8
188	4
193	14
196	1
197	7
Market 54
17	11
19	14
23	10
25	7
31	11
36	14
43	4
57	15
60	2
70	3
78	4
82	7
101	7
108	13
109	2
110	14
114	10
115	2
122	7
128	10
131	5
134	13
139	2
142	3
145	11
146	11
153	11
154	15
157	10
159	9
160	13
162	7
163	8
167	6
168	9
175	6
181	8
183	4
184	8
187	5
193	4
197	3
Market 195
7	5
9	1
10	10
11	2
13	3
19	1
20	1
23	6
28	3
30	7
34	8
35	3
38	11
44	5
54	3
67	12
72	15
73	2
74	9
77	3
80	5
82	13
92	5
95	5
101	13
108	3
110	5
113	2
120	8
121	2
135	12
145	8
152	6
155	8
163	2
166	7
173	11
175	8
179	3
183	3
187	11
192	8
Market 68
24	11
70	4
74	1
78	9
82	4
101	3
108	14
122	13
123	9
132	11
136	4
137	4
139	7
141	6
142	3
143	3
147	10
149	15
155	5
160	8
162	9
163	1
170	10
181	7
182	13
184	4
188	9
196	8
Market 228
21	6
30	4
42	3
47	2
67	4
78	2
101	3
108	3
110	10
133	2
146	14
147	5
148	15
152	3
156	2
163	10
165	14
176	2
182	3
187	13
193	12
Market 6
21	13
24	15
31	15
43	6
50	10
54	3
57	6
60	7
78	9
82	5
92	9
95	2
141	4
142	11
147	1
150	6
160	9
163	11
170	15
181	5
190	8
197	15
Market 49
4	10
7	10
9	5
15	1
21	8
24	4
25	4
31	14
33	3
36	13
43	13
46	5
48	14
50	7
55	4
56	2
57	12
58	1
60	11
64	6
67	2
72	5
76	6
78	2
79	14
82	1
92	4
96	3
105	8
110	11
121	10
122	12
123	7
124	14
128	14
132	3
139	10
143	3
145	15
146	9
150	12
163	7
176	10
177	15
182	7
183	10
187	8
197	8
Market 230(F)
5	1
17	3
67	14
70	7
95	2
110	10
115	8
120	2
128	7
132	10
136	3
137	1
139	5
146	3
148	8
150	4
154	8
184	14
187	2
188	2
193	3
196	7
Market 108
5	14
17	3
24	9
28	9
36	1
50	1
69	3
84	4
92	14
114	3
115	14
120	3
123	8
135	12
139	11
142	1
145	8
153	2
154	11
162	13
167	11
175	5
176	11
181	4
182	3
196	3
197	15
Market 35(F)
4	2
7	8
8	15
14	4
15	9
17	14
18	6
23	11
24	8
25	7
26	13
29	13
31	2
35	6
36	10
38	10
42	4
43	1
45	10
48	10
49	3
54	6
55	3
58	5
60	14
63	8
64	11
65	6
67	3
68	15
70	14
71	11
76	5
78	5
79	1
80	8
82	11
83	14
85	5
92	9
94	3
108	6
110	12
115	14
117	10
119	4
121	13
122	10
123	10
127	12
128	10
130	7
131	8
136	3
137	8
139	4
141	7
143	14
146	5
149	12
150	12
152	15
156	9
163	2
176	5
181	14
182	5
184	9
187	12
188	13
189	11
192	4
193	13
196	11
Market 156
7	3
30	13
69	4
70	15
112	5
113	3
115	7
119	1
128	10
130	3
142	2
145	15
146	1
147	6
148	6
156	11
173	3
176	9
178	9
181	8
182	14
197	9
Market 202
19	2
24	15
54	12
57	15
78	6
82	12
92	12
101	12
108	15
114	1
120	13
127	5
131	3
134	1
141	5
148	1
154	3
161	11
162	8
176	5
197	3
Market 148
13	2
17	12
19	9
21	3
24	2
25	14
28	15
30	7
31	14
35	9
43	10
55	5
60	10
64	12
78	7
84	12
94	1
101	6
108	13
110	15
131	1
139	6
157	10
158	11
161	6
167	12
172	15
176	10
180	13
192	6
196	14
197	11
Market 82
5	2
13	1
19	10
24	3
30	12
67	14
74	15
78	14
84	9
98	8
101	14
104	5
108	7
110	6
114	2
115	14
117	9
120	14
121	14
124	3
127	6
132	2
136	14
140	10
142	10
150	1
170	13
176	15
177	7
183	4
184	6
193	7
Market 231
2	5
5	1
6	7
8	8
11	5
15	12
17	3
19	6
20	2
21	11
24	2
31	10
33	2
34	14
41	6
43	6
44	2
47	14
54	10
57	6
60	5
64	11
65	9
69	15
77	15
81	9
83	11
86	8
90	1
92	12
94	1
108	3
110	9
113	8
114	9
120	6
122	1
128	6
131	5
135	5
138	7
145	7
146	4
148	8
152	15
153	11
158	8
160	6
161	15
162	6
170	4
173	7
176	15
180	3
181	6
192	6
193	11
Market 220
5	7
7	13
17	1
21	10
28	12
35	7
43	10
50	6
64	13
69	13
78	6
84	4
94	14
110	4
120	9
121	10
122	3
127	9
128	6
131	3
132	8
135	15
139	7
141	1
142	7
146	1
148	12
152	9
157	15
158	8
160	8
163	6
167	10
176	7
179	14
187	15
192	2
193	9
196	6
Market 138(F)
4	1
17	7
19	10
20	11
23	5
36	15
68	14
70	4
82	7
99	3
100	1
101	14
110	9
120	6
122	2
127	13
128	3
130	10
131	3
132	8
133	7
134	1
137	11
138	11
139	13
141	7
147	5
148	5
156	7
160	1
165	13
166	14
173	11
177	5
182	12
187	4
192	3
196	5
197	1
200	12
Market 177
5	9
8	15
13	7
15	2
20	12
24	2
25	1
28	12
29	7
31	15
34	8
35	10
39	3
41	5
42	10
43	3
45	5
47	13
48	5
50	12
51	14
54	8
57	13
64	4
67	15
69	15
70	5
77	1
82	8
83	14
84	5
87	2
92	5
94	6
101	9
114	5
122	5
123	9
127	11
131	4
134	3
138	13
139	9
141	8
145	7
146	4
152	14
153	8
155	12
157	4
160	2
161	3
163	11
170	2
178	9
179	7
184	14
187	3
192	13
193	3
Market 31
5	1
9	4
13	2
25	4
26	15
28	8
33	12
42	3
44	7
45	10
47	13
48	8
50	11
52	3
54	10
57	3
64	2
73	15
75	2
77	7
78	2
80	13
81	15
84	14
90	1
96	11
105	11
108	6
110	9
117	4
122	7
124	10
127	8
136	14
137	3
143	7
145	15
146	13
148	8
155	12
176	5
177	12
182	13
183	2
184	9
187	8
189	7
194	4
196	6
197	13
Market 130
5	13
19	2
21	14
28	7
36	10
43	13
47	2
67	14
69	4
78	12
92	12
110	11
122	8
123	12
128	13
131	3
134	5
135	15
139	5
148	8
152	2
162	9
163	13
173	6
176	13
183	7
187	3
192	7
196	15
197	5
Market 164
17	5
19	6
23	4
25	14
31	2
36	9
68	11
82	6
92	1
99	9
101	10
110	14
112	9
119	14
120	9
121	2
126	15
127	1
130	15
131	4
132	2
141	15
150	6
152	6
155	9
156	12
161	10
163	2
164	2
171	15
172	13
176	1
177	10
185	8
192	6
193	9
197	9
Market 65
4	7
5	15
8	9
11	2
13	12
18	11
21	11
24	7
27	3
28	2
30	5
32	8
33	4
34	13
35	4
36	2
41	12
44	8
45	14
49	15
50	4
52	4
54	11
56	6
57	13
58	14
60	13
63	9
65	10
67	2
69	8
70	5
76	4
79	2
80	12
85	10
88	15
92	7
99	12
101	11
114	10
123	10
132	11
137	3
141	15
148	5
152	6
154	1
155	5
157	3
158	3
161	11
167	1
168	2
170	9
177	7
180	14
187	9
192	3
197	2
Market 162
25	7
33	1
50	6
68	15
78	12
82	14
94	4
101	15
102	6
122	9
127	9
134	2
139	9
142	8
153	4
154	12
158	13
160	15
162	9
175	11
176	11
181	4
187	14
197	2
Market 9
1	13
17	6
19	1
21	2
23	9
31	14
38	3
41	5
42	9
43	5
50	4
52	9
56	4
58	10
60	5
64	5
68	8
72	14
76	6
77	7
79	5
81	13
82	4
83	5
88	2
92	2
97	4
99	6
101	2
106	2
110	4
114	9
119	11
120	12
122	6
123	3
127	11
131	12
134	2
140	11
146	3
147	12
148	3
151	4
155	8
160	8
170	5
182	15
184	14
187	12
196	4
197	13
200	13
Market 150
33	1
55	3
60	14
82	14
94	14
110	15
117	12
121	1
122	11
124	11
127	5
128	15
136	12
141	4
146	12
147	12
150	9
152	12
171	11
176	6
182	13
184	10
189	3
191	3
194	7
196	10
197	14
Market 212(F)
17	1
23	11
31	7
33	10
55	2
82	8
95	10
110	15
115	2
120	1
122	11
127	15
138	6
139	2
142	10
145	10
155	9
160	8
163	13
168	12
170	3
183	14
192	14
Market 113(F)
2	7
4	3
5	11
11	12
12	5
17	11
22	2
23	7
26	6
27	4
28	12
32	13
33	14
35	1
36	4
38	1
42	3
44	12
45	8
48	3
50	5
51	4
53	14
54	1
57	3
64	6
71	8
76	3
94	2
100	5
106	7
107	6
112	8
119	6
122	9
127	14
128	5
134	12
139	10
142	10
143	13
147	3
156	2
161	1
163	13
164	11
172	12
178	3
185	9
191	11
193	2
197	11
200	9
Market 123
2	5
4	15
7	7
13	4
15	7
20	13
29	14
34	4
39	7
41	9
42	13
43	8
45	14
47	14
48	11
60	6
65	4
74	10
82	5
83	5
84	13
94	12
101	13
113	9
119	13
122	9
128	11
131	15
138	10
139	11
146	9
147	6
148	12
152	4
160	14
162	6
163	13
166	10
175	5
179	6
182	8
183	14
187	15
193	3
196	13
197	11
Market 129(F)
2	1
4	1
5	3
6	1
13	8
15	14
18	13
23	8
24	14
30	13
32	8
33	9
34	8
36	3
41	15
42	8
47	10
48	2
49	1
50	12
54	10
60	14
63	7
64	6
70	10
71	14
74	9
80	1
83	5
102	2
104	12
110	11
119	4
120	6
123	10
127	8
130	11
132	4
141	13
142	7
146	2
148	13
150	4
154	5
155	2
156	6
170	10
182	8
196	11
197	6
Market 201
1	8
4	14
5	15
9	11
10	10
11	14
15	12
19	11
26	15
29	4
30	13
31	11
33	12
34	12
41	9
45	13
48	3
50	1
55	6
60	6
67	7
72	7
75	10
78	13
82	15
83	15
84	13
90	5
96	14
104	7
108	1
110	8
115	8
117	7
120	5
123	8
134	4
135	13
141	9
142	13
145	14
149	2
160	5
170	9
176	8
181	8
188	1
189	15
192	10
193	14
196	2
197	5
Market 189
1	1
3	6
4	2
7	5
9	5
13	6
17	11
19	11
20	14
21	7
24	10
26	12
30	13
31	2
32	10
34	1
38	8
41	7
42	14
44	3
49	7
54	7
55	10
58	13
70	8
72	4
76	5
88	14
94	10
106	13
118	12
119	4
121	12
124	4
130	7
135	13
139	9
140	13
143	9
145	1
147	8
155	13
177	6
197	12
200	6
Market 137
4	8
7	13
10	3
11	5
13	3
15	4
19	8
24	15
26	5
29	12
30	9
31	12
34	15
35	1
36	6
42	11
47	8
48	15
51	6
54	11
55	7
63	2
65	1
72	13
74	8
78	6
80	7
83	6
86	2
90	11
108	15
115	14
119	6
127	10
128	15
130	9
139	4
145	14
148	1
152	9
154	7
158	9
161	12
162	11
167	7
168	13
179	2
187	14
192	14
196	4
197	2
Market 10
4	8
7	6
11	8
17	12
19	1
28	14
31	9
43	11
60	14
78	8
92	15
95	4
103	6
104	4
115	7
120	10
121	10
122	12
128	7
135	10
139	15
141	10
142	1
145	8
160	2
169	14
176	5
181	3
Market 52
4	10
19	10
23	2
31	13
34	5
43	9
50	12
55	4
60	1
64	13
68	7
78	2
82	14
94	11
101	6
105	5
106	10
112	2
114	8
117	8
119	15
120	1
122	6
123	10
128	5
131	2
137	12
140	14
141	9
144	14
145	14
152	9
163	8
165	10
177	12
183	7
185	6
194	3
197	13
Market 207
1	9
2	3
6	4
9	10
10	13
11	11
15	9
18	1
19	7
23	7
25	11
26	3
27	15
30	2
31	1
32	2
33	9
38	1
40	6
42	5
47	15
48	6
50	4
52	13
55	4
56	10
57	4
58	9
60	2
61	5
65	3
68	3
71	5
75	10
77	3
78	8
81	10
86	4
94	8
95	15
99	3
100	3
110	10
112	3
118	10
119	3
120	10
121	1
122	5
123	7
125	11
127	2
130	14
133	11
140	8
141	4
143	8
144	14
161	7
165	15
172	9
173	9
178	2
187	5
191	15
196	10
197	7
Market 50
4	3
7	12
13	6
24	13
30	6
31	8
35	2
36	3
43	9
68	12
70	11
84	3
104	11
115	9
119	11
122	15
135	13
139	8
142	3
145	3
149	6
160	5
161	1
162	11
170	7
181	12
182	12
183	6
184	5
188	15
192	6
197	5
Market 141
1	4
3	10
5	4
9	6
13	5
15	1
19	4
24	9
27	9
28	14
34	2
41	2
53	15
55	14
60	8
62	6
67	14
70	12
72	15
76	9
79	6
81	2
82	1
83	12
108	4
113	2
114	2
120	1
121	7
122	8
127	14
130	11
131	12
132	15
134	2
140	9
143	2
148	14
161	10
162	5
163	7
166	5
167	4
175	15
178	12
183	6
187	1
192	4
Market 33
1	7
4	2
7	3
11	6
13	13
15	9
19	2
20	15
25	6
26	7
27	13
28	2
30	7
33	9
35	9
38	15
40	11
41	1
42	7
43	5
44	1
46	3
47	14
48	3
53	13
55	3
56	4
58	1
60	3
64	13
67	9
68	14
69	1
70	1
73	2
74	14
76	5
77	10
79	11
80	15
84	3
92	2
94	2
95	7
108	8
113	6
119	2
120	13
127	4
130	15
131	1
134	1
139	9
145	11
148	14
156	14
157	11
161	5
167	12
173	10
178	12
179	3
182	6
183	12
187	4
191	1
192	5
196	8
Market 183(F)
2	3
3	10
5	2
6	3
12	9
17	7
19	2
20	14
21	4
22	14
23	6
24	7
26	2
28	6
29	13
31	9
33	5
34	2
35	11
41	5
42	2
44	5
45	9
47	12
48	9
49	7
50	11
51	1
53	1
55	1
59	11
63	2
64	3
67	2
68	3
69	1
71	15
78	10
80	10
82	10
83	11
92	14
94	12
95	5
105	11
120	8
130	12
131	4
132	12
143	4
146	7
149	10
152	6
156	3
163	9
181	2
182	2
184	10
188	8
193	8
196	3
Market 64(F)
4	5
17	15
36	11
43	15
50	11
55	5
68	11
70	5
104	15
105	11
110	4
115	7
122	12
127	4
128	4
132	6
139	15
142	12
143	3
147	6
148	8
149	9
150	1
157	13
163	5
176	1
183	5
187	13
193	15
196	12
197	1
Market 236
19	7
23	15
31	3
33	14
36	8
43	13
57	11
60	7
68	2
70	7
92	11
98	9
106	1
110	6
112	9
115	8
117	14
119	11
120	8
121	10
127	1
128	6
130	11
131	4
133	14
137	1
140	13
141	4
142	2
143	14
147	10
151	11
152	3
160	9
161	1
163	2
164	10
172	14
177	13
182	6
185	6
191	3
194	1
196	8
200	11
Market 99
2	3
3	13
4	1
5	4
6	4
7	15
8	5
10	14
13	2
17	10
21	10
24	9
26	10
27	7
28	7
31	10
33	1
35	14
36	13
41	15
47	1
49	9
50	3
53	15
55	11
60	6
64	1
68	15
69	1
71	1
74	5
78	3
79	9
81	12
82	14
83	14
86	13
92	6
93	7
94	1
99	6
105	15
106	3
110	5
113	2
119	11
120	5
128	1
130	6
131	13
133	3
136	5
138	13
139	1
141	7
147	3
151	14
152	2
163	8
170	11
171	4
176	3
177	8
182	7
183	15
187	11
193	15
196	4
200	15
Market 135(F)
4	6
5	15
9	10
15	2
18	13
20	11
21	15
24	3
25	12
30	3
31	12
34	5
35	4
38	2
40	2
43	2
45	14
47	3
52	9
55	3
56	5
57	12
63	10
64	4
65	3
67	3
69	12
71	14
72	15
78	9
80	8
81	1
82	10
84	12
92	8
98	4
99	7
105	6
108	14
119	1
120	11
124	2
126	13
127	9
130	3
137	2
140	13
143	10
145	3
151	13
152	5
156	8
157	10
160	12
161	2
163	6
176	10
177	13
182	6
185	13
187	4
191	6
192	14
194	1
196	3
197	15
Market 25
1	14
3	7
4	7
5	12
9	1
13	9
20	14
23	8
25	12
30	9
33	3
41	2
44	12
48	1
52	3
54	7
56	4
58	2
64	6
66	6
67	9
70	9
72	4
73	13
76	11
77	3
80	8
82	10
115	4
121	1
122	1
135	13
137	5
142	7
143	5
146	3
148	5
153	11
154	13
163	3
182	4
183	7
192	13
Market 72
17	3
24	10
25	15
28	9
50	10
65	13
69	2
70	4
108	13
119	4
120	12
123	12
128	8
131	6
134	12
135	11
137	8
142	11
143	3
146	14
156	6
160	12
161	5
167	4
175	1
176	8
179	6
181	1
182	4
183	13
187	10
196	12
197	9
Market 117
4	14
7	1
13	10
15	6
19	2
20	15
23	15
31	4
35	14
36	14
37	10
42	15
52	13
55	14
58	7
61	2
64	11
65	1
69	11
70	2
72	1
73	1
78	6
83	3
84	6
90	6
105	14
106	6
112	8
117	8
120	3
122	1
124	1
130	12
133	3
140	4
147	8
155	12
161	2
163	4
172	6
177	10
182	14
185	10
191	12
194	1
Market 171(F)
3	11
7	4
9	9
10	10
13	2
15	2
17	5
19	12
20	13
21	10
24	7
25	11
30	4
31	15
34	11
35	12
36	10
37	2
40	5
42	1
43	4
47	9
48	3
52	4
55	6
58	5
65	4
67	6
69	9
70	14
72	6
77	13
78	5
80	11
81	1
90	9
92	6
94	12
99	13
105	7
110	5
112	7
119	1
122	13
130	2
133	11
137	3
140	4
143	15
147	13
151	3
156	10
157	7
163	13
164	1
172	6
177	14
182	7
183	6
184	2
185	11
192	9
196	6
200	2
Market 24
5	12
7	6
13	7
17	11
21	5
30	6
31	2
36	3
44	7
65	10
84	14
95	10
97	15
120	7
123	3
124	6
127	9
128	2
140	14
142	1
145	15
155	4
160	4
170	14
181	12
190	13
193	8
197	8
Market 104
19	13
68	8
70	15
110	15
115	14
120	5
128	11
132	11
136	6
145	13
150	5
159	7
162	3
163	12
168	15
170	8
176	5
181	3
183	11
184	12
187	11
196	3
Market 2(F)
13	11
21	2
31	2
50	15
60	6
68	11
70	10
78	2
84	15
94	6
96	3
99	7
105	11
117	1
123	9
124	5
127	14
137	4
141	13
160	9
161	15
163	12
170	7
172	3
181	1
184	5
185	10
191	4
198	10
Market 176
23	9
25	2
31	5
43	14
54	12
57	13
60	3
78	15
92	6
95	7
108	15
128	12
131	12
132	2
135	15
142	11
146	4
154	6
168	7
181	4
184	12
188	10
192	9
197	13
Market 69
2	11
5	2
6	9
10	13
15	15
23	4
24	13
27	3
28	2
29	10
30	1
31	14
33	3
34	15
35	8
39	1
41	13
42	14
51	15
53	9
57	14
65	2
68	8
70	7
73	7
74	9
77	14
78	10
82	1
83	12
87	2
90	1
94	13
100	4
108	5
114	14
120	14
127	7
128	7
131	11
134	9
139	3
141	13
145	8
146	1
148	5
152	5
155	8
156	5
160	12
161	5
163	5
170	5
173	14
176	15
178	7
179	4
187	9
192	10
193	8
196	7
197	11
Market 101
3	12
5	8
7	5
17	13
20	12
25	1
31	12
33	12
34	8
42	12
44	4
50	7
57	15
67	5
68	7
69	12
73	11
77	11
80	13
82	7
83	6
90	4
108	15
113	12
120	15
127	11
132	6
134	9
139	14
143	11
145	5
157	13
160	11
162	9
163	6
180	11
183	13
184	10
196	11
Market 14
13	14
19	2
25	7
34	4
55	6
64	5
68	2
70	5
94	9
110	3
114	4
127	15
131	11
139	10
142	11
149	12
154	12
160	4
181	12
184	5
188	10
193	10
196	6
197	2
Market 197
5	7
7	3
11	12
13	12
17	8
19	13
20	7
23	11
27	5
31	3
34	10
40	7
43	8
50	9
54	11
55	5
56	10
57	8
58	11
64	14
70	1
72	6
74	13
76	14
78	6
79	8
80	11
81	1
82	14
83	15
84	8
94	7
99	3
105	11
110	4
115	6
117	12
120	7
123	9
124	1
128	15
131	13
136	4
137	2
139	13
143	6
145	13
148	6
160	11
163	10
170	10
182	8
183	15
184	14
187	12
193	14
196	15
Market 67(F)
5	7
7	8
8	6
10	4
16	1
17	12
18	11
19	1
21	15
23	12
24	13
26	9
27	7
28	13
31	1
34	10
38	1
44	11
45	14
47	7
49	5
50	8
51	15
57	3
60	7
63	6
64	14
67	9
68	8
69	9
70	6
71	11
74	9
84	10
94	14
98	13
115	12
119	8
120	12
121	6
124	8
128	4
130	7
131	8
132	11
137	2
140	13
147	11
150	11
163	11
184	5
188	2
193	6
194	10
Market 143
3	4
4	15
8	5
11	4
12	5
13	12
15	15
17	13
18	10
19	4
25	8
28	7
30	2
33	6
34	3
35	7
36	11
38	7
40	13
43	14
44	10
49	3
56	4
60	1
65	6
67	11
71	15
74	8
76	12
78	10
79	5
83	8
88	3
95	6
99	7
101	11
104	13
115	9
117	8
119	8
121	12
123	4
124	14
131	2
132	5
135	15
139	6
142	12
146	1
148	5
150	10
161	3
170	3
177	1
181	13
183	12
184	12
187	4
188	1
Market 8
21	14
24	2
36	11
43	10
47	14
54	5
67	1
69	10
78	11
100	1
101	2
110	3
119	1
121	2
128	4
131	4
132	9
134	3
138	13
139	1
145	6
146	6
155	5
160	4
163	5
173	9
176	4
184	8
186	15
192	13
193	15
196	10
197	1
Market 187
1	1
4	11
7	10
10	9
13	14
17	4
19	5
21	15
23	7
24	2
25	1
28	11
30	13
34	6
36	2
40	9
41	3
42	5
43	10
44	13
46	14
52	7
53	2
54	3
56	13
58	8
67	9
68	7
69	9
72	2
73	6
78	7
80	11
81	15
83	7
84	5
101	10
104	2
108	5
121	11
123	14
131	5
135	4
137	6
139	13
140	7
141	14
142	3
145	8
149	5
154	2
155	14
158	9
162	3
167	8
181	13
188	13
192	10
196	11
197	6
Market 173
1	14
3	11
4	14
5	7
9	9
11	11
13	15
15	1
17	10
19	9
21	4
25	4
26	15
30	1
31	15
33	13
35	5
36	5
38	7
41	6
42	1
43	11
45	10
46	12
48	13
50	10
53	7
54	14
56	6
57	3
64	14
65	14
69	7
74	5
76	10
79	4
80	13
83	11
84	15
88	11
94	6
101	9
115	11
120	2
122	10
127	15
131	8
135	9
139	9
142	2
143	1
145	11
146	12
148	12
152	1
160	1
161	5
168	5
175	3
176	3
177	14
182	13
183	13
187	14
197	15
Market 23
1	10
2	11
7	6
9	13
10	6
11	6
13	13
15	10
17	8
19	3
21	7
24	9
25	7
26	3
30	2
33	10
36	9
39	1
41	3
42	6
44	11
45	10
47	9
48	7
52	2
53	8
54	5
55	13
68	10
70	8
72	9
73	15
74	3
75	5
78	3
81	13
83	2
84	14
87	10
94	2
106	13
108	3
113	13
125	10
128	13
129	5
130	13
138	1
139	10
140	3
141	9
143	14
145	13
147	2
152	12
155	5
156	1
161	7
165	9
176	8
177	6
178	9
183	13
185	11
187	12
191	11
195	13
196	4
197	15
Market 229
2	3
3	9
4	11
6	13
10	1
12	3
17	6
20	9
21	1
26	4
27	10
29	6
30	10
31	10
32	13
33	11
38	8
40	5
43	6
44	6
45	7
50	2
55	6
58	1
60	14
64	1
65	13
67	13
69	10
71	15
74	4
76	1
79	12
82	4
88	2
92	14
94	15
105	1
106	8
110	3
117	5
119	10
120	4
122	3
124	1
125	5
128	2
131	11
132	13
137	11
139	12
146	3
147	1
151	15
155	15
156	1
161	15
170	11
187	12
197	10
200	9
Market 142
19	6
21	5
28	9
30	3
36	3
43	15
47	13
74	15
82	8
99	10
106	14
108	4
110	1
113	3
118	11
121	11
123	9
125	9
128	12
129	15
132	12
133	6
137	4
138	13
139	8
140	3
141	8
146	8
147	12
148	2
151	8
155	3
156	6
160	14
161	10
172	10
182	5
184	5
187	11
192	12
193	14
196	9
199	8
200	2
Market 81(F)
2	2
5	3
7	4
8	15
12	15
13	11
15	13
20	9
21	10
23	5
24	3
25	15
26	7
30	4
32	1
34	5
36	13
40	11
44	12
47	9
49	8
50	15
54	2
56	2
58	8
63	9
64	3
67	10
68	4
69	7
70	15
71	5
72	5
74	7
78	2
84	3
88	6
94	12
105	6
108	13
110	4
112	5
117	1
122	7
124	4
127	5
128	3
131	2
133	9
140	1
141	4
145	6
147	1
148	1
150	6
160	6
164	10
184	14
187	7
191	15
196	2
200	10
Market 227
1	12
3	9
4	5
5	11
9	6
11	1
13	2
19	14
23	8
24	14
27	15
28	13
34	13
35	1
38	4
40	9
41	2
43	9
44	7
46	4
47	12
48	13
54	11
56	10
57	5
58	13
60	3
62	14
68	7
73	2
74	14
78	10
82	14
84	2
92	1
94	8
101	14
108	3
110	7
122	14
128	9
131	8
132	7
134	1
141	12
143	3
154	5
155	13
157	3
160	13
163	2
167	10
168	11
176	10
179	1
183	10
187	2
Market 149
4	5
5	11
11	6
15	13
20	1
21	6
28	12
31	3
35	13
36	10
38	4
44	12
48	6
50	9
52	11
54	14
58	8
64	8
73	13
77	6
79	13
80	5
84	10
99	9
100	13
101	4
106	1
114	4
119	11
120	1
127	2
133	11
134	8
137	14
140	9
143	11
147	1
148	2
152	14
155	9
164	9
178	12
183	1
185	12
187	14
191	7
192	2
196	13
197	15
200	10
Market 77
4	10
10	13
11	1
15	1
19	8
25	5
30	7
34	13
35	1
39	6
42	3
43	14
45	8
47	6
48	5
50	4
57	7
64	6
65	7
69	5
72	12
73	9
75	7
77	10
78	10
81	11
82	12
87	4
92	8
94	7
99	10
107	5
108	4
119	14
120	6
127	15
130	3
134	8
137	1
138	2
139	12
143	15
146	9
147	11
151	11
152	1
163	3
165	1
170	12
173	11
176	7
182	9
183	6
184	9
185	12
196	7
200	12
Market 161
2	12
3	1
4	7
5	1
6	7
8	8
10	2
13	10
18	7
20	15
21	5
23	8
24	9
25	3
26	15
31	7
33	13
34	14
35	14
36	7
41	9
43	10
45	6
48	13
51	12
53	11
55	8
57	5
60	10
65	7
70	6
74	9
75	11
78	12
79	6
81	5
83	9
86	4
90	5
94	4
97	8
104	7
110	14
115	8
117	13
121	4
123	5
127	6
132	2
136	7
137	12
139	9
141	1
143	15
145	11
147	11
150	8
152	7
155	11
161	2
163	1
170	4
176	10
178	11
181	15
182	14
184	15
196	6
Market 13
2	11
4	2
5	5
6	1
8	5
10	5
18	13
23	5
24	8
26	4
30	4
31	6
44	7
47	10
48	4
53	15
54	4
55	4
57	9
60	6
63	9
64	13
70	4
71	4
72	7
79	11
82	1
83	8
84	5
90	12
92	4
94	10
98	10
105	9
110	9
115	6
122	3
127	10
128	11
130	13
132	5
136	13
139	3
140	6
141	15
143	12
155	2
156	4
160	11
165	10
182	10
189	12
191	10
193	13
197	5
Market 36
7	15
19	1
21	7
25	3
30	6
31	10
65	1
70	5
84	10
101	10
114	10
127	6
134	6
139	4
142	9
152	10
161	10
162	8
168	2
179	11
183	9
187	8
193	8
Market 232
5	9
13	4
17	7
21	11
30	9
44	8
60	10
64	4
70	6
99	7
101	2
107	13
119	11
121	15
126	7
127	3
128	6
131	2
134	6
143	13
150	9
152	5
155	3
161	3
165	3
172	3
178	11
182	12
192	7
Market 222
4	15
13	12
19	14
21	3
25	1
31	2
36	11
50	12
55	7
60	13
70	14
78	3
101	8
105	7
110	2
120	14
122	8
127	1
128	3
141	4
145	2
146	10
147	14
148	11
150	7
152	7
160	2
163	11
172	10
176	12
177	2
181	6
182	2
183	4
191	12
194	14
197	7
Market 241
3	9
4	5
7	1
11	9
13	8
17	12
20	9
23	10
28	8
36	4
37	2
42	3
47	1
52	14
54	10
58	14
64	15
75	8
81	14
82	12
84	6
88	8
90	15
101	3
104	4
105	8
108	9
110	12
120	6
122	15
123	10
134	11
142	2
154	2
183	15
188	7
192	15
197	3
Market 4
20	14
31	12
36	13
55	1
57	7
64	5
100	8
101	7
119	8
120	7
122	12
128	4
130	1
141	9
145	12
147	2
148	5
153	12
161	13
162	5
166	2
167	8
175	2
179	1
182	4
183	6
187	10
192	4
196	1
197	3
Market 145
6	15
8	11
10	4
11	11
12	1
13	2
23	13
27	10
34	6
35	7
38	14
41	6
44	7
45	15
47	15
50	7
51	11
64	11
67	14
68	1
69	3
70	4
71	1
77	3
83	7
100	15
101	5
107	2
108	15
113	5
120	3
127	2
128	2
130	1
131	14
134	1
138	4
139	10
146	1
147	4
148	4
152	6
155	12
157	12
165	10
167	5
181	10
187	3
188	5
192	5
196	9
Market 51
3	13
6	6
7	6
12	13
13	3
17	11
19	6
21	1
23	2
25	14
27	1
29	7
30	9
31	2
32	9
33	6
34	1
35	11
36	4
42	1
43	14
44	15
45	6
47	8
48	3
54	14
55	5
57	15
63	2
65	5
68	9
70	5
78	13
79	15
83	2
84	1
85	6
89	13
92	10
94	14
108	10
110	13
113	9
120	8
122	3
127	1
131	3
139	6
141	1
142	2
146	15
148	1
152	2
160	5
162	15
165	12
173	4
174	14
176	2
179	4
181	10
182	14
183	6
192	8
197	14
Market 110
7	3
19	6
25	14
28	14
31	11
36	3
50	7
99	13
110	7
121	1
122	7
123	11
128	15
129	4
137	10
140	13
147	1
151	6
156	8
160	9
163	12
171	6
172	4
176	8
177	12
183	12
184	1
187	11
190	15
193	10
197	15
200	8
Market 128
19	1
31	15
43	7
54	5
70	2
78	12
92	10
97	12
99	11
105	3
106	8
117	15
122	15
127	2
132	7
139	2
141	11
150	10
151	4
152	10
155	6
156	14
160	2
161	5
163	4
172	8
176	5
177	1
184	6
187	10
193	3
196	13
Market 192
7	11
9	11
11	13
13	5
17	11
19	5
23	12
24	8
28	1
31	6
36	9
40	5
50	11
52	15
55	2
60	2
64	1
68	1
70	9
72	9
77	7
78	2
81	2
82	11
94	15
100	7
113	3
121	10
122	9
127	11
132	7
133	1
134	10
137	4
145	8
150	1
161	8
163	2
165	7
166	6
178	14
185	7
187	15
191	13
196	8
197	5
200	15
Market 97
2	10
3	2
7	7
8	7
10	1
12	7
14	6
17	3
20	15
21	13
23	4
27	6
28	11
29	10
30	6
31	1
32	4
33	4
34	13
35	4
36	3
38	10
49	11
51	10
53	9
55	10
57	13
63	7
64	8
65	13
67	4
68	2
69	14
70	15
71	14
74	3
80	2
84	13
85	7
92	8
104	1
108	13
114	13
115	11
135	6
142	14
146	15
147	1
148	12
149	9
154	14
155	6
156	9
158	5
168	2
176	12
181	11
183	9
187	13
192	3
196	10
197	12
Market 48
7	15
13	5
21	7
28	10
36	1
44	9
50	10
65	15
69	3
92	13
99	5
112	9
120	7
126	5
127	5
133	2
138	1
141	10
145	11
147	12
152	1
155	3
160	12
161	1
164	13
173	7
177	13
178	13
182	14
187	10
Market 55
1	14
10	14
13	12
15	6
17	15
20	2
28	10
30	11
33	10
34	13
36	4
37	2
40	10
41	10
42	1
44	11
47	13
48	2
50	15
52	7
53	8
57	5
60	9
65	9
67	4
72	11
73	11
75	7
77	4
78	11
80	11
81	13
82	12
84	12
88	1
90	12
92	7
100	1
106	3
108	3
110	3
117	5
119	1
120	7
121	13
122	12
130	3
132	12
133	15
137	12
138	9
139	10
140	2
143	12
156	1
163	9
165	3
166	6
167	15
172	13
178	2
182	8
183	15
184	3
185	10
187	14
191	8
192	5
196	3
197	3
200	5
Market 45
4	13
5	15
6	2
11	14
12	2
20	8
26	3
39	12
41	3
42	10
43	3
44	15
51	9
53	15
54	12
64	10
68	1
70	15
73	12
77	12
79	15
82	3
84	10
87	6
90	9
92	8
97	12
99	7
105	15
110	6
117	3
119	2
121	7
122	13
123	13
124	15
126	7
127	11
131	11
137	13
138	4
141	9
152	5
160	4
161	15
163	6
170	13
171	6
172	10
177	8
181	6
182	4
200	14
Market 102
17	7
19	9
20	13
21	9
24	5
28	9
31	8
33	9
50	3
55	13
57	13
60	2
68	9
70	7
78	9
82	4
99	8
100	14
108	14
112	7
122	12
127	8
133	1
137	10
139	11
141	3
145	1
152	14
156	5
164	12
172	11
176	14
177	10
185	14
197	5
200	9
Market 218(F)
11	14
21	7
30	9
31	1
36	1
69	11
70	12
92	8
98	9
99	10
106	10
110	8
112	7
122	8
124	8
128	9
132	10
133	15
137	11
139	13
151	5
155	4
156	4
160	14
164	7
171	3
182	13
200	5
Market 98
28	14
50	3
69	5
100	10
113	7
114	3
119	8
127	1
134	11
138	1
145	7
147	13
148	8
152	3
155	2
157	6
161	4
163	11
165	3
178	7
179	4
182	6
193	11
Market 243
1	9
4	1
5	9
13	11
17	13
19	13
21	8
23	1
24	14
25	11
28	11
33	12
35	14
36	4
40	14
42	13
48	11
50	4
52	12
53	8
54	1
55	1
56	1
58	6
60	1
63	15
64	15
65	2
69	14
70	13
72	6
79	11
82	3
83	12
99	15
100	11
101	12
106	4
110	1
118	1
120	1
121	7
128	3
131	5
132	4
137	5
139	11
141	12
143	1
145	1
146	9
147	12
148	15
151	14
152	13
155	11
160	13
161	10
163	14
170	10
172	3
181	1
183	10
194	15
196	7
199	7
Market 119
3	10
7	8
9	1
11	13
13	3
15	12
17	13
19	15
20	4
21	1
23	8
27	13
31	10
33	1
34	2
35	1
36	6
38	13
40	15
41	14
42	11
43	5
44	8
45	12
47	3
50	1
53	9
55	6
58	1
60	2
64	9
65	10
67	14
69	9
71	1
74	9
79	11
81	10
92	10
105	7
110	9
121	14
122	3
123	13
134	7
135	9
137	5
145	15
147	9
148	11
154	3
155	8
157	14
158	5
161	15
168	3
174	7
176	15
179	1
183	12
184	2
187	10
191	7
192	8
196	6
197	12
Market 190(F)
19	14
21	10
24	12
54	6
57	1
68	14
74	1
78	5
96	15
104	13
110	3
115	7
117	4
120	12
123	6
131	6
139	12
143	14
150	4
163	7
170	11
184	2
189	14
193	6
197	5
Market 30(F)
5	14
11	13
19	1
23	15
24	15
30	6
31	9
36	11
43	6
50	10
57	3
60	2
67	14
69	5
74	12
78	6
82	7
92	2
99	2
106	3
110	14
112	3
113	5
119	12
128	9
130	13
133	2
134	13
137	6
138	13
139	6
143	10
152	4
156	2
161	5
164	3
172	15
182	8
187	6
191	13
192	13
196	9
Market 182
7	13
11	12
13	11
17	1
19	12
24	4
30	14
36	15
44	10
50	13
65	6
69	15
92	6
97	14
99	3
101	13
108	11
110	9
112	12
114	9
120	3
131	6
132	11
137	6
141	7
148	1
152	7
156	6
162	4
163	9
164	6
167	11
171	10
176	5
179	3
182	1
185	7
192	8
196	13
Market 200
31	2
43	12
55	15
57	10
70	1
82	1
101	6
105	2
106	1
108	9
110	13
117	11
121	13
124	4
143	3
148	10
155	11
156	10
163	11
171	1
177	6
182	4
183	15
194	5
196	2
197	1
Market 140
25	7
36	8
43	3
60	9
92	2
104	7
109	9
120	7
122	12
123	2
128	6
130	5
131	14
135	7
136	7
139	10
141	8
142	5
147	13
154	12
156	10
160	3
161	3
163	11
168	8
170	9
176	14
187	13
Market 111(F)
1	13
3	5
4	8
5	15
11	15
15	5
17	2
19	10
20	15
23	1
26	1
27	4
28	11
30	6
31	12
33	12
36	14
41	7
43	6
50	3
53	8
55	2
57	9
58	15
63	3
65	7
67	15
68	7
69	1
70	15
74	4
80	6
81	2
83	11
88	1
94	15
95	8
101	2
110	8
115	12
123	4
127	9
128	6
130	9
131	11
132	7
136	6
137	12
139	13
141	14
143	4
145	3
146	8
152	9
154	5
160	2
162	4
168	13
176	8
181	10
182	13
183	10
187	12
193	2
196	1
Market 106
19	10
21	11
24	4
28	14
30	1
36	11
42	7
43	1
47	12
54	4
69	10
78	3
82	13
106	11
110	11
113	15
118	2
119	3
122	4
125	7
130	9
131	9
133	14
141	14
143	6
147	8
151	9
152	6
161	15
165	12
172	9
177	13
182	3
183	15
191	4
194	7
196	2
Market 71(F)
4	3
5	11
7	2
9	4
10	9
17	5
19	7
21	4
28	5
33	10
34	4
35	13
36	14
40	14
41	6
47	7
50	6
54	2
56	13
61	6
65	5
72	13
73	9
74	4
80	7
84	11
88	15
92	1
95	15
104	7
108	7
114	5
120	10
123	6
128	8
137	4
139	11
140	15
141	8
142	7
143	7
146	8
148	5
150	2
152	9
155	9
160	5
162	7
176	6
184	13
188	9
189	15
197	9
Market 160(F)
4	1
7	13
13	11
19	15
24	15
25	4
28	5
30	10
31	15
50	8
55	3
60	3
84	6
94	3
99	9
100	5
108	7
114	15
119	13
122	10
128	8
129	12
130	10
131	10
132	9
138	3
139	6
140	9
143	10
145	1
147	14
148	9
151	7
152	5
156	10
161	10
162	8
172	12
173	10
176	5
177	8
178	7
183	7
184	5
185	14
191	12
192	1
195	15
197	6
200	3
Market 93(F)
1	3
2	7
9	8
13	2
15	12
17	6
19	2
20	3
23	15
28	6
31	11
41	11
42	14
43	5
44	4
48	9
53	6
57	1
58	13
60	2
64	6
68	8
69	11
70	5
73	9
74	1
78	2
82	7
88	9
90	9
92	1
101	10
102	4
110	10
121	13
122	9
123	14
139	8
141	5
145	3
146	5
148	12
152	3
154	14
160	8
162	1
163	12
176	15
188	1
192	14
193	4
197	14
Market 188
13	5
17	3
19	14
21	7
23	2
24	3
27	14
28	12
31	11
33	8
34	15
36	12
43	6
44	4
55	7
57	3
65	1
69	9
70	1
78	6
84	10
92	11
94	10
100	1
101	6
105	2
108	6
110	6
113	4
114	9
116	14
119	7
120	3
121	4
122	7
123	12
130	5
131	2
132	2
139	6
141	15
143	13
147	15
155	10
157	11
162	10
167	10
170	13
173	14
176	13
177	15
181	15
183	9
187	7
188	7
192	2
193	12
Market 60
13	1
19	15
21	13
24	10
25	9
28	1
30	8
36	3
44	11
50	2
70	8
84	4
105	14
108	15
110	4
123	13
124	10
132	15
136	13
140	5
141	2
143	5
146	8
148	11
155	7
160	3
161	13
176	8
181	15
184	11
187	9
188	7
190	1
193	11
196	8
197	6
Market 249
1	11
5	12
7	7
10	3
13	10
17	7
19	7
20	7
21	1
30	8
40	10
41	5
42	3
43	13
44	1
46	8
47	11
48	4
50	9
52	13
53	4
56	15
57	3
60	15
61	3
64	10
72	4
73	8
78	6
80	13
81	8
82	1
83	10
91	1
92	9
101	5
105	10
108	10
110	1
113	14
114	4
117	7
120	8
122	2
131	9
132	3
141	10
148	11
152	8
153	14
155	2
160	9
167	8
173	13
176	10
178	8
180	15
182	11
193	3
Market 157
1	10
5	1
11	12
15	15
21	1
25	13
27	10
28	9
33	3
36	3
38	3
48	4
50	14
54	15
57	5
58	14
60	10
64	14
65	13
68	10
69	3
70	9
73	3
74	3
76	6
77	3
78	1
80	10
81	9
83	5
84	12
88	12
92	5
94	15
97	5
99	6
106	15
108	10
110	12
114	1
117	3
119	1
120	1
121	14
124	11
128	8
130	7
131	2
132	7
135	14
139	9
140	7
141	1
142	6
143	15
146	3
147	2
148	1
150	10
154	12
155	8
160	6
161	2
170	10
181	6
182	3
184	7
185	2
187	8
191	9
192	8
194	6
196	12
199	10
Market 245
3	5
6	4
8	13
12	10
13	13
17	1
24	2
27	14
30	5
31	1
36	9
43	10
50	4
54	15
55	4
63	14
64	12
68	2
69	4
76	4
80	13
82	10
83	15
84	15
89	2
92	6
114	14
123	4
128	13
134	7
139	14
157	8
161	15
162	1
163	15
168	9
176	1
181	6
182	11
183	12
192	2
193	12
196	15
Market 21
3	6
4	12
5	8
7	15
11	13
12	12
15	1
18	10
20	3
23	10
24	5
25	10
28	10
32	11
33	7
34	3
35	9
38	3
48	10
49	6
51	12
54	1
55	13
60	2
63	7
65	10
67	11
71	10
72	5
74	12
75	3
79	9
82	1
83	12
84	13
90	2
92	8
94	9
101	11
109	9
110	13
120	14
122	2
130	9
132	2
137	11
139	7
145	1
146	4
148	14
150	15
152	15
161	3
162	5
163	7
168	1
181	1
183	15
187	13
188	7
193	7
196	4
197	13
Market 61
2	1
6	5
7	11
10	14
12	10
13	7
17	13
19	2
21	1
23	10
28	13
30	14
33	11
34	2
39	12
41	4
42	3
48	13
50	15
53	1
55	11
57	14
67	11
69	13
70	2
74	11
77	11
78	10
80	3
82	14
87	3
90	5
92	9
94	15
108	11
122	9
127	10
128	14
131	8
132	11
134	10
137	2
139	10
141	6
143	14
147	13
150	12
155	6
163	9
167	12
170	14
173	2
177	11
180	12
183	4
184	1
192	2
193	11
Market 66
20	10
25	11
36	2
43	3
54	13
60	5
68	14
70	15
108	5
110	10
112	10
113	7
122	9
127	8
130	12
132	7
133	3
134	11
138	15
141	10
144	7
147	15
156	1
160	10
161	14
163	4
165	2
172	12
173	11
176	13
177	5
178	2
185	12
187	11
193	3
197	2
200	12
Market 96(F)
5	15
11	1
17	7
19	8
21	11
28	8
30	9
36	15
50	3
69	11
84	1
95	10
97	3
101	3
104	12
105	12
120	7
123	1
124	7
127	15
128	9
131	3
136	12
137	13
139	3
140	6
141	1
143	13
146	4
150	8
171	9
181	9
182	11
183	11
184	1
Market 193
4	10
5	14
6	6
7	8
10	7
12	12
17	10
19	1
20	12
21	3
24	6
25	14
26	12
27	7
28	1
31	7
34	13
35	11
36	11
39	12
44	5
47	2
48	9
50	7
54	15
55	4
58	13
60	8
64	6
65	13
69	4
70	9
72	13
73	9
74	3
75	9
77	6
78	2
80	9
82	7
84	7
92	3
94	12
97	3
105	13
108	13
117	5
118	12
120	11
121	2
123	3
124	15
125	9
127	14
132	2
137	10
139	3
140	12
141	14
145	13
146	10
147	7
150	14
151	2
152	2
155	7
160	5
161	3
170	3
172	8
176	4
177	7
187	12
193	3
195	6
196	10
199	3
Market 120
7	4
19	11
31	1
50	4
84	11
92	11
108	14
119	14
120	10
122	9
127	14
134	1
145	15
146	15
147	4
148	7
150	13
156	4
160	6
165	2
173	6
178	7
184	3
193	6
196	10
Market 221(F)
2	5
3	13
5	8
6	12
7	12
11	1
17	2
18	6
21	9
23	3
24	12
31	2
32	7
33	7
35	15
42	14
43	5
44	6
45	9
48	15
49	5
54	2
55	2
58	6
60	13
63	14
69	14
70	7
71	2
74	3
78	15
79	11
80	2
84	12
85	8
88	9
99	7
105	7
108	12
112	3
117	10
120	4
121	14
122	14
123	11
127	15
128	2
130	8
132	5
134	5
137	1
139	15
141	13
143	14
147	7
148	1
152	7
160	4
164	12
172	8
173	2
177	4
178	4
185	9
187	9
193	6
196	7
197	9
Market 83
4	8
5	9
6	7
7	8
12	5
13	1
15	1
18	5
19	11
20	3
24	5
26	5
27	8
28	15
32	10
33	9
34	2
38	15
43	13
44	9
48	6
49	15
53	12
54	10
55	3
60	2
67	15
69	6
70	14
72	7
74	12
77	11
78	1
79	6
81	12
84	11
101	7
108	13
110	5
117	7
119	10
121	9
123	13
127	2
130	1
131	6
132	11
134	14
137	6
139	4
142	1
145	15
152	11
156	10
158	13
160	14
161	8
162	4
167	7
168	5
170	8
174	14
176	11
179	2
180	6
181	1
183	15
187	6
193	11
196	8
Market 17
1	12
9	9
13	2
15	4
17	9
21	3
23	15
25	15
30	1
31	12
33	15
35	9
36	3
38	1
40	4
41	2
43	5
44	11
47	3
48	2
53	5
57	9
58	1
60	12
69	9
70	7
74	10
78	6
79	6
83	9
84	15
88	15
94	11
95	4
96	3
104	14
105	11
110	12
115	11
128	3
132	13
136	4
140	12
141	9
143	7
155	13
160	6
181	12
183	14
184	13
187	3
188	7
189	15
196	7
197	7
Market 34
5	10
13	8
17	8
24	1
28	7
36	15
69	6
70	6
74	15
92	10
99	9
112	9
117	9
122	9
128	7
130	7
132	13
139	6
140	13
143	13
144	12
146	14
152	14
160	1
163	8
172	7
176	7
177	1
182	9
184	5
185	1
194	12
196	5
Market 75
3	6
4	8
6	3
8	6
11	2
19	3
21	14
24	13
25	13
26	9
30	11
35	8
36	14
38	3
41	11
42	12
43	12
44	14
45	1
47	5
48	2
49	14
55	6
60	4
65	8
67	14
68	4
69	1
72	14
78	9
80	9
82	1
84	8
90	2
94	2
102	9
104	5
110	15
115	13
119	9
120	2
123	8
130	3
131	7
132	11
134	11
136	8
141	11
150	13
154	4
161	9
170	9
176	3
183	11
184	9
196	6
Market 205
2	3
4	6
5	2
7	10
8	14
9	14
12	4
17	13
18	1
21	3
24	1
25	13
27	6
30	3
31	4
32	2
33	3
34	3
35	8
43	14
44	4
45	15
50	2
52	10
55	4
56	9
57	3
58	9
64	8
70	6
71	14
78	1
80	14
82	14
99	6
101	2
108	8
110	14
114	14
115	7
120	5
127	10
128	11
131	14
135	7
136	13
137	13
141	12
146	5
147	6
148	7
149	4
154	13
155	4
160	14
168	2
172	13
176	2
183	11
184	6
185	13
187	8
188	8
191	11
196	10
Market 169
2	6
4	7
6	6
7	4
10	14
11	9
13	7
15	6
19	12
21	5
23	13
27	1
28	2
31	10
35	5
41	8
43	15
44	3
45	7
48	5
50	9
53	5
57	15
60	1
65	14
67	14
68	11
69	5
71	8
73	9
74	4
78	1
79	6
82	10
83	9
86	2
94	7
101	7
114	6
115	15
122	7
123	8
127	9
130	9
131	4
135	2
138	14
145	1
146	1
155	1
160	2
161	15
162	15
163	2
168	13
183	1
192	5
193	7
197	6
Market 118
19	5
21	9
31	6
36	6
42	10
47	2
50	4
54	2
67	13
70	3
74	5
82	8
92	2
115	3
117	3
121	13
123	14
131	1
132	3
136	5
139	4
142	14
143	14
145	2
149	10
150	13
155	3
160	2
161	15
163	12
170	9
176	2
189	12
197	2
Market 219
4	14
5	10
7	13
9	9
11	14
13	13
17	12
19	2
20	14
21	7
24	13
25	1
27	5
28	7
30	11
35	4
36	2
38	11
40	4
42	7
44	14
45	10
46	11
47	9
48	9
50	13
52	14
53	12
54	7
58	11
60	4
62	10
67	1
72	13
74	11
76	15
77	3
82	10
84	10
88	9
94	13
104	9
105	5
108	15
114	9
117	13
120	7
122	11
123	10
127	13
131	14
134	13
136	10
137	14
139	3
140	15
142	14
146	10
150	12
155	6
160	1
162	3
163	2
170	15
181	9
183	14
184	2
187	11
189	9
192	7
193	5
196	10
197	3
Market 217
2	11
5	11
9	9
10	2
15	14
19	5
20	4
21	2
23	7
24	14
25	4
26	12
33	1
35	7
45	10
47	5
48	10
52	14
54	1
57	5
64	1
65	11
67	5
68	15
69	5
74	6
77	14
78	4
81	3
83	14
84	2
88	1
90	5
92	2
100	1
122	8
127	5
128	10
130	8
131	2
132	4
134	2
139	8
146	8
148	15
152	10
155	15
156	2
160	5
161	1
163	10
165	10
173	12
176	4
178	2
179	4
184	3
193	13
197	9
Market 194
7	14
11	12
13	8
19	2
21	14
28	8
31	12
50	10
70	3
84	3
92	10
95	7
102	1
104	1
115	6
120	9
123	12
128	13
131	9
135	4
139	2
146	4
148	10
150	12
155	5
168	10
176	14
181	11
182	13
184	14
187	15
193	4
197	4
Market 154
17	11
19	4
31	13
43	1
47	8
50	7
54	7
57	5
67	9
70	3
74	2
78	12
104	1
115	5
117	5
120	12
121	13
127	4
128	3
132	12
137	12
140	8
142	14
143	5
145	11
149	1
150	3
155	1
160	10
163	6
170	8
184	1
187	12
188	7
189	3
193	9
197	5
Market 18
19	6
23	8
25	3
31	9
43	12
57	1
68	9
70	12
78	4
82	6
101	12
110	2
114	12
122	6
127	3
128	13
134	14
135	13
146	5
148	12
154	13
157	2
159	10
162	2
168	1
175	5
179	2
187	14
192	12
197	2
Market 122
13	6
19	2
25	9
30	13
35	4
36	14
44	3
60	4
64	1
68	10
78	7
94	3
101	6
104	11
110	10
120	2
123	2
131	13
136	13
139	14
142	5
159	1
162	4
176	15
187	15
196	3
Market 170
5	4
21	13
25	5
28	9
30	2
31	13
36	12
50	6
65	9
70	7
84	11
92	8
100	9
101	5
110	12
114	1
127	6
130	5
131	5
138	2
139	9
141	9
145	14
152	6
156	5
157	15
163	1
165	8
173	9
174	3
178	1
187	13
192	12
Market 214
15	9
19	11
24	3
30	7
36	10
43	7
54	4
68	14
74	6
78	14
92	12
106	15
107	14
113	8
119	14
120	7
130	8
134	15
137	15
139	8
141	9
145	10
147	1
151	8
152	10
156	11
161	1
163	9
165	8
177	2
191	4
192	6
196	10
197	8
Market 78
19	10
23	3
31	2
36	9
43	15
55	5
57	15
60	3
68	7
70	6
78	9
95	7
105	4
115	10
122	15
123	6
128	13
136	15
139	9
141	7
143	14
145	13
146	14
150	13
155	11
163	4
170	6
171	6
176	6
184	1
188	11
192	9
193	4
196	6
197	7
Market 80
15	2
19	8
43	6
57	14
68	12
74	6
78	5
82	8
92	4
101	9
114	1
119	4
120	3
122	11
127	12
130	13
131	1
137	1
139	15
141	10
147	8
157	9
167	12
179	6
187	14
191	8
196	3
197	6
Market 107
2	14
5	14
7	10
8	9
10	14
11	4
12	2
19	15
20	11
23	11
26	4
27	8
30	6
31	15
35	8
36	4
39	1
42	2
44	5
50	2
54	9
60	5
65	14
67	3
68	2
70	13
74	9
75	8
77	15
84	8
87	13
94	13
96	12
110	9
113	3
115	3
123	11
128	15
136	13
137	5
138	10
139	9
141	8
145	10
152	9
155	7
161	9
176	15
178	5
182	14
188	2
193	4
196	6
197	2
Market 94
5	11
13	15
17	12
24	6
28	14
31	5
36	2
74	9
84	15
92	11
104	15
108	10
110	10
113	14
114	1
115	15
128	7
131	1
135	6
138	8
139	5
141	6
145	14
146	11
152	7
153	3
158	6
160	2
161	7
162	14
163	7
167	14
170	12
175	3
176	15
178	2
184	15
187	1
192	4
Market 91
2	11
3	7
4	4
7	13
8	15
10	10
11	9
13	10
15	11
18	9
21	7
23	7
24	12
25	15
26	11
28	2
29	9
30	6
36	8
41	2
42	6
43	8
44	3
47	5
50	6
51	9
55	1
57	10
60	4
65	12
67	7
68	7
69	13
70	10
71	1
72	3
74	6
75	1
78	13
81	6
83	6
92	15
100	12
106	13
108	8
110	13
113	1
119	1
120	11
122	11
123	14
127	11
130	12
134	12
138	15
139	6
141	3
147	6
148	12
152	10
155	15
156	10
161	6
165	1
166	13
173	9
176	9
178	3
184	11
188	9
191	13
192	9
193	15
196	7
Market 210
25	13
35	10
36	9
43	6
44	5
60	8
64	1
69	3
70	3
78	15
82	11
100	5
106	10
108	12
113	2
121	7
127	6
128	15
132	7
134	12
156	6
157	9
161	15
172	12
178	9
183	8
187	14
191	12
192	2
196	11
200	11
Market 199(F)
2	12
4	11
5	9
6	1
7	15
8	14
17	12
19	13
23	9
26	8
28	7
29	8
30	1
35	7
43	11
44	1
45	12
48	8
51	8
55	1
57	15
60	3
65	4
68	7
78	3
80	2
83	12
86	2
90	3
94	11
101	5
108	12
122	6
123	3
131	1
134	5
138	1
142	1
145	8
146	4
148	10
152	6
157	10
161	4
167	8
173	14
178	4
181	12
183	9
187	6
193	6
196	15
197	8
Market 139
4	8
5	11
6	8
7	9
9	7
11	2
13	10
15	5
17	9
20	9
24	1
29	8
33	5
34	1
35	2
36	7
41	11
42	4
43	4
47	8
53	1
55	1
57	6
60	3
67	9
68	13
69	7
72	8
74	8
81	14
83	3
87	6
97	9
99	1
105	13
118	6
127	3
137	14
140	1
143	4
145	9
146	13
148	3
151	15
152	1
155	5
161	3
170	11
172	11
176	5
181	5
185	4
187	2
191	7
197	7
198	1
Market 146
5	13
7	8
10	10
13	13
17	13
19	7
20	12
21	15
24	13
25	13
28	14
30	10
42	11
43	4
47	5
48	9
50	9
57	13
60	15
67	12
68	3
69	14
74	13
78	5
81	1
82	4
92	2
99	4
105	14
106	7
119	6
121	1
122	12
124	15
127	1
132	12
137	14
140	12
141	6
145	2
146	5
147	1
150	8
151	9
152	13
155	1
156	9
160	12
161	13
163	3
165	12
171	13
172	9
184	6
185	4
187	5
191	6
192	14
193	9
197	8
200	4
Market 225
5	12
7	7
9	5
11	2
17	9
20	1
21	10
25	3
31	5
33	11
39	1
41	10
43	4
47	4
48	4
50	6
52	2
54	4
55	8
58	15
69	7
70	8
73	6
74	15
75	4
77	10
81	6
84	4
88	14
99	4
106	3
120	12
122	6
123	15
127	14
130	4
133	5
139	10
140	15
145	9
147	4
150	6
151	5
152	1
156	11
157	12
160	2
161	3
177	1
181	13
182	3
184	2
185	10
191	6
193	9
197	6
Market 57
3	1
5	11
7	15
9	8
11	2
13	1
18	3
20	2
21	11
24	3
25	14
26	14
27	3
28	6
31	12
32	2
34	15
35	7
36	13
38	2
41	15
42	12
43	13
46	7
47	2
50	13
53	11
54	6
55	11
56	14
60	13
63	14
67	10
70	1
72	6
74	11
76	6
77	9
79	5
88	15
99	8
106	3
110	1
112	4
119	1
123	13
126	6
127	8
130	14
131	1
133	5
137	13
141	2
144	12
147	6
148	5
154	12
155	8
156	10
162	13
163	12
168	2
176	6
183	6
184	14
185	14
188	8
191	13
192	5
193	15
196	3
197	9
Market 168
11	1
13	14
17	5
19	5
21	12
24	10
31	10
36	5
74	14
96	6
98	1
121	14
123	3
128	6
131	15
140	11
145	12
150	6
160	5
182	6
184	4
189	6
193	15
196	9
197	13
Market 165
1	12
5	12
21	10
23	13
25	7
33	13
34	7
38	12
40	6
42	2
45	8
46	13
47	11
50	7
53	14
55	4
56	4
57	10
60	15
62	11
64	9
67	3
69	2
72	11
74	2
76	8
82	11
92	1
121	4
128	13
132	3
137	7
141	9
142	12
145	6
146	8
147	15
148	13
150	4
160	10
162	4
181	5
183	2
184	8
188	14
193	2
196	1
197	4
Market 20
24	5
30	8
43	7
47	1
54	14
57	5
67	11
69	12
74	13
82	6
92	1
97	14
105	2
118	11
121	7
122	15
124	15
125	4
127	8
132	13
137	5
139	7
140	2
141	11
143	4
145	4
150	8
151	14
155	14
160	1
161	7
167	14
176	15
179	7
182	10
183	2
184	8
185	11
193	4
194	8
196	11
Market 5
2	12
3	10
5	12
6	15
7	12
8	5
11	5
12	9
13	7
15	11
17	9
18	3
21	13
24	11
26	12
30	7
32	14
33	15
34	5
36	3
44	14
50	4
51	15
55	3
57	13
63	14
67	4
68	3
71	6
75	8
77	7
78	2
79	2
82	13
83	11
84	10
90	15
92	13
99	13
100	5
106	9
115	10
118	6
120	4
121	7
122	13
128	14
132	6
137	15
140	9
143	3
145	2
146	10
151	7
155	4
156	8
160	2
161	5
163	8
178	8
181	3
182	13
185	7
191	6
197	3
199	10
200	10
Market 206
7	3
11	7
19	9
24	5
25	3
78	14
110	12
119	9
120	6
131	9
132	7
138	6
156	7
173	3
179	11
187	12
Market 53
2	2
4	3
5	6
7	7
11	8
12	13
15	12
17	13
19	8
21	13
23	12
24	13
25	14
26	8
28	11
29	13
30	13
33	4
35	5
41	14
42	4
45	7
47	3
50	9
51	7
54	7
60	14
64	10
67	12
68	7
69	1
74	14
79	12
82	1
83	6
84	10
87	2
90	3
92	1
101	8
104	3
110	3
113	11
114	1
120	15
122	6
128	15
132	3
136	8
137	4
139	5
143	2
145	10
146	2
149	10
150	4
152	2
163	4
167	2
173	11
183	11
184	13
187	4
189	2
192	10
196	12
Market 79
1	7
3	3
11	12
15	9
19	3
20	11
21	5
27	9
28	5
30	3
31	15
33	11
34	5
35	12
40	15
42	4
43	7
46	12
50	10
53	14
57	8
58	6
60	11
62	6
65	6
67	7
69	7
70	4
72	3
74	6
77	9
78	3
81	10
84	4
92	9
101	1
103	5
110	15
120	13
121	12
128	15
131	6
132	15
141	12
145	13
147	1
148	8
149	5
150	14
152	11
155	7
160	9
161	13
162	8
180	8
182	4
188	8
197	10
200	4
Market 196
7	15
19	15
25	15
30	3
35	12
50	7
60	5
64	14
69	6
70	15
84	11
99	10
100	12
107	1
110	11
121	5
122	10
123	5
125	9
128	5
138	15
139	11
145	2
155	11
160	1
173	5
177	9
178	10
182	9
191	11
192	11
193	15
197	10
Market 56
19	10
24	4
36	3
43	14
54	3
68	14
78	12
92	15
106	7
117	1
118	4
119	1
120	12
121	11
122	6
124	15
125	2
128	11
132	2
139	4
141	14
142	3
143	3
146	12
150	7
151	1
156	2
160	8
172	11
182	4
184	2
189	9
195	11
196	8
197	1
199	1
Market 63
1	1
3	3
5	8
9	11
10	2
11	10
13	12
17	14
20	11
23	11
24	6
28	9
30	10
31	7
33	5
36	10
38	8
40	10
42	2
47	3
53	4
54	12
55	13
60	15
61	2
67	6
68	2
69	12
70	13
72	6
73	13
77	3
80	10
81	6
84	11
91	14
92	6
101	4
105	5
108	6
110	1
119	11
121	7
122	2
124	1
126	1
128	4
137	10
139	11
143	5
145	5
155	10
161	12
163	5
171	10
187	9
191	1
192	12
196	9
200	14
Market 144
5	15
17	15
24	13
28	2
31	7
50	15
67	6
69	8
70	14
74	3
84	7
92	12
101	11
108	6
114	8
120	7
121	10
122	2
123	6
127	6
128	5
132	6
142	9
145	7
148	7
152	5
153	2
155	14
158	15
160	12
161	5
162	10
163	13
167	1
176	4
179	2
181	8
183	13
184	8
187	8
193	3
197	7
Market 37
2	11
3	3
6	4
7	7
10	7
11	9
13	2
20	13
26	5
28	8
31	1
33	5
35	7
38	14
41	1
42	4
43	2
45	9
47	8
49	3
54	5
55	13
64	9
65	13
69	14
75	5
77	6
78	12
79	4
81	7
82	8
86	2
90	2
92	7
93	4
100	2
106	6
110	4
113	2
119	4
122	4
123	1
128	11
130	7
136	8
137	3
139	13
141	3
147	1
156	13
160	5
166	4
173	4
177	2
178	9
181	15
182	9
191	7
192	10
197	15
200	9
Market 40(F)
4	7
20	14
23	8
25	15
31	14
43	14
57	5
64	12
78	10
82	9
101	1
113	13
121	15
122	2
130	1
132	9
134	13
139	1
141	6
145	9
148	1
152	10
157	6
161	4
162	15
163	2
166	9
173	13
175	11
176	8
182	5
183	9
184	7
192	11
196	10
Market 133
1	15
3	7
5	5
9	10
10	11
11	2
13	6
17	9
20	7
21	10
23	9
28	14
33	13
34	15
35	9
41	5
42	1
43	1
44	3
46	10
48	5
56	8
58	5
60	12
61	6
64	11
68	11
70	11
72	10
76	6
77	8
78	7
80	10
81	14
82	11
83	3
88	2
92	9
95	1
104	8
105	5
110	3
115	4
119	2
120	3
121	1
122	4
123	3
127	6
128	1
135	14
137	9
141	2
142	10
143	4
145	15
146	6
152	12
154	9
155	8
156	15
158	9
161	7
167	14
168	7
170	4
180	14
192	3
196	3
197	6
Market 163
1	13
5	6
7	14
9	10
10	5
11	1
13	12
15	8
17	6
19	14
21	2
25	10
26	4
27	3
28	14
30	14
32	11
34	6
35	7
36	13
38	3
41	3
42	1
44	2
46	5
49	4
50	5
53	14
54	2
55	13
57	1
58	14
60	10
63	4
65	4
67	3
68	3
69	5
71	9
72	5
75	9
80	5
81	14
83	4
84	7
88	5
94	2
97	4
106	15
107	7
110	9
113	13
117	9
119	8
122	9
124	7
127	6
128	7
130	12
132	2
137	11
138	2
140	2
141	10
143	1
145	15
146	15
147	4
148	14
150	3
155	15
161	2
165	2
173	13
176	4
177	6
182	12
183	10
184	8
186	2
192	5
193	9
194	1
Market 103
3	11
4	11
7	3
9	9
11	11
19	9
20	12
27	5
28	1
35	1
36	8
40	6
42	3
44	5
45	12
46	4
47	5
50	11
52	5
55	4
57	10
58	4
68	12
69	4
70	4
72	12
74	6
76	14
77	13
78	12
80	1
81	11
83	5
94	6
96	9
105	3
108	5
110	4
117	7
121	10
123	4
127	3
132	10
143	8
146	13
147	3
148	4
150	11
151	8
155	5
170	3
176	15
177	7
181	2
183	2
184	6
187	6
191	9
196	6
Market 211
1	10
4	3
9	5
11	4
15	8
20	7
21	4
25	2
27	15
28	4
35	14
38	3
40	13
42	7
43	1
47	3
48	2
50	8
53	10
56	4
60	9
64	1
65	12
68	10
72	9
73	15
76	1
77	10
78	13
79	14
81	13
83	8
88	15
94	6
95	3
97	1
99	11
106	2
110	2
114	13
120	13
125	6
129	9
132	15
139	4
141	7
147	4
148	9
150	8
151	7
155	5
161	12
170	14
172	4
176	1
177	13
183	12
184	1
187	14
191	13
195	1
196	7
197	1
Market 159
2	8
3	9
5	10
10	1
11	15
12	3
13	7
14	3
15	3
17	7
21	14
26	15
28	14
34	15
35	10
36	12
45	2
50	3
51	3
54	6
55	5
57	9
63	3
65	8
69	5
70	7
72	5
76	4
78	2
79	11
84	2
94	12
100	3
101	14
119	4
122	3
123	13
128	1
135	2
137	9
142	10
147	3
152	8
153	9
161	13
166	5
167	13
176	9
177	14
178	14
182	8
183	2
187	5
196	15
197	11
200	15
Market 73
2	8
4	6
5	4
11	8
12	15
17	2
26	15
32	5
33	10
35	7
36	6
40	13
43	11
44	7
50	2
52	11
54	5
55	2
58	7
60	6
64	14
68	10
71	2
72	11
88	9
101	12
106	5
108	3
113	9
119	11
120	13
122	9
131	2
134	12
138	9
142	12
145	6
146	9
152	5
156	6
157	4
160	4
172	5
177	8
182	10
183	9
200	9
Market 147
2	5
4	11
5	8
7	13
9	14
11	5
13	1
15	15
17	4
24	15
35	14
36	11
39	8
41	7
42	4
43	1
52	1
53	13
54	12
55	11
60	5
64	14
67	2
68	4
70	15
73	3
74	4
75	13
77	9
81	10
82	4
83	13
87	13
94	6
104	2
110	1
115	15
120	5
121	8
122	4
123	3
127	10
128	9
131	8
134	9
135	11
136	5
146	6
147	7
148	5
150	2
152	14
155	14
170	15
181	14
182	8
184	12
188	3
192	2
196	13
Market 178
19	15
24	3
36	8
43	9
68	3
69	4
82	8
92	14
99	6
107	3
110	14
113	5
120	3
121	9
129	7
138	8
141	12
145	4
156	14
163	4
165	3
172	8
177	10
182	9
185	8
196	2
200	1
Market 121
4	15
6	5
11	4
12	1
16	2
17	9
18	6
22	7
24	14
25	12
27	8
29	2
32	14
34	2
38	2
41	7
42	13
43	4
49	5
50	9
53	9
54	9
57	11
59	7
68	8
69	4
70	2
72	14
74	4
75	13
78	10
79	15
83	15
84	1
86	7
92	13
94	2
96	13
105	9
110	13
115	1
122	14
123	12
128	10
130	4
131	1
137	2
139	9
141	5
146	12
147	7
155	9
160	2
172	4
181	14
182	3
184	15
189	2
191	3
193	2
194	9
196	12
Market 244
5	8
7	13
13	3
19	13
25	14
28	9
31	1
35	8
70	11
84	3
94	9
95	15
100	1
110	6
113	2
117	11
120	6
121	3
122	12
123	7
124	3
127	11
130	3
132	9
139	13
140	1
141	12
142	12
145	8
146	5
147	3
148	5
152	15
160	12
161	5
162	3
163	9
176	2
181	5
182	7
184	2
188	9
193	12
197	6
Market 240(F)
13	13
21	10
28	13
30	12
42	10
47	8
50	6
54	14
67	7
78	11
82	11
96	10
99	4
108	3
114	5
117	8
120	1
121	12
123	5
127	14
131	4
139	13
140	7
141	13
143	5
145	7
146	4
148	8
161	4
167	13
172	5
176	9
192	8
193	13
194	9
Market 131
1	4
2	2
4	14
9	6
13	2
15	14
17	5
19	13
21	9
23	2
27	12
28	12
29	1
36	9
41	7
43	12
45	5
47	6
48	7
53	4
54	14
55	14
57	15
60	8
64	7
65	6
67	10
68	9
69	10
70	2
72	1
74	4
75	6
77	6
80	15
83	15
84	15
92	3
94	13
99	2
100	8
105	5
106	8
108	2
112	14
113	6
117	2
120	11
121	11
126	4
127	4
128	6
130	6
137	10
138	14
143	6
145	9
147	10
150	3
161	13
164	1
170	12
178	15
184	13
185	11
196	11
Market 28
33	8
36	8
43	13
55	2
57	7
60	15
64	14
70	1
78	4
82	1
95	2
104	11
105	6
110	3
115	9
120	3
131	12
136	1
139	9
141	5
143	1
150	2
162	3
170	13
181	4
183	10
184	13
187	1
193	3
196	5
Market 250
17	4
19	8
24	9
36	7
50	13
54	3
68	5
70	3
99	12
100	13
110	3
112	2
113	1
121	8
127	1
128	12
132	13
134	10
137	13
140	13
141	8
143	8
145	14
147	10
155	6
156	2
161	10
177	4
182	3
187	9
196	4
Market 191
6	8
10	4
12	7
16	11
21	2
23	9
25	7
26	9
28	8
32	4
33	1
35	7
38	12
41	2
43	12
44	7
45	9
47	11
48	10
54	7
55	2
60	4
63	3
67	4
69	2
70	12
74	14
75	4
78	13
79	14
80	6
82	8
84	3
86	8
90	15
92	14
94	15
109	6
115	9
120	10
128	2
130	8
134	13
135	5
137	6
139	5
143	11
146	9
152	14
153	14
154	4
156	13
160	1
163	6
175	15
176	13
179	5
183	2
187	10
192	9
197	15
Market 89
2	3
3	9
4	2
7	2
10	9
13	14
14	2
17	1
18	4
19	7
21	12
26	3
27	9
28	2
30	15
34	6
43	11
47	6
51	2
53	8
55	4
57	9
64	7
65	5
68	10
82	2
84	1
97	3
105	9
110	4
117	8
120	11
131	3
132	2
136	8
140	14
150	11
155	11
170	10
181	6
182	9
184	1
188	15
189	7
191	4
196	9
Market 125
1	14
3	8
9	7
20	12
23	5
24	3
25	6
27	6
31	12
33	5
34	8
35	1
46	1
47	10
48	7
53	6
54	5
58	9
61	6
65	8
67	4
68	7
72	8
76	11
77	1
81	7
82	12
83	14
91	3
95	12
97	14
101	6
108	1
114	4
115	11
117	5
121	4
123	12
124	7
127	6
131	10
132	7
137	4
139	7
141	13
142	8
143	1
145	4
148	15
150	4
160	6
163	6
170	10
176	1
182	1
183	13
184	15
187	5
189	8
192	5
197	15
Market 242(F)
11	5
17	6
19	1
24	1
30	9
31	8
36	3
67	12
69	2
70	9
92	11
113	9
114	2
119	2
123	5
128	11
131	1
134	13
145	10
146	15
155	5
157	8
160	13
161	11
166	9
178	13
179	11
183	11
197	10
Market 185
4	15
5	14
7	3
8	1
11	5
12	10
13	13
19	1
24	5
26	11
27	4
28	6
30	4
34	15
41	13
42	1
44	1
48	11
57	13
58	11
64	4
65	10
67	11
68	7
69	15
70	2
73	9
74	4
77	14
78	6
81	3
90	2
92	5
94	2
108	13
119	15
121	1
123	2
126	12
127	10
133	1
134	10
138	15
139	15
145	7
146	3
152	11
160	8
161	4
164	7
172	3
176	5
182	10
184	7
191	12
192	12
Market 172
4	9
7	15
17	9
19	3
21	13
28	2
30	12
31	8
36	5
50	2
55	9
68	9
70	14
78	15
94	11
96	7
104	14
105	14
120	12
123	4
128	10
131	6
139	4
141	7
143	2
146	8
152	1
155	9
156	3
161	5
163	11
170	9
184	10
193	13
196	1
Market 62
17	1
21	6
25	12
30	12
43	1
50	2
55	10
68	6
70	4
78	7
94	5
101	2
114	15
119	14
122	7
127	3
134	14
138	11
139	8
147	12
157	1
163	3
165	4
167	7
176	1
178	11
191	2
192	8
193	8
196	7
197	7
Market 234
4	11
17	15
19	6
23	7
24	8
25	13
30	6
43	10
50	10
54	10
55	11
60	1
70	9
74	10
78	7
94	9
101	7
108	7
114	15
115	5
120	10
123	14
127	5
128	15
131	7
139	11
141	11
142	13
145	10
154	10
158	5
161	11
163	7
180	11
183	12
187	8
193	13
196	5
Market 86(F)
55	12
60	5
64	5
84	5
94	6
101	3
104	3
108	8
127	3
136	3
137	8
142	8
146	7
148	1
154	5
155	2
159	6
160	7
163	7
168	10
183	5
184	6
188	9
193	3
196	5
197	12
Market 209
2	12
5	8
10	10
13	10
15	2
17	9
21	15
23	13
24	10
25	15
26	7
29	4
30	15
33	10
35	10
36	7
42	2
43	3
47	2
50	4
54	1
55	1
58	5
60	10
65	1
69	2
72	1
77	10
81	15
82	1
84	3
87	10
90	7
92	5
94	3
101	3
110	3
120	3
121	10
122	3
123	12
131	15
135	4
139	4
141	5
142	10
145	9
146	5
148	8
150	1
154	7
160	8
161	9
163	15
168	11
175	3
179	2
181	4
187	11
192	2
193	1
Market 204
5	4
7	13
13	4
24	1
30	1
36	13
69	3
78	3
92	9
105	1
117	13
121	12
123	6
124	9
127	10
139	10
140	13
143	4
145	7
146	1
151	12
155	8
160	8
161	4
163	13
170	13
171	1
181	13
187	6
191	9
192	5
194	10
197	1
Market 100
7	9
11	7
17	12
19	14
28	12
30	8
31	1
34	3
36	4
43	1
44	5
45	13
51	1
53	4
60	14
64	7
65	15
67	7
69	8
75	6
83	9
94	6
105	14
110	3
117	8
120	9
121	8
122	13
127	9
128	15
132	11
135	5
139	7
142	15
143	4
147	11
149	5
163	10
176	1
181	8
182	11
184	3
191	8
193	10
197	5
Market 76
4	5
6	10
7	2
10	13
15	9
17	8
19	6
20	11
23	15
25	14
27	6
28	3
30	3
31	11
33	12
35	6
48	15
51	9
53	11
54	14
60	3
68	5
69	7
75	3
78	14
81	13
83	2
101	1
108	13
110	14
113	15
114	7
120	15
123	12
137	1
139	7
140	11
141	7
145	15
148	3
152	15
153	4
155	4
157	12
160	2
161	1
163	14
167	14
175	9
176	1
183	6
184	14
192	1
197	10
Market 151(F)
2	15
3	13
7	2
10	5
11	15
14	2
19	12
21	6
23	3
24	8
25	6
30	13
31	8
32	12
33	7
35	10
36	3
38	15
40	6
43	4
44	11
45	10
49	3
50	6
51	3
53	2
54	7
57	4
60	11
64	3
65	5
68	2
69	14
71	6
78	11
80	10
82	7
84	2
92	7
101	1
108	2
110	7
115	13
120	6
122	4
123	15
128	1
132	10
135	6
136	10
137	2
147	13
148	2
150	6
154	2
160	9
163	8
168	2
170	7
180	4
183	7
184	13
185	6
191	3
192	5
197	6
Market 7(F)
2	13
4	15
6	13
12	5
13	8
20	1
29	1
30	5
31	15
32	11
34	3
36	12
38	10
41	11
42	8
43	2
47	7
50	9
51	11
57	4
60	11
65	10
67	9
71	5
75	4
76	13
79	10
82	3
84	8
86	8
94	10
101	7
102	10
108	1
114	4
122	9
127	5
131	11
142	14
145	12
146	5
148	7
152	13
154	14
157	8
163	2
168	1
179	11
192	3
193	10
Market 248
20	4
23	5
33	14
36	4
43	9
55	15
60	15
64	13
70	9
82	13
95	10
102	14
110	5
115	10
120	3
121	6
123	12
128	10
132	9
136	13
139	8
147	5
150	10
155	8
160	2
161	13
163	11
169	8
176	6
185	7
187	6
188	2
191	15
Market 233(F)
5	12
7	15
10	15
11	10
13	10
15	1
17	1
23	13
24	14
27	6
33	3
35	3
36	2
41	15
42	14
46	10
47	11
55	1
57	9
60	1
64	4
65	14
67	13
68	5
70	5
73	3
74	13
75	14
77	3
80	11
81	1
84	1
88	13
94	3
95	14
104	6
108	12
110	14
115	12
117	9
120	13
123	3
124	11
127	12
128	5
132	8
134	8
137	12
139	3
140	13
141	14
146	11
147	8
148	11
152	14
161	10
163	2
171	11
173	14
178	1
183	6
184	12
188	12
192	5
Market 41
4	7
5	1
7	12
9	9
13	11
15	7
17	14
20	11
21	1
25	15
26	7
27	12
28	5
30	6
33	1
40	3
41	2
42	6
43	3
44	2
46	1
52	9
53	9
56	10
62	7
65	11
67	8
68	2
69	11
70	14
72	2
76	2
80	1
81	10
83	14
88	6
100	4
101	11
110	6
113	6
119	6
120	8
121	2
125	10
129	7
131	3
132	4
137	8
138	9
141	3
145	3
148	14
162	3
165	14
172	14
176	4
178	1
182	5
185	9
187	13
191	13
196	3
Market 22
19	5
21	2
30	15
74	9
84	2
113	6
139	12
141	9
153	13
161	11
162	12
175	12
179	10
182	10
Market 92
15	13
19	9
21	3
24	13
43	7
68	15
70	5
74	8
110	9
118	2
125	10
127	11
128	10
129	5
137	5
140	14
143	3
145	2
152	7
155	4
160	12
161	11
170	5
176	11
184	3
185	1
190	7
192	5
197	9
Market 105
3	14
7	9
8	13
10	1
11	4
13	5
14	5
15	11
18	7
20	1
23	7
24	5
25	3
27	14
29	14
31	10
35	12
36	3
40	5
42	5
43	10
44	9
45	4
47	10
49	11
50	9
51	8
53	13
54	9
63	2
67	8
69	3
70	4
78	14
79	10
82	1
84	14
88	2
101	6
113	11
122	3
127	4
130	9
131	5
132	5
134	7
138	5
139	12
142	6
145	10
156	1
160	10
161	7
162	12
163	5
166	8
167	10
176	9
179	11
181	1
182	3
183	10
192	10
193	9
196	14
197	1
Market 58
11	11
13	7
19	9
24	1
30	6
36	5
50	12
69	4
74	6
84	11
92	11
101	8
113	1
115	1
117	11
127	14
132	12
134	2
141	7
143	13
145	9
146	3
148	4
157	9
161	4
167	14
173	1
175	6
178	7
183	9
184	15
192	14
193	14
197	4
Market 180(F)
11	15
13	13
17	14
21	12
36	6
67	6
74	13
114	14
120	8
122	10
123	3
128	10
135	15
158	2
162	13
169	9
181	6
196	2
Market 44(F)
19	6
21	8
24	9
54	8
57	7
67	8
74	15
78	8
92	1
100	11
113	11
119	6
120	4
138	4
147	4
152	11
155	6
173	9
178	8
186	11
192	8
197	9
Market 47(F)
4	11
5	14
7	7
11	5
15	9
19	10
21	1
23	13
24	9
25	9
27	11
28	10
34	15
35	12
41	14
43	10
46	1
47	6
48	11
52	8
55	10
60	14
67	2
68	12
69	15
72	2
74	11
77	4
78	7
80	7
88	13
90	15
92	9
94	12
101	13
105	6
110	3
114	3
117	9
122	1
123	13
128	8
131	6
132	2
135	7
139	9
141	8
143	1
148	12
155	12
157	5
162	14
168	6
173	9
176	3
180	5
187	15
197	1
Market 16
4	11
17	10
19	8
21	1
23	8
25	12
36	5
55	14
64	11
68	5
70	3
94	2
99	4
112	10
124	11
132	5
133	4
137	10
147	4
155	9
156	7
160	14
161	9
171	8
172	9
176	12
182	10
191	11
194	15
196	5
200	5
Market 43
2	6
3	8
4	9
12	4
17	2
22	10
23	2
26	13
29	13
33	3
36	5
42	5
43	1
44	12
49	1
51	15
57	10
59	1
68	13
69	2
71	6
72	4
76	8
82	8
92	1
102	6
135	9
141	10
142	9
147	2
148	1
153	3
158	14
160	12
162	14
180	5
181	4
183	11
193	5
Market 15
2	5
4	15
9	9
11	11
13	9
15	8
20	11
21	10
23	3
24	5
25	1
28	1
29	3
30	14
31	3
39	8
42	4
44	14
47	5
50	14
52	15
53	13
54	3
69	5
73	7
75	3
77	6
78	12
82	3
87	8
94	15
100	1
101	10
108	3
113	14
120	11
121	3
122	2
127	4
130	5
131	6
139	4
141	8
146	4
148	6
155	14
157	10
160	10
163	11
165	10
167	14
173	10
174	6
179	10
184	6
187	6
192	10
193	1
Market 3
4	1
5	14
11	13
13	6
17	15
18	8
19	14
25	4
27	12
30	10
31	15
32	1
33	7
34	1
35	1
36	11
38	2
42	14
43	1
44	10
50	7
52	11
54	15
55	10
57	12
63	6
67	15
69	1
72	11
74	4
76	5
78	5
80	5
81	8
82	4
83	3
84	15
85	13
104	5
113	14
115	15
120	4
122	13
127	14
132	7
135	7
138	4
141	8
142	2
145	14
146	2
152	2
155	6
162	11
170	11
173	4
181	9
184	15
187	2
191	2
192	11
196	11
Market 38
4	9
17	11
19	6
21	1
24	15
25	4
60	11
68	3
78	11
97	2
106	2
120	11
124	6
125	9
141	5
143	12
147	2
150	1
155	11
176	12
177	14
184	3
185	14
189	7
191	13
193	11
194	11
197	15
199	3
Market 46(F)
7	5
11	14
21	6
24	6
28	9
31	8
36	4
69	2
74	10
95	4
110	15
116	15
120	1
122	10
127	4
131	10
132	6
135	2
139	12
145	8
149	4
161	8
170	15
177	7
181	2
187	11
188	6
192	3
193	3
Market 237
3	1
4	7
5	4
6	12
7	6
8	9
11	7
12	2
15	8
17	8
19	12
21	15
23	3
24	11
25	8
26	3
27	11
28	15
29	5
30	10
33	8
34	11
40	8
42	5
45	15
49	7
50	4
51	6
53	14
57	13
59	8
60	14
63	14
68	10
69	2
71	11
76	4
80	1
84	10
85	3
89	14
92	10
96	3
105	5
106	1
110	1
119	3
120	10
127	2
130	15
131	6
136	14
137	15
141	4
149	12
150	3
160	11
163	1
165	7
176	10
177	5
182	14
185	13
188	13
189	6
Market 223(F)
2	3
4	8
7	2
10	10
15	14
17	4
18	3
21	3
24	14
27	11
28	14
29	5
30	10
33	4
34	14
35	1
36	6
42	9
45	12
47	12
48	10
49	9
50	8
53	4
54	3
55	9
60	3
64	5
67	3
68	9
75	4
79	13
82	7
83	9
86	2
90	2
92	5
100	2
101	3
104	8
110	3
113	3
119	8
120	8
123	15
127	10
128	6
131	12
135	4
137	3
139	7
143	5
145	11
146	5
148	3
152	4
154	10
159	15
160	14
161	5
162	10
168	6
178	10
182	11
183	7
184	6
187	13
188	7
193	15
197	13
Market 115(F)
4	3
11	6
12	9
19	10
21	5
23	6
24	7
25	14
26	3
28	7
30	8
31	11
33	6
36	11
39	3
42	1
50	2
51	13
64	3
68	11
70	7
74	4
78	13
82	12
83	5
84	2
92	1
104	5
110	9
113	12
114	12
122	12
128	7
131	5
134	8
138	10
141	1
142	12
146	6
152	9
154	14
155	4
158	1
163	11
176	1
178	1
180	1
197	2
Market 90
17	12
23	14
36	3
55	4
57	4
70	8
82	5
92	5
110	6
114	7
120	6
123	11
142	5
148	7
153	15
154	6
157	8
160	15
162	14
168	14
175	14
181	12
192	7
Market 88
4	9
17	8
23	2
25	2
43	15
50	13
60	15
68	1
70	13
94	8
110	4
120	1
121	10
122	3
123	11
127	11
132	9
133	5
137	9
140	2
141	15
144	12
147	2
151	3
156	13
160	8
176	11
181	11
182	10
185	4
193	12
194	7
200	8
Market 74
19	8
24	12
25	7
36	2
50	14
55	13
60	13
64	7
78	7
94	11
99	3
106	9
118	6
121	12
125	6
131	15
132	8
137	8
140	11
143	14
147	10
151	15
155	11
160	1
176	1
184	15
185	7
191	1
193	1
Market 59(F)
3	4
5	9
6	6
7	10
8	2
10	6
12	8
13	9
16	9
18	1
20	15
21	1
23	12
27	15
28	12
29	14
30	8
31	9
35	7
36	4
38	2
41	14
45	9
49	14
53	12
54	15
55	14
57	14
59	7
64	7
65	6
67	4
68	4
70	1
71	11
72	14
78	7
79	11
80	9
84	15
89	8
94	6
100	2
108	12
110	12
113	5
123	10
125	2
129	6
130	14
132	12
133	9
137	2
138	6
145	7
148	9
151	11
152	15
160	2
161	12
165	9
173	13
177	4
181	4
186	1
191	5
192	2
196	1
197	8
200	12
Market 247(F)
2	6
5	1
7	6
10	3
11	7
17	15
19	3
20	13
23	4
24	5
29	14
31	8
33	8
34	14
35	11
39	3
42	2
43	14
47	10
50	1
53	11
54	9
55	9
60	1
64	8
72	3
75	15
77	9
78	1
79	8
81	8
82	12
83	15
87	11
90	4
92	15
97	2
99	13
106	13
113	7
115	10
117	6
119	11
121	9
123	1
125	4
131	9
132	8
135	8
137	13
138	15
141	7
143	13
150	4
151	4
152	10
155	8
156	7
163	6
170	6
176	8
178	4
181	6
184	5
185	8
190	12
196	4
197	1
Market 84
5	10
13	2
17	7
21	10
24	6
30	4
36	10
44	15
50	14
69	12
92	1
110	11
113	14
119	4
120	7
122	15
123	8
127	3
130	1
133	1
144	11
147	12
148	5
152	8
160	11
161	4
163	5
165	7
176	11
181	5
182	3
185	9
191	14
192	4
193	3
196	10
200	7
Market 126
20	11
25	14
31	15
33	5
36	13
43	10
55	10
57	5
60	6
68	14
78	4
82	12
102	14
108	6
110	15
114	1
120	9
123	9
127	8
131	5
135	11
136	1
141	5
145	11
155	2
158	1
160	1
162	9
167	11
168	11
170	7
175	8
176	8
179	2
181	14
184	6
187	6
Market 134(F)
13	12
17	8
24	11
25	8
30	10
69	9
70	5
84	15
108	3
110	15
113	15
119	14
120	4
128	11
130	9
131	5
134	11
141	11
146	8
148	9
157	11
161	4
167	6
173	14
176	3
178	1
179	5
181	13
193	14
Market 224
23	13
25	11
36	15
43	8
55	14
70	12
82	15
92	9
100	3
101	11
108	8
110	9
113	5
119	2
120	10
131	4
134	12
138	15
147	6
148	1
161	11
173	3
175	10
179	2
182	1
187	14
Market 39
1	11
10	4
17	2
19	10
21	11
24	10
25	4
27	11
28	9
33	12
34	2
36	11
40	12
41	14
42	10
43	4
44	13
46	9
53	5
55	13
57	9
58	11
64	13
65	10
73	10
75	13
80	5
81	1
84	7
101	14
105	8
108	2
110	10
117	3
122	1
123	13
131	12
132	11
134	9
146	2
148	12
154	13
155	3
161	15
162	2
181	10
187	13
188	6
192	10
193	6
Market 152(F)
23	2
25	15
36	13
57	9
68	10
82	10
100	7
105	12
110	3
117	6
119	9
127	10
128	7
131	6
132	11
134	5
138	12
139	4
141	8
148	7
152	4
155	8
156	7
157	3
178	9
192	1
197	10
Market 155(F)
5	2
15	3
19	4
21	7
30	13
34	6
36	13
41	10
45	5
47	15
50	6
55	10
58	15
70	4
73	8
74	1
77	14
78	3
88	10
92	5
108	8
123	4
130	4
131	10
138	2
142	15
148	5
152	3
155	4
157	15
161	7
162	13
163	15
167	14
173	15
176	4
179	2
183	1
184	9
187	8
192	2
193	2
196	6
Market 186
19	11
23	6
36	6
55	3
64	11
68	10
70	1
92	13
98	8
117	6
120	15
121	3
122	3
136	12
140	11
143	5
147	5
150	6
151	10
160	4
170	11
171	3
177	12
182	8
189	8
191	12
196	14
Market 87
1	2
3	15
7	5
9	6
19	8
20	3
25	5
27	12
31	1
34	7
38	14
41	7
42	5
43	11
44	13
46	10
55	8
57	10
58	6
64	7
65	4
66	2
69	6
70	3
80	2
81	13
82	13
83	14
84	7
101	2
114	4
119	7
121	14
122	14
130	3
131	4
132	1
134	14
141	13
143	9
145	1
157	6
161	15
163	12
173	6
176	8
179	11
182	3
187	12
193	12
197	9
Market 175(F)
3	14
4	12
5	2
7	12
8	7
15	6
17	3
19	1
20	14
21	1
22	11
24	6
27	7
29	6
31	3
35	5
50	6
55	7
57	10
64	15
65	11
67	13
71	3
72	4
78	2
82	11
85	11
99	3
106	6
110	13
120	11
121	14
122	4
125	9
127	12
128	9
131	12
139	5
141	3
142	8
146	10
147	11
150	7
156	5
160	14
172	13
177	6
182	10
183	15
189	14
191	12
193	12
196	6
199	14
Market 109
3	9
4	12
5	2
7	7
10	12
11	3
13	15
15	15
17	5
20	12
23	8
24	1
27	9
28	15
30	4
33	15
34	12
37	9
40	5
42	8
43	10
44	2
46	8
50	10
52	3
53	12
54	6
57	12
58	10
65	13
68	14
69	14
70	4
72	7
73	5
74	3
77	5
80	5
81	6
82	4
83	4
84	4
88	4
90	9
92	14
94	9
100	8
105	10
107	4
108	15
110	15
117	15
119	12
121	5
127	11
128	13
130	8
132	2
133	15
137	3
138	11
141	2
143	12
145	5
148	13
152	3
156	9
157	8
160	4
163	6
178	1
182	10
183	12
184	8
186	11
187	1
196	7
200	14
Market 174
23	9
25	10
34	9
50	8
64	9
82	7
94	2
100	4
123	4
127	14
128	4
133	12
138	9
146	5
147	5
157	8
160	4
161	11
165	5
176	4
181	8
182	4
185	10
191	15
192	3
Market 235
1	3
4	13
5	10
7	9
9	1
11	13
13	11
15	12
17	7
20	13
24	3
26	11
28	3
30	6
33	8
34	9
36	5
38	7
40	15
41	8
44	12
45	14
47	13
48	11
50	14
52	8
53	15
55	2
56	8
57	8
60	2
62	13
64	4
65	8
67	3
72	6
74	9
77	9
80	12
82	4
88	7
92	14
100	3
108	15
119	11
127	9
130	15
132	4
134	2
137	8
139	1
141	4
143	5
148	13
156	15
157	2
161	14
162	5
173	6
176	10
177	10
179	6
183	6
191	6
192	10
193	2
196	14
Market 132(F)
5	1
13	8
17	1
24	15
28	15
31	14
36	12
69	12
74	3
78	1
84	11
95	4
97	14
104	6
115	13
128	4
136	6
139	8
142	6
146	14
161	5
163	2
171	14
181	15
184	5
189	2
191	2
193	2
194	13
197	5
Market 158
5	12
7	9
13	1
17	10
19	13
24	8
25	9
28	6
44	9
50	4
65	9
69	7
70	14
92	2
123	4
128	7
132	12
135	4
136	4
139	6
142	1
146	4
148	12
150	1
162	10
163	15
170	10
176	8
183	10
184	3
193	15
197	4
Market 238
15	15
19	9
31	11
54	13
57	5
68	12
70	10
74	3
78	3
101	2
108	10
114	9
120	15
123	14
127	13
135	12
141	1
155	12
157	9
160	4
168	1
176	15
187	9
Market 85
1	8
4	8
7	5
9	4
10	7
11	11
13	14
15	10
17	12
19	6
23	9
25	13
30	10
31	3
34	15
35	8
41	3
44	8
45	11
47	7
48	3
50	11
52	5
54	7
55	9
58	4
60	10
65	10
70	7
72	2
73	9
74	1
78	7
80	6
83	4
84	10
90	3
92	3
96	3
105	9
108	14
120	3
131	3
132	8
137	14
140	8
143	1
152	9
155	10
161	6
170	4
171	7
176	11
177	4
187	6
191	8
192	4
Market 116
15	13
19	7
36	3
43	8
54	3
57	5
68	11
70	10
78	13
100	11
108	3
110	2
114	14
120	14
127	2
128	9
130	10
134	7
138	3
141	11
145	11
148	4
152	7
156	6
160	9
161	9
167	1
178	9
182	1
183	15
196	14
Market 181(F)
1	3
7	1
11	10
13	12
15	3
25	14
26	4
33	14
36	4
38	9
41	7
46	3
48	12
52	4
53	14
54	15
57	6
58	11
70	6
71	12
76	14
78	6
80	15
88	6
105	5
108	9
119	12
130	11
134	9
143	12
145	3
147	6
152	1
155	4
156	9
157	3
161	10
162	11
163	2
165	11
173	4
178	4
182	6
183	13
187	8
191	13
192	13
Market 42
43	8
82	12
92	14
104	8
120	4
123	12
132	11
136	15
139	14
140	6
141	12
142	14
143	13
146	1
155	5
160	12
163	9
181	8
182	2
188	10
193	5
196	2
197	15
Market 70(F)
7	5
13	15
50	2
54	13
67	7
84	8
106	3
118	6
121	12
127	1
128	8
130	7
140	2
141	8
152	4
163	6
172	7
197	10
200	11
Market 239
4	3
6	15
7	9
8	3
12	7
15	7
19	14
20	11
21	10
23	6
25	14
26	5
27	3
28	7
29	1
30	12
31	15
34	11
39	1
43	11
45	9
48	9
53	8
64	10
65	3
67	15
68	4
69	12
74	6
75	5
83	14
84	7
92	3
94	12
99	6
100	15
106	14
108	1
110	14
112	14
113	6
123	8
127	2
128	14
130	3
137	7
138	10
140	4
143	13
144	11
148	11
161	10
163	11
170	6
172	6
176	11
177	9
182	10
184	2
187	5
191	5
192	13
Market 19
2	11
5	9
7	13
8	8
10	3
12	3
14	4
20	10
23	13
25	2
26	4
30	8
31	13
33	5
35	2
36	10
38	7
40	3
42	13
44	12
49	2
50	4
51	9
53	3
54	2
55	13
64	5
65	13
67	9
68	8
69	15
70	12
71	2
72	14
76	1
79	6
80	4
83	8
84	8
85	13
88	1
92	4
99	10
108	15
112	1
113	2
122	1
128	8
130	1
133	5
134	14
137	15
138	13
139	5
141	15
144	8
145	12
146	1
155	1
156	13
160	11
161	14
163	5
166	4
172	7
173	12
176	11
177	1
178	6
181	3
182	10
183	3
184	14
185	4
187	12
191	9
192	4
Market 153
3	13
7	11
8	10
11	9
13	3
15	14
18	10
19	3
20	9
25	14
27	2
28	4
29	10
31	11
34	3
36	13
42	7
45	12
49	5
50	8
51	11
53	15
57	7
65	1
68	1
69	12
74	6
75	11
77	1
82	13
84	5
86	14
90	8
92	5
108	15
110	12
112	5
117	10
119	9
121	10
124	1
127	3
133	2
137	15
140	9
141	2
144	4
145	4
156	13
163	8
170	6
181	5
182	4
185	14
187	3
191	14
193	15
196	11
Market 12
5	9
7	7
17	3
19	12
21	5
24	11
31	7
36	15
44	4
50	9
65	3
69	2
70	15
99	9
100	8
106	14
108	2
110	4
112	6
113	3
120	5
122	1
126	8
128	5
130	12
134	11
141	1
143	2
145	6
148	10
155	3
156	4
161	1
163	8
164	15
165	9
176	15
177	15
178	4
182	4
183	10
196	11
Market 26
13	10
17	7
21	11
25	5
28	12
30	1
31	4
36	15
43	9
55	14
68	14
78	13
84	5
94	14
100	8
107	6
108	13
120	4
122	10
127	8
130	4
138	13
147	11
148	13
152	7
156	7
157	12
167	9
176	5
182	13
183	8
186	14
187	3
196	1
Market 127
1	5
5	15
17	4
18	14
19	1
21	2
24	5
25	2
26	11
27	1
28	5
32	14
36	6
40	5
41	2
42	15
47	3
50	9
52	8
54	4
56	11
57	1
65	14
69	2
70	3
76	14
79	14
80	2
83	14
84	12
88	11
92	9
101	5
108	11
110	1
120	6
123	8
127	14
128	1
133	2
134	14
135	10
139	1
141	12
142	14
147	11
148	12
156	12
157	14
161	15
163	4
168	11
173	8
176	12
177	11
181	10
182	10
183	11
193	13
196	12
197	11
Market 184
4	3
5	14
24	9
25	4
26	6
28	15
35	9
43	6
50	6
55	2
60	12
65	12
67	8
68	14
70	1
92	2
114	14
120	5
123	6
128	14
131	7
134	7
135	10
139	5
152	11
158	12
163	1
176	11
179	10
180	13
182	6
183	7
Market 226
15	1
19	10
24	13
31	2
43	7
57	7
70	8
78	2
82	11
92	13
97	7
105	14
123	7
124	10
127	9
128	8
132	14
137	12
140	5
143	1
145	6
150	11
155	12
161	5
163	2
182	15
188	7
189	3
191	4
193	11
197	15
Market 29
2	5
4	1
8	9
10	11
11	7
13	9
15	2
19	14
23	10
26	7
27	3
29	8
30	14
31	12
33	4
34	15
35	10
36	6
38	15
43	1
47	11
48	1
49	12
63	3
68	8
69	4
74	9
75	5
77	12
79	3
82	11
83	9
84	4
86	12
90	6
92	12
94	9
100	1
101	6
120	2
122	5
128	6
131	13
141	1
148	3
155	10
161	3
163	10
176	15
178	8
179	9
181	4
183	10
187	2
192	5
197	10
Market 166
21	2
24	2
28	2
30	8
43	13
54	12
57	1
67	12
92	8
110	7
114	14
119	11
123	14
127	12
128	5
130	8
131	12
139	8
141	6
146	5
148	13
154	3
156	15
157	12
158	1
160	8
167	5
180	14
182	11
187	5
196	13
197	13
Depot
