TPP_FSO_CapEuclideo.200.200.5.4
Total Cost:202898
|M*|: 199
Depot
Market 190
7	5
10	13
11	3
16	5
18	4
24	4
26	8
29	2
32	12
33	6
37	1
38	14
40	13
52	4
54	4
55	7
56	10
67	11
69	2
81	10
86	9
89	6
94	14
95	7
98	15
99	2
104	9
106	6
108	6
109	6
118	3
119	10
125	4
128	10
130	15
139	9
141	5
143	5
145	12
147	1
155	1
159	9
166	8
168	14
174	13
177	14
179	4
189	7
199	3
Market 125(F)
2	13
4	8
5	1
7	15
9	13
11	6
13	2
14	6
17	8
29	14
31	14
33	1
37	11
40	11
41	5
43	9
48	5
52	9
54	5
55	13
60	2
62	15
66	2
71	10
72	9
74	6
79	3
80	4
83	5
84	10
86	13
88	11
90	2
92	12
93	3
96	13
98	11
99	12
103	10
104	13
108	8
109	6
111	4
113	10
114	6
120	3
122	2
124	1
128	4
129	4
130	15
133	12
136	4
141	3
143	7
145	14
146	7
147	6
149	13
152	11
154	15
155	13
157	13
158	15
159	8
161	7
163	9
165	5
168	6
169	9
171	5
174	5
175	12
179	15
181	15
182	4
185	13
189	9
191	6
193	6
195	3
Market 45(F)
6	4
10	2
16	8
18	14
26	10
29	11
34	14
36	14
47	10
54	2
55	1
79	11
80	6
84	15
91	11
96	4
99	14
103	3
106	1
109	10
113	7
121	11
130	2
139	12
143	13
153	3
158	5
160	5
161	9
172	9
185	4
188	2
Market 19
1	4
9	10
10	12
11	10
13	7
15	2
19	14
20	7
26	13
30	3
35	8
36	8
38	12
40	4
44	3
51	3
53	5
58	13
60	7
62	3
64	10
66	1
70	11
71	10
80	5
93	15
103	14
104	10
109	11
113	13
115	14
118	3
125	5
130	5
132	9
133	4
140	3
146	7
148	8
168	1
171	12
176	12
181	8
182	12
183	9
186	13
195	11
198	13
Market 76
2	14
6	9
10	10
11	8
13	13
18	2
20	1
22	1
28	8
29	1
32	3
34	3
36	4
41	7
47	14
51	7
54	12
55	5
58	6
60	14
62	7
65	6
66	5
79	3
86	14
98	7
104	5
114	11
115	10
116	5
119	11
121	15
126	12
127	10
130	12
132	3
135	6
140	8
146	7
148	15
152	13
153	1
158	6
159	14
164	13
169	11
171	11
183	7
184	5
185	15
188	6
192	10
195	1
198	1
Market 142(F)
3	4
4	4
8	2
18	10
22	10
25	4
28	10
29	2
30	13
31	7
37	3
38	1
45	12
54	11
55	12
56	14
61	7
68	8
69	13
79	8
90	8
92	10
94	2
97	3
99	14
104	8
107	14
112	12
115	2
121	2
122	4
126	3
131	12
133	4
134	1
139	2
140	5
144	15
145	10
148	3
150	14
161	2
163	8
172	10
175	7
176	5
179	14
183	12
191	9
193	14
197	3
198	6
Market 10
3	11
8	11
11	6
15	11
17	10
18	6
28	12
30	6
33	2
37	2
43	12
45	10
61	13
69	10
72	6
75	1
79	15
82	6
86	5
91	6
92	11
94	9
99	2
101	10
103	8
109	13
111	5
116	7
118	14
120	9
126	14
128	10
130	6
131	14
134	11
136	12
141	14
148	13
153	2
154	8
158	1
163	14
165	8
169	6
174	8
176	5
184	1
185	1
188	10
189	12
198	14
Market 49
1	4
3	1
10	13
12	3
15	10
17	14
18	5
22	3
26	7
29	14
30	11
35	13
36	4
38	9
44	8
47	3
50	13
55	1
57	4
60	5
61	7
63	13
64	3
65	2
66	10
70	3
71	7
72	9
80	13
83	8
90	7
99	4
107	1
108	9
109	8
112	9
113	8
114	9
119	2
121	11
123	2
130	4
132	14
145	7
146	3
150	8
153	9
157	4
160	5
161	14
166	1
172	12
180	15
181	8
185	7
186	10
192	3
198	8
Market 25(F)
1	10
2	3
3	1
5	15
9	15
10	9
22	11
28	4
30	2
36	14
38	5
40	9
44	7
47	4
58	2
60	12
64	1
65	4
66	6
69	14
71	15
77	7
79	2
80	1
81	5
84	6
91	11
95	2
111	11
119	11
120	10
125	11
130	9
132	15
141	5
147	5
152	13
153	6
158	2
159	14
166	7
169	10
172	15
184	14
189	14
Market 94
10	2
13	14
17	12
20	2
22	8
26	15
28	12
32	14
38	4
41	9
44	2
47	8
60	8
64	6
65	9
66	7
71	2
78	8
80	5
86	1
88	1
89	3
91	8
92	7
97	14
103	5
108	1
113	2
119	1
123	3
127	7
129	6
136	7
139	7
150	2
152	1
153	6
155	10
156	14
160	12
166	14
174	3
179	14
186	12
191	1
Market 163(F)
2	8
5	9
9	9
10	3
11	12
13	13
15	5
17	5
20	15
21	11
28	4
29	13
32	8
34	10
36	13
38	12
44	2
55	14
58	1
69	12
71	15
80	14
90	2
92	1
94	15
98	7
103	15
104	12
108	7
109	2
115	10
116	15
117	9
118	3
119	10
121	7
123	5
126	7
130	14
133	4
134	10
139	14
145	12
152	7
153	10
155	13
157	4
158	11
159	7
160	15
161	6
168	13
172	12
174	2
176	12
183	2
185	7
186	8
188	13
193	6
194	1
200	13
Market 112(F)
1	5
5	2
13	11
19	9
22	10
28	7
30	6
34	15
50	10
54	9
65	1
68	7
70	14
80	10
84	8
86	2
91	9
98	5
99	13
103	15
104	2
108	14
118	3
121	4
130	15
133	13
140	8
148	2
152	2
161	13
174	5
183	11
192	6
194	1
198	13
200	3
Market 63
3	4
4	15
9	1
10	12
13	11
15	12
22	9
28	8
30	2
32	1
34	15
36	3
38	13
41	15
44	5
51	8
53	11
54	6
58	6
59	9
62	4
65	14
66	2
69	12
71	15
72	5
81	2
87	5
91	7
92	11
99	4
100	11
104	4
106	4
109	14
110	1
115	12
118	9
120	15
126	14
130	12
131	15
139	10
140	8
141	9
148	5
153	6
159	12
165	10
168	11
169	13
173	3
174	2
176	4
177	10
183	13
184	11
194	1
195	1
199	3
Market 155
1	3
3	12
8	10
11	1
12	12
14	1
17	10
18	13
19	1
28	5
31	4
34	13
37	9
38	3
43	1
45	1
46	6
52	1
53	1
60	15
61	14
62	13
65	12
68	6
69	8
70	15
75	11
84	3
86	15
94	13
96	6
98	13
103	9
106	7
112	11
113	4
121	5
128	9
132	9
133	6
139	10
143	5
148	1
153	7
165	9
168	8
170	9
171	13
174	13
175	3
176	11
186	11
188	10
189	12
196	6
198	9
200	2
Market 91
3	3
4	12
7	2
10	13
33	7
35	13
40	8
48	9
53	3
56	13
58	14
59	10
60	2
65	14
68	8
79	5
84	1
86	9
90	11
98	3
99	6
113	12
115	7
123	9
133	6
134	8
139	4
140	12
153	2
161	2
163	2
166	2
172	3
176	1
188	14
189	8
192	4
Market 148
4	8
8	13
12	7
17	7
28	7
31	10
40	2
44	6
45	13
49	3
53	11
54	12
58	10
60	15
61	7
84	10
91	15
93	12
99	1
103	7
104	3
106	15
108	13
109	14
115	10
116	1
119	5
130	8
132	1
134	10
152	1
153	13
158	4
166	11
168	12
171	5
174	5
175	6
176	2
183	8
188	2
195	6
198	4
Market 145(F)
2	1
3	6
5	13
6	5
10	3
11	1
13	1
15	6
17	3
21	14
28	11
29	5
30	14
32	3
36	11
40	14
42	3
45	15
47	5
58	6
62	7
65	1
66	4
79	8
83	10
90	1
92	11
95	5
100	1
104	12
109	9
111	1
120	13
121	14
130	14
132	4
140	14
143	6
155	11
158	2
165	4
170	1
174	14
175	5
176	15
178	4
188	9
195	8
196	7
Market 179(F)
3	7
8	13
15	15
25	13
31	10
33	6
34	9
35	1
53	5
56	11
59	14
60	15
68	6
69	10
72	11
75	5
79	15
82	8
88	7
91	12
92	12
96	8
99	12
106	7
111	14
127	8
136	3
140	14
141	7
149	2
158	11
160	13
168	6
176	9
183	11
189	3
194	11
195	11
Market 126
2	13
3	3
6	4
9	1
10	1
13	9
17	1
18	11
23	2
26	3
28	14
35	3
36	12
40	3
47	2
51	11
53	8
54	14
60	2
62	7
69	15
71	12
80	6
81	11
82	1
83	14
86	5
91	13
92	3
94	5
95	3
99	6
102	2
103	13
106	11
107	3
111	12
118	15
119	1
128	9
131	7
135	8
140	7
143	13
148	4
153	9
155	7
160	1
165	5
168	10
170	14
176	1
183	6
184	2
185	7
189	9
195	9
Market 84
4	3
7	2
8	8
14	5
15	14
17	14
18	14
21	2
22	12
28	12
31	15
35	5
40	9
43	14
52	12
54	1
58	10
60	8
65	15
68	4
72	7
79	6
88	12
94	12
96	14
103	12
107	15
111	14
112	4
115	15
116	5
118	13
119	14
120	1
126	10
127	9
129	4
131	4
132	14
134	10
140	11
148	5
154	2
163	12
165	3
166	14
170	1
174	5
175	3
176	3
183	3
184	9
188	10
194	10
195	6
200	8
Market 111
2	13
3	11
7	8
10	11
11	8
19	14
21	8
24	15
31	2
33	3
38	13
43	7
44	5
45	10
48	2
50	2
55	7
58	8
60	2
61	13
62	9
65	2
69	3
72	13
82	2
86	2
87	15
89	4
91	1
94	10
96	2
97	6
101	5
103	11
104	15
106	15
109	3
111	9
115	2
116	11
119	9
127	12
130	1
132	7
136	2
138	8
141	5
144	10
150	14
154	12
159	10
163	13
172	1
174	4
175	4
177	6
183	4
185	7
188	3
197	13
199	8
Market 132
3	4
6	12
9	2
15	13
20	3
26	12
28	13
32	13
51	11
54	2
55	5
58	6
66	4
71	10
83	2
86	10
88	12
101	5
107	1
109	3
111	6
118	8
121	11
129	1
131	14
136	7
139	3
142	12
149	12
153	3
159	13
169	7
191	12
Market 113
1	2
2	3
3	15
10	10
22	11
26	10
30	6
40	9
41	12
47	6
51	8
55	8
58	8
60	3
62	14
64	5
65	15
68	11
74	7
79	3
80	1
82	15
83	11
89	2
90	13
96	12
99	6
106	10
107	12
112	4
121	9
128	4
129	13
139	8
140	7
141	3
143	5
144	4
150	1
152	15
156	4
159	10
160	6
163	10
165	10
169	15
174	4
175	8
179	3
183	5
185	1
189	8
193	13
197	2
Market 51
2	11
3	10
10	3
11	13
13	13
15	4
17	7
18	9
22	8
30	10
36	3
40	9
44	14
47	1
50	6
55	7
60	4
62	2
65	10
66	11
68	12
69	4
71	3
72	10
79	8
80	1
83	1
84	15
89	10
90	8
91	8
92	11
99	2
104	7
109	4
113	11
114	3
116	13
118	9
119	9
129	1
130	5
133	10
134	3
139	6
140	6
147	4
149	9
152	10
153	2
158	1
170	11
175	5
176	1
188	7
189	13
191	5
193	6
195	15
197	6
198	3
Market 114
4	4
7	11
11	3
13	11
21	1
24	11
28	3
29	8
30	5
34	4
36	4
42	3
45	14
47	10
51	12
54	3
58	2
66	3
69	3
74	10
79	5
80	15
81	7
84	15
90	12
92	15
109	9
114	15
116	8
125	6
130	6
131	12
133	12
146	6
148	5
152	11
153	15
159	2
166	4
168	1
170	9
172	15
175	11
181	15
183	5
189	3
193	2
198	8
200	4
Market 5
1	7
3	5
5	2
13	5
22	3
25	10
28	6
36	3
38	6
44	4
47	13
50	2
53	1
55	7
57	14
58	7
59	5
60	6
61	6
64	4
65	4
68	7
80	6
82	1
83	4
86	14
88	11
89	8
92	7
98	8
101	1
107	5
109	13
116	12
117	10
119	5
122	8
128	2
132	6
133	11
136	11
138	13
143	4
145	5
157	6
158	13
159	13
161	10
165	4
175	4
176	14
179	10
185	12
189	14
191	3
Market 122
2	13
4	1
10	10
17	13
18	4
21	14
24	2
29	2
31	4
35	15
37	11
40	13
45	9
53	13
54	15
56	12
62	12
65	15
69	10
75	13
79	13
86	1
92	7
94	9
101	2
104	9
111	11
115	4
121	12
131	12
132	4
133	5
141	4
149	11
152	13
159	15
168	14
169	2
173	14
174	1
175	5
176	13
177	15
188	9
189	3
194	3
198	2
200	1
Market 189
13	15
16	15
36	9
40	15
42	5
45	2
48	7
51	15
54	6
58	9
60	10
62	2
65	10
71	5
82	4
84	3
90	12
92	12
96	8
99	2
101	1
106	2
108	9
109	3
111	7
118	12
123	4
128	5
132	4
133	11
136	11
149	7
155	13
157	7
160	4
161	4
165	10
170	12
171	5
174	1
178	5
185	1
186	4
188	9
195	15
198	7
Market 41
3	6
4	12
7	10
18	15
33	11
34	11
53	1
54	8
62	10
82	6
83	7
88	2
89	11
96	8
97	2
98	2
99	4
108	12
109	4
111	14
118	12
129	9
130	1
143	2
152	10
153	12
156	11
158	5
159	13
166	2
171	4
181	12
185	6
197	3
Market 44
4	3
5	1
7	3
9	5
10	1
14	1
20	12
22	6
29	4
32	13
34	7
45	8
47	5
48	2
51	6
60	8
64	10
69	10
72	1
78	15
79	13
80	6
81	5
90	3
94	10
95	1
100	10
103	4
104	12
114	5
116	6
130	10
132	15
134	11
139	6
158	7
159	8
165	8
169	2
174	10
175	11
176	5
183	1
189	1
Market 2
2	10
4	10
7	5
11	4
14	8
16	5
18	15
21	11
24	8
26	10
29	11
33	9
34	7
42	9
51	11
54	6
56	13
58	3
60	10
65	7
66	14
69	12
74	11
79	4
82	8
86	4
90	9
91	2
92	4
93	2
96	4
98	13
99	15
108	3
109	15
111	15
113	3
118	6
119	6
121	9
124	2
126	10
132	1
133	10
134	4
140	10
146	6
153	1
158	13
173	9
174	9
175	14
176	9
183	4
185	14
186	15
189	7
192	4
195	14
200	8
Market 150
1	1
4	1
17	12
26	6
30	8
34	9
38	4
45	4
51	9
55	6
58	1
64	12
65	1
68	2
71	14
72	15
80	12
83	5
88	4
89	3
91	10
94	10
96	5
97	13
98	5
99	2
106	12
107	5
108	4
109	5
111	7
116	8
119	13
121	5
129	5
132	4
133	3
135	2
139	9
140	1
144	10
149	13
156	6
158	9
159	11
160	5
161	10
162	11
165	10
168	1
170	6
176	14
179	15
181	15
183	5
185	4
188	10
191	10
193	3
194	14
197	6
198	9
200	1
Market 18
3	13
5	4
10	9
15	9
17	12
19	7
22	11
28	15
30	13
31	3
38	8
40	10
50	11
58	12
60	10
61	4
64	4
65	12
66	15
68	12
75	3
80	12
81	1
86	3
87	2
90	5
95	13
99	13
100	1
103	9
104	3
109	1
111	5
115	4
117	9
119	13
120	8
126	14
127	8
131	2
140	4
141	15
148	2
149	7
150	13
159	12
170	2
176	1
177	4
178	1
184	13
185	10
188	15
190	8
196	15
198	8
Market 169
7	1
8	6
9	12
10	15
14	8
17	2
18	5
20	3
21	3
22	8
24	15
26	4
28	1
29	13
30	6
37	12
40	3
43	8
44	5
51	5
53	3
55	9
56	10
58	13
65	7
68	11
69	6
71	4
74	1
75	2
78	8
79	11
83	6
84	12
86	14
88	13
91	13
92	11
94	3
96	12
98	9
99	7
103	9
104	4
105	4
106	12
116	15
126	12
132	7
133	9
135	12
140	2
143	13
149	4
155	2
158	4
159	8
162	2
165	10
170	7
172	11
189	13
Market 130
4	4
8	8
22	11
26	10
30	3
35	12
40	13
58	2
59	13
70	7
72	2
83	5
84	3
86	9
89	7
91	8
92	14
94	15
98	3
103	12
107	5
109	2
112	9
114	5
118	4
119	9
132	1
133	3
138	4
141	14
146	8
149	10
152	11
153	10
155	5
158	11
159	15
160	10
162	12
166	14
170	12
172	11
176	7
177	7
188	13
Market 196
4	9
7	5
14	15
17	2
18	12
21	9
24	4
28	5
29	3
30	3
34	9
37	3
48	2
52	12
53	7
54	1
58	7
60	9
62	9
65	8
67	3
68	1
69	6
71	2
74	8
79	3
82	2
86	1
91	8
92	9
96	6
101	9
104	2
106	10
109	6
116	6
126	7
132	9
133	10
135	2
136	15
137	15
143	7
148	1
149	5
152	3
160	6
166	13
169	15
170	3
174	8
175	1
183	4
189	4
194	2
195	11
Market 116
3	11
7	3
18	10
22	5
24	5
31	13
35	7
40	4
45	11
48	10
53	2
54	5
59	3
62	8
65	10
68	15
79	4
81	1
90	15
91	8
95	10
101	6
106	8
109	1
111	6
114	3
116	15
119	6
125	14
127	12
130	6
131	12
134	7
135	12
136	8
140	1
147	11
148	13
149	13
153	1
158	10
163	15
165	11
168	2
169	3
174	4
176	5
182	3
184	8
185	12
188	13
189	13
195	5
198	3
Market 23
3	4
4	7
8	11
10	5
11	12
12	12
17	5
18	2
25	1
29	7
31	15
33	14
35	14
44	10
45	5
53	1
54	10
56	13
59	9
65	15
72	4
75	2
79	1
90	15
94	11
104	13
106	2
109	4
114	5
121	7
125	1
127	2
132	2
135	3
140	14
152	4
159	11
162	11
165	14
170	1
172	1
174	4
182	6
183	7
185	8
193	9
194	4
198	11
Market 168
5	3
10	7
15	13
26	6
28	1
29	10
30	5
32	7
40	13
50	15
54	1
62	5
68	4
70	8
75	2
82	9
84	15
89	12
103	5
106	12
107	5
112	8
113	3
116	15
118	14
121	8
128	11
132	7
133	2
141	12
144	9
145	10
152	4
159	8
165	10
170	9
171	2
174	12
175	15
176	6
186	1
195	10
Market 193
1	8
3	6
5	10
6	10
8	12
9	8
10	10
13	15
21	12
26	14
28	1
30	2
32	4
34	5
35	15
36	2
38	10
40	9
44	4
53	2
54	9
55	12
60	2
61	13
62	12
64	14
65	5
66	13
70	4
72	6
74	4
80	7
83	4
84	11
90	12
91	4
94	5
99	9
103	11
107	12
108	14
113	3
114	10
116	1
117	2
124	3
125	1
128	5
130	1
132	8
134	6
138	1
139	12
147	14
150	12
152	5
153	7
159	10
160	12
161	12
163	3
174	5
178	3
181	13
182	3
185	15
188	2
189	2
191	8
193	15
195	5
197	1
Market 178
7	4
10	14
11	5
14	12
15	10
17	4
18	4
21	15
24	9
28	3
29	1
35	2
40	9
44	3
53	4
55	3
60	15
65	2
69	5
71	12
75	12
80	10
83	12
89	5
90	14
92	4
94	14
104	1
108	8
112	5
114	6
116	10
118	2
121	13
129	4
130	4
132	13
139	14
140	7
145	7
147	7
152	8
156	14
161	3
172	7
175	11
179	11
182	6
188	2
193	8
195	12
197	13
198	1
Market 183
11	7
18	14
21	11
24	5
26	7
28	5
33	2
34	13
35	13
40	4
42	7
48	12
51	14
56	9
60	10
68	15
69	1
71	13
79	10
81	13
83	8
87	8
90	1
91	2
94	2
96	13
97	4
106	3
107	8
111	14
112	1
116	10
117	2
127	10
128	2
132	15
138	8
143	5
149	11
154	14
158	12
159	6
175	6
176	4
179	13
185	1
191	3
196	10
Market 121
4	8
11	9
14	14
16	2
24	9
29	13
30	10
33	15
48	2
56	10
60	7
62	9
67	6
69	12
74	12
83	4
91	10
94	12
98	1
99	7
103	2
107	3
121	6
132	8
138	15
144	2
150	9
161	14
162	7
163	15
166	6
176	15
185	8
187	10
188	8
191	8
198	3
Market 89
2	14
7	11
10	13
13	9
16	3
18	11
21	2
24	12
26	5
29	10
30	2
32	2
34	2
36	6
38	13
42	9
45	13
51	4
55	6
60	12
62	4
65	13
66	11
69	10
79	9
81	3
89	6
90	4
92	14
94	5
99	9
101	7
106	15
108	7
109	10
111	6
114	15
118	2
120	5
123	12
129	5
130	4
132	8
133	9
136	15
139	7
140	2
145	1
147	9
149	14
153	2
154	10
161	3
165	15
166	15
170	1
171	8
172	8
174	1
175	6
179	6
182	2
184	8
186	4
189	8
191	8
197	3
Market 9
2	7
3	10
4	3
5	1
7	15
11	14
16	15
21	4
22	2
26	9
28	8
34	13
40	11
44	7
47	5
48	8
52	1
54	11
66	5
69	11
71	14
74	5
79	8
84	9
86	6
88	1
92	4
96	13
98	8
99	6
107	10
108	1
117	5
118	9
132	2
138	8
139	2
145	12
152	2
155	11
160	15
166	15
170	4
171	15
175	9
176	4
178	3
181	7
185	9
186	11
198	11
Market 147
3	8
4	12
7	8
14	7
18	9
31	5
33	12
35	8
37	1
40	14
43	14
44	6
48	1
53	13
55	13
59	10
65	3
68	4
71	5
72	9
74	14
80	15
88	5
96	9
99	6
103	8
106	11
111	8
112	14
116	6
127	11
131	15
136	2
138	9
141	3
155	14
159	7
169	1
174	10
177	11
197	8
Market 56
1	3
5	15
9	7
13	15
15	5
19	15
30	2
32	8
50	2
54	3
58	10
60	15
61	9
64	6
66	12
70	4
72	4
79	5
82	6
87	11
92	9
96	4
103	8
104	15
106	1
112	5
114	7
116	6
118	15
129	8
130	13
136	15
140	2
141	6
149	10
154	12
155	10
160	2
162	7
166	1
172	4
174	4
176	2
177	10
182	11
184	7
191	9
198	4
Market 38
3	13
5	10
8	13
10	1
20	6
28	10
32	3
34	6
36	14
38	4
41	7
50	15
51	9
54	1
55	11
60	6
61	2
62	4
64	3
66	14
70	5
75	11
80	4
92	8
94	10
103	8
108	2
109	13
124	7
126	12
132	12
146	13
153	8
158	5
161	6
167	8
168	5
170	10
185	4
194	2
200	7
Market 36
8	4
10	14
12	11
15	4
18	8
22	10
25	15
28	4
30	3
31	12
34	11
35	9
37	14
44	12
54	11
55	7
57	1
59	10
61	9
63	4
65	15
68	15
72	4
75	9
83	9
90	11
91	7
94	3
103	14
104	1
119	15
121	8
123	9
127	1
130	13
132	12
133	11
134	12
139	3
145	6
150	5
155	7
158	5
161	10
166	4
169	15
170	8
172	6
175	5
176	11
180	8
184	7
186	8
188	12
193	14
198	10
200	13
Market 139(F)
2	5
11	14
13	13
18	11
21	4
24	6
26	6
32	7
34	1
40	11
42	8
47	3
51	1
54	6
60	15
62	10
65	13
66	5
71	15
82	3
86	12
88	6
90	10
92	9
94	9
96	13
99	1
101	6
104	3
109	10
116	3
120	3
127	5
131	6
134	4
141	6
148	10
149	4
153	8
154	1
158	1
159	14
163	8
165	9
168	13
169	10
175	11
176	8
177	11
189	11
194	12
195	6
200	15
Market 176
2	6
3	6
13	1
17	7
20	9
24	9
29	4
30	14
32	10
34	9
40	13
44	11
47	6
58	13
65	5
66	11
68	9
71	1
83	11
86	9
94	8
97	9
104	6
107	1
108	4
109	5
112	9
118	14
119	10
121	3
129	8
130	8
132	12
138	3
152	5
153	3
155	7
160	5
165	11
168	8
170	6
171	5
174	9
179	10
185	11
187	3
198	3
Market 48
12	6
15	14
18	11
22	9
25	2
29	12
31	3
34	11
35	6
44	14
45	5
58	6
59	6
61	15
68	8
71	2
72	15
75	13
79	9
82	5
86	9
88	4
96	13
99	2
101	1
115	14
116	12
118	11
119	1
120	8
127	1
131	6
134	12
136	5
139	12
140	11
149	15
152	15
158	5
168	15
169	13
173	4
177	8
183	11
188	11
195	7
Market 90
2	7
3	6
10	13
11	13
16	6
21	15
29	2
37	11
43	13
45	4
54	13
58	14
62	14
65	5
71	6
74	3
79	8
82	5
83	12
84	2
88	14
90	15
91	6
92	1
96	2
98	9
99	15
101	2
108	2
111	10
118	4
124	9
127	13
130	1
135	1
136	15
143	2
149	15
159	15
165	1
170	14
174	9
178	1
195	7
198	3
Market 172(F)
4	11
10	2
11	14
17	8
18	7
21	6
22	2
28	14
31	9
34	3
35	5
37	15
43	1
48	5
53	9
56	10
58	3
60	4
61	7
68	12
69	1
75	10
84	14
88	12
90	10
91	15
96	13
98	6
102	9
113	11
118	11
121	14
132	1
133	12
143	2
145	15
149	4
152	2
157	2
158	14
159	8
166	15
180	6
185	8
189	1
195	6
198	1
Market 54
4	3
8	2
15	8
25	15
28	3
31	11
33	14
37	4
53	9
54	2
56	5
58	1
65	8
68	11
88	9
90	2
99	12
104	9
112	10
116	10
120	9
121	3
128	1
135	9
138	14
141	13
144	5
155	14
165	14
169	12
170	11
176	1
177	10
178	11
197	8
198	1
Market 118
8	12
10	7
11	7
15	15
16	6
19	14
21	15
24	10
26	3
31	3
38	13
44	3
47	4
50	10
55	10
58	10
59	3
63	13
66	7
68	13
70	2
72	11
81	11
84	11
87	7
94	4
104	5
108	10
111	12
115	9
116	8
118	9
120	3
126	7
127	6
133	12
134	1
135	12
152	8
158	2
159	2
163	14
165	15
169	2
170	1
174	5
175	1
181	9
183	7
184	1
188	4
193	8
194	7
198	1
199	2
Market 72
3	8
8	9
17	7
28	10
34	10
48	14
56	2
58	5
62	6
63	10
65	15
69	4
75	7
79	10
80	5
90	10
91	3
94	10
99	4
104	6
109	10
123	2
134	13
152	10
153	6
157	10
158	12
161	14
168	13
171	5
175	12
183	13
188	7
193	15
Market 180(F)
1	4
10	14
12	5
15	5
17	2
19	8
28	2
30	7
38	11
40	10
46	7
59	8
63	1
70	13
72	3
80	6
82	8
83	5
86	3
88	15
92	13
94	12
103	8
106	13
108	14
111	14
113	13
116	15
118	8
121	13
123	8
128	10
134	12
139	6
143	1
145	12
149	12
152	6
157	5
161	6
166	1
174	7
177	9
182	12
186	11
Market 108(F)
3	3
4	12
10	5
11	14
14	12
16	7
18	7
24	13
26	7
29	6
38	2
42	12
44	7
45	14
54	6
55	13
58	8
60	2
62	8
65	14
66	9
74	12
80	2
81	4
82	12
84	4
86	12
88	3
91	15
94	11
96	2
98	12
99	8
103	4
104	6
113	1
115	2
116	4
119	6
123	14
128	2
129	15
130	15
132	11
133	12
139	1
140	10
143	7
145	12
148	2
149	6
153	2
155	11
157	10
158	3
160	9
161	3
163	13
166	1
170	5
171	1
176	5
185	12
186	2
188	5
198	4
Market 141(F)
3	11
11	1
15	10
17	6
18	11
22	13
45	12
53	13
56	10
58	7
59	11
62	12
65	3
69	11
91	3
92	15
99	10
104	4
106	4
111	4
115	4
119	4
126	13
128	5
131	12
132	4
136	5
140	10
148	5
149	7
153	14
158	3
159	4
165	1
166	3
174	8
176	14
177	10
185	13
188	9
189	14
194	10
Market 123
3	11
8	4
12	13
17	11
22	8
29	11
31	10
35	10
36	7
37	4
49	13
54	13
58	7
59	12
60	4
68	10
71	13
83	4
94	4
98	6
99	12
103	14
104	3
106	8
108	6
112	3
116	8
118	11
121	4
125	8
129	9
130	5
133	13
139	11
144	15
147	11
149	7
152	5
159	12
162	11
165	12
168	13
169	15
170	11
175	5
176	9
182	5
191	13
195	15
198	2
Market 191
10	3
17	6
24	10
28	13
34	13
38	10
43	9
44	4
48	10
53	2
54	15
65	7
68	1
72	3
83	12
91	15
106	10
108	1
119	8
130	6
135	3
137	10
139	4
149	7
152	14
157	12
160	3
161	7
166	14
168	5
169	8
170	2
171	3
176	14
178	5
181	6
185	5
189	2
198	6
Market 117
2	14
3	1
8	10
9	11
10	11
17	3
18	14
21	3
22	2
26	12
28	7
31	3
32	13
34	8
35	2
38	14
42	12
44	11
45	5
47	3
50	4
53	3
55	5
56	12
58	3
60	15
61	2
62	4
63	11
65	2
66	5
68	14
69	7
71	12
72	12
75	8
79	11
88	2
90	10
94	2
96	14
98	14
101	8
103	9
106	12
113	9
116	15
121	8
123	13
132	2
133	3
136	15
139	2
141	5
143	4
145	9
152	13
154	11
155	8
157	15
159	12
160	14
165	12
166	4
169	6
170	15
180	1
185	15
186	12
189	8
192	4
195	5
198	11
Market 11(F)
2	12
3	1
4	5
8	5
9	8
10	15
12	1
17	14
18	13
20	15
22	6
25	12
26	12
28	9
31	7
32	14
37	14
41	12
44	12
45	12
47	13
50	4
51	15
53	1
54	8
57	6
60	15
61	6
62	8
63	5
66	7
72	4
74	9
75	6
80	14
85	9
89	14
92	3
94	2
97	14
104	13
107	15
108	12
109	10
112	2
117	9
119	11
121	1
124	11
125	15
129	2
132	3
139	11
140	12
144	6
147	12
150	5
158	11
160	2
166	3
168	15
170	6
171	9
172	11
174	11
176	9
179	10
181	4
187	13
188	5
191	13
193	12
Market 167
4	2
8	10
12	15
15	7
17	3
19	13
25	14
26	10
28	12
30	11
37	6
38	3
45	6
50	3
53	3
54	5
55	8
62	1
63	5
69	14
70	11
72	4
75	13
80	12
84	5
86	9
90	2
91	7
92	3
94	14
98	7
99	7
103	9
108	4
109	9
113	4
114	14
119	14
126	10
130	12
131	5
132	3
133	10
134	8
139	7
146	12
158	11
161	5
162	6
163	4
168	3
173	10
174	8
176	5
181	4
185	15
188	12
189	2
193	11
194	7
Market 100
1	5
3	3
5	13
9	13
17	6
20	11
32	2
34	11
36	1
44	3
47	13
55	12
58	13
61	6
64	4
77	15
80	4
91	4
94	12
96	10
98	6
99	3
109	10
113	14
115	15
116	10
117	13
121	11
123	10
126	3
131	1
134	11
138	6
158	5
160	11
166	2
168	3
170	9
172	14
175	7
183	14
188	10
192	15
194	11
195	8
Market 160(F)
3	13
10	15
12	15
18	13
29	13
31	1
33	15
35	2
37	15
40	2
43	4
44	6
45	6
48	12
54	1
56	2
61	9
65	12
69	14
72	8
75	4
82	11
86	13
91	2
92	13
96	12
99	4
105	6
116	13
126	13
128	9
131	12
132	15
148	15
153	15
155	14
158	5
159	2
165	2
168	14
169	9
174	14
175	14
183	2
189	3
194	4
200	3
Market 73
8	6
12	14
22	10
30	14
31	7
33	8
35	8
44	6
45	15
53	6
55	7
56	4
61	13
62	10
72	15
75	7
79	13
80	11
83	14
88	8
91	3
92	5
106	3
112	4
117	7
118	14
120	5
127	7
128	3
131	10
132	7
140	7
143	15
149	7
160	12
176	7
178	4
184	4
189	6
191	5
195	1
196	3
Market 50(F)
3	8
5	9
10	14
11	12
13	8
15	7
17	2
22	4
26	3
30	11
34	14
36	1
38	13
40	10
47	15
55	14
61	8
64	11
68	5
69	14
72	3
77	13
80	6
83	11
86	1
88	7
94	11
101	4
106	2
111	3
112	4
117	1
119	11
121	8
126	12
128	3
136	3
140	7
144	6
148	9
150	5
158	2
170	4
174	5
175	6
177	11
178	11
183	13
188	7
189	8
191	5
195	10
196	7
Market 33(F)
2	4
18	13
21	4
28	6
29	6
34	14
36	14
38	13
45	3
48	3
62	10
69	14
81	7
82	3
86	12
92	2
94	13
99	4
104	8
105	7
109	13
127	14
128	9
135	12
136	3
140	8
148	3
149	5
153	6
159	15
168	7
175	2
183	3
195	14
200	5
Market 80
1	6
3	3
4	3
10	6
12	11
19	7
31	13
40	4
44	10
50	1
53	3
54	6
55	5
57	15
59	3
70	9
72	2
75	2
82	7
86	11
91	1
92	2
95	3
96	13
99	1
118	8
121	6
125	8
130	3
140	8
149	5
155	4
158	10
159	1
174	3
175	15
177	9
184	15
188	5
Market 138
2	7
3	2
9	2
11	11
13	2
26	15
30	12
32	1
34	13
36	5
41	7
44	4
55	1
65	9
66	7
68	6
71	3
83	9
84	12
88	9
92	6
93	9
98	2
106	7
107	1
117	11
118	7
130	6
132	9
133	1
138	10
144	13
149	14
155	2
158	4
170	8
171	13
175	5
189	6
192	3
196	2
Market 158(F)
7	11
11	8
16	5
29	10
36	1
48	7
51	3
55	10
56	7
62	13
69	15
71	3
74	14
86	8
92	13
111	2
126	1
131	1
136	15
140	7
148	10
149	9
153	7
158	7
169	8
174	10
175	13
183	5
185	2
188	7
193	12
194	11
Market 24
1	5
4	6
15	4
22	14
34	9
38	2
40	8
44	8
50	13
55	1
57	1
60	5
61	2
68	5
71	1
75	3
83	5
88	13
90	3
98	5
101	13
102	8
108	12
113	12
116	10
118	15
122	5
128	4
133	11
136	3
143	3
157	14
160	1
161	15
165	2
166	12
170	13
175	11
177	6
178	4
179	15
Market 110(F)
10	7
11	4
15	14
18	13
22	11
29	10
31	13
33	14
35	12
37	3
40	6
45	4
48	7
53	7
54	11
61	1
65	7
68	7
84	8
89	2
90	2
91	11
92	15
94	10
98	13
106	9
109	14
113	14
115	4
119	14
123	14
129	14
131	15
132	13
134	10
148	10
149	13
152	2
166	2
168	13
176	1
181	7
183	14
186	15
191	13
192	8
193	12
198	12
200	11
Market 149
1	6
2	10
5	10
10	2
13	2
16	10
19	7
21	12
24	5
28	14
29	9
30	5
31	8
36	4
38	13
44	13
45	4
47	4
50	15
51	4
53	2
54	12
55	1
56	11
57	10
59	4
66	10
68	14
71	13
72	11
74	7
79	15
89	12
90	1
91	2
93	8
94	8
97	7
112	15
116	4
120	5
123	3
129	2
130	6
132	8
140	10
141	13
150	11
153	3
154	6
156	9
158	1
160	8
165	3
170	12
176	4
177	7
179	4
185	5
186	11
192	15
198	2
Market 17
3	4
4	10
7	5
10	12
12	15
15	9
17	5
18	11
22	8
24	13
26	2
28	5
29	11
30	4
31	12
34	11
36	5
44	14
45	10
54	13
55	15
59	1
60	4
61	4
68	15
71	3
72	4
74	7
75	9
79	11
80	3
84	13
86	2
88	13
90	3
91	4
92	11
96	7
98	13
103	9
106	4
115	5
116	13
118	6
119	12
120	4
123	15
126	7
127	3
129	4
130	7
132	10
134	12
136	15
139	4
140	7
141	4
149	9
155	12
157	10
158	12
163	5
168	6
169	10
171	3
172	2
174	3
175	11
183	15
184	15
186	10
189	5
195	2
198	12
199	1
Market 52
2	14
14	11
17	14
18	3
22	6
26	9
28	15
33	15
34	10
36	2
40	10
42	13
45	7
48	10
58	9
59	12
60	7
61	8
62	7
65	2
69	10
71	6
72	11
74	7
75	8
79	2
82	15
86	8
88	11
91	12
99	12
101	4
104	10
106	5
109	12
111	13
116	7
118	10
119	9
126	15
128	2
131	1
132	14
134	11
140	1
143	5
149	9
153	5
158	6
159	6
160	9
165	15
166	6
170	14
184	2
185	6
188	5
189	6
193	15
195	2
199	6
200	5
Market 157
1	2
3	13
5	4
13	4
15	13
22	1
26	14
28	14
29	4
30	11
32	11
38	8
44	1
47	9
51	11
54	9
55	6
58	5
62	12
65	4
71	11
74	5
79	6
83	12
89	6
91	15
92	9
103	9
107	5
124	13
129	12
131	3
132	8
140	2
146	3
150	11
152	1
153	7
161	5
165	15
168	11
169	12
170	1
171	9
175	10
181	3
188	4
191	15
192	6
Market 65
4	11
10	11
22	8
24	9
26	1
28	10
34	5
35	15
40	2
45	3
62	15
65	9
66	9
68	6
72	14
74	11
75	12
79	1
82	15
86	7
92	1
94	9
96	10
101	1
106	3
109	11
112	12
115	15
116	15
119	7
127	9
131	9
134	11
148	10
149	1
154	14
158	8
160	1
163	5
165	7
166	11
169	5
170	4
174	5
175	6
177	13
185	1
189	12
195	15
198	9
200	1
Market 62
1	7
5	5
8	4
10	15
17	10
19	4
22	13
26	11
32	9
34	9
44	10
47	11
50	15
53	2
55	5
60	12
66	9
70	10
72	10
76	2
80	3
82	11
86	7
87	9
90	9
92	9
95	5
98	4
99	9
100	4
101	6
103	8
104	14
113	3
118	2
119	11
120	15
128	11
131	7
132	15
135	9
136	1
139	5
145	15
149	4
159	10
166	11
169	9
170	9
178	9
180	1
184	15
186	8
189	3
191	7
195	5
198	11
Market 128(F)
2	15
3	11
18	15
24	13
28	13
29	11
30	2
31	3
34	12
35	6
40	15
48	9
53	3
58	4
60	14
62	2
65	11
68	6
69	7
71	7
79	5
80	1
83	11
86	12
87	8
92	15
96	4
103	3
104	3
106	2
107	2
109	13
111	8
115	9
117	8
118	2
119	9
120	4
121	1
126	14
127	13
131	8
132	14
134	12
136	3
139	3
140	7
144	6
148	2
152	12
153	12
155	4
158	6
160	13
169	8
170	1
172	2
174	10
175	12
183	11
185	8
191	13
196	4
197	13
198	7
Market 175
1	13
3	14
8	8
11	6
13	11
18	1
20	2
22	15
24	4
26	4
29	13
33	9
35	3
38	8
40	14
41	12
43	6
44	7
47	8
51	14
53	13
55	14
56	13
58	4
66	1
68	3
71	4
75	10
80	14
82	5
86	14
87	5
92	7
94	3
96	10
98	1
99	10
104	13
106	6
108	14
109	13
111	12
116	13
120	3
127	14
136	6
139	7
140	1
146	14
158	6
163	3
175	2
176	6
181	14
184	9
187	6
195	3
200	14
Market 82
3	10
5	4
9	11
10	2
11	8
13	3
15	12
17	9
20	13
26	13
34	8
38	6
41	3
47	11
55	9
58	3
66	3
69	3
71	10
74	10
81	3
87	3
91	8
92	1
94	12
96	2
100	6
103	4
109	10
111	5
120	1
130	11
132	8
134	13
136	14
141	3
147	9
148	13
149	9
153	7
158	12
165	5
166	2
168	8
172	15
176	11
177	10
183	10
184	9
188	4
189	5
193	1
195	13
199	14
Market 27(F)
2	15
3	15
4	14
5	1
7	15
10	4
13	10
14	8
15	6
17	15
20	1
30	10
33	13
34	6
36	9
38	7
39	13
40	15
42	14
48	3
51	6
58	6
62	9
65	8
66	2
79	13
81	12
87	1
91	2
100	2
104	6
106	11
109	1
116	9
132	11
134	12
136	8
141	10
148	12
149	5
163	4
165	4
166	11
168	5
172	14
175	2
176	14
177	5
189	12
195	4
199	12
Market 85
11	5
13	15
15	7
18	14
25	6
26	2
28	7
31	6
33	9
35	3
38	10
43	15
45	5
48	3
60	12
61	3
62	14
65	8
72	1
75	10
79	14
80	11
83	2
89	14
91	5
92	10
97	5
103	13
106	11
108	3
112	9
116	3
118	13
121	3
124	9
130	4
133	4
139	6
146	12
150	7
152	13
155	12
158	8
168	14
174	15
175	14
176	9
179	10
187	6
195	1
197	9
198	4
Market 46
2	14
3	7
14	3
16	14
18	5
21	2
22	8
26	4
28	2
30	6
33	3
40	11
42	13
44	4
45	10
50	14
60	11
61	4
62	11
65	7
67	3
68	5
69	13
74	15
79	3
80	2
82	8
87	9
96	14
104	1
106	15
109	6
115	4
126	8
130	9
132	12
134	1
141	12
149	12
158	5
163	15
165	1
166	8
172	5
174	9
176	1
183	2
193	9
199	3
Market 12
3	1
5	3
13	10
40	8
54	6
58	4
64	15
72	8
76	5
88	1
91	2
92	6
101	8
104	8
108	15
111	11
123	13
126	5
128	11
133	2
136	6
149	7
155	9
157	13
161	1
165	1
166	5
168	9
171	2
173	9
176	9
177	12
186	10
188	3
198	5
200	14
Market 83
1	15
7	5
11	2
14	12
15	5
17	12
18	4
21	12
22	2
24	8
28	15
33	11
36	14
38	13
42	5
45	13
47	13
54	11
55	12
62	9
65	3
68	3
72	3
74	4
79	13
84	15
88	13
90	3
92	12
93	5
96	13
107	12
109	13
117	1
118	13
124	2
130	8
133	14
139	12
144	2
155	10
158	1
160	13
174	6
175	13
178	2
181	8
186	11
189	3
191	9
192	15
196	4
Market 162
1	4
3	6
8	15
10	5
13	14
22	7
30	12
32	8
36	8
38	14
53	15
54	3
55	4
61	4
68	1
82	12
86	15
91	6
99	6
101	14
106	1
119	11
127	3
131	9
132	3
140	6
141	10
143	13
149	2
158	11
159	13
163	2
166	13
168	15
169	10
172	13
175	12
176	4
189	7
200	1
Market 173
3	4
8	7
10	3
12	10
22	6
25	13
29	8
31	15
35	9
37	14
40	9
44	4
49	7
59	4
65	11
68	10
75	5
80	3
81	9
86	13
90	5
91	5
92	14
103	10
106	7
109	15
111	13
120	2
121	1
127	2
130	15
132	10
140	11
141	2
148	3
152	11
153	11
158	8
159	5
160	4
163	5
165	4
166	4
174	7
176	2
177	15
183	10
184	5
185	11
188	7
193	3
Market 140
4	10
16	11
18	4
21	10
28	15
33	11
34	15
37	14
43	12
48	7
54	14
56	7
67	7
71	5
79	15
83	1
89	7
90	13
98	14
107	7
108	12
114	7
115	10
116	2
118	15
119	6
121	3
130	14
133	9
144	6
146	6
149	1
152	11
158	5
159	9
160	2
162	9
163	4
166	10
168	10
170	6
172	6
174	4
175	5
176	2
179	7
187	9
189	6
198	1
Market 96
3	1
15	6
16	5
24	13
29	1
30	4
33	1
36	13
38	1
40	3
44	12
45	1
48	10
62	6
65	9
68	2
69	4
79	1
82	2
86	9
90	14
92	6
96	1
100	15
103	2
107	1
108	14
109	2
113	4
116	8
118	14
122	12
127	7
128	10
130	7
132	1
133	7
141	5
145	7
149	7
153	9
155	8
156	9
161	4
166	5
176	12
181	14
184	7
185	13
186	1
192	9
195	15
197	8
198	4
Market 92
2	10
3	1
4	7
8	15
11	4
15	3
28	10
40	3
43	5
44	3
53	9
59	4
61	10
65	4
72	9
79	15
86	4
88	6
92	10
94	9
107	6
109	3
112	11
116	4
117	9
120	6
121	7
126	9
128	14
134	4
136	8
138	14
150	13
155	1
163	10
166	6
169	5
173	14
174	9
175	15
178	14
183	12
184	3
185	11
189	3
193	7
195	14
197	6
Market 165
2	10
7	15
11	4
14	2
16	15
18	14
26	13
30	8
32	14
33	12
36	3
41	8
43	3
44	7
51	11
55	10
58	7
62	12
66	5
74	12
79	13
81	14
86	6
98	8
99	9
103	7
108	8
115	2
116	12
123	7
130	12
131	10
139	4
158	1
163	15
166	9
168	11
171	13
172	12
176	14
181	12
183	5
186	12
188	1
189	6
192	14
193	9
198	6
Market 86(F)
4	13
15	6
25	5
28	9
30	3
38	13
44	2
45	15
53	11
54	9
55	15
57	10
58	15
65	8
80	9
84	14
86	13
88	2
91	2
94	1
96	8
98	15
106	7
108	10
109	2
113	5
115	13
119	4
129	4
135	8
140	7
153	9
155	15
159	4
161	8
165	8
169	15
171	3
173	12
176	4
180	13
183	14
185	13
186	7
188	2
189	4
191	15
195	11
198	5
200	6
Market 101
9	5
15	3
18	13
28	2
30	10
41	8
44	3
47	13
65	3
71	2
80	11
87	5
94	15
101	11
106	6
116	2
118	7
119	10
120	4
127	15
132	8
134	5
136	3
148	15
153	2
158	7
159	14
165	10
169	13
174	13
176	3
177	7
189	3
200	14
Market 187
1	14
5	14
9	3
19	5
20	8
28	15
32	2
47	6
53	4
60	14
61	5
64	7
65	2
66	7
70	5
72	7
80	5
82	9
92	9
103	7
106	12
107	1
111	9
116	3
118	1
128	12
129	7
142	7
144	8
145	4
165	13
166	10
169	8
170	4
174	6
175	3
179	8
191	14
195	5
Market 97
2	13
4	7
10	9
14	15
18	15
21	8
24	7
29	13
31	2
34	13
37	8
43	13
48	1
53	14
54	9
56	15
58	2
60	6
62	1
68	15
69	12
71	10
75	2
79	4
90	13
91	15
92	6
94	13
99	15
104	8
106	5
109	11
116	15
119	3
125	8
127	12
130	14
131	14
132	1
133	14
135	11
140	14
153	7
159	6
163	14
168	10
169	4
174	12
175	6
189	15
198	14
Market 40
2	2
4	11
11	13
24	15
26	14
33	14
48	6
58	1
60	1
62	13
67	11
71	4
79	1
84	9
86	6
91	8
98	1
103	15
114	2
116	1
119	4
124	5
130	6
131	2
158	5
165	1
171	10
173	2
174	7
175	9
176	4
183	6
188	11
189	3
194	8
195	11
200	14
Market 146
4	11
6	7
9	2
10	5
13	10
14	14
21	8
22	1
24	6
26	8
28	10
30	11
36	15
42	4
44	13
47	8
48	5
51	10
52	2
54	13
58	12
65	5
66	7
67	5
68	14
69	13
74	5
80	6
84	15
86	14
92	7
101	2
103	3
106	8
113	14
116	12
118	10
119	4
120	7
126	2
127	1
130	10
133	5
134	15
136	4
153	9
154	10
163	9
165	8
166	4
175	12
176	13
177	10
186	3
187	1
188	10
193	10
195	2
198	5
Market 68
1	15
3	5
10	7
15	1
22	9
28	12
30	9
34	15
35	6
44	3
47	7
50	4
59	3
64	1
66	5
68	14
89	5
90	5
91	8
92	10
97	9
99	13
112	4
114	13
118	4
119	9
125	8
144	13
152	3
153	14
158	10
160	12
162	12
168	15
172	4
175	13
176	7
188	3
189	13
191	14
197	1
198	11
Market 131
1	10
8	11
9	5
11	5
15	13
18	10
19	4
20	9
22	13
25	12
28	2
29	11
31	1
32	10
33	14
34	5
35	7
36	9
40	3
43	7
44	5
47	11
48	13
53	8
56	15
58	13
59	13
60	14
62	1
66	7
70	7
71	4
75	3
76	12
79	6
80	10
86	12
91	10
92	4
94	3
99	12
104	11
109	6
113	14
118	6
119	1
124	12
126	4
129	11
130	14
131	3
139	9
140	1
145	1
146	4
148	10
152	13
153	7
157	1
166	1
171	11
173	7
174	2
175	5
186	13
187	12
192	8
198	4
Market 184
7	11
10	11
16	15
24	4
28	11
31	12
33	4
35	10
38	6
40	4
48	3
56	1
58	14
60	10
65	13
68	13
69	6
74	11
86	5
90	13
93	5
98	15
103	11
104	2
109	2
113	11
115	7
124	7
126	13
129	12
130	9
131	15
132	8
134	11
148	9
153	5
161	1
163	14
168	4
172	1
174	7
176	5
181	2
183	1
185	13
191	2
192	1
193	15
Market 78
2	3
3	5
5	7
10	14
13	10
14	14
18	6
22	11
26	15
29	3
35	5
37	12
43	9
45	6
47	14
53	8
55	5
56	13
58	4
60	15
68	1
69	14
70	15
71	3
75	10
79	12
80	12
84	9
86	13
91	2
94	8
99	14
105	3
106	6
108	2
114	7
125	1
127	7
132	4
133	9
135	3
140	13
145	14
147	8
148	5
153	5
159	3
162	13
168	9
174	15
176	10
182	11
183	13
186	5
188	12
193	7
194	10
Market 135
2	6
3	8
4	4
10	3
11	13
18	10
28	15
31	5
33	4
35	3
45	10
48	11
53	10
54	10
59	15
61	12
65	1
69	4
72	7
75	6
81	10
83	7
89	13
90	3
92	3
94	9
95	13
97	7
104	4
107	6
114	13
116	14
118	1
125	8
126	9
132	6
134	4
140	2
149	3
153	9
163	5
168	14
169	8
170	9
172	10
174	10
176	13
179	13
184	6
185	13
189	13
195	3
197	11
199	12
Market 170
2	8
3	10
6	5
13	1
16	14
17	10
18	7
26	13
28	4
30	3
34	10
36	11
45	7
51	5
54	7
58	10
61	8
62	5
65	1
68	14
69	1
79	4
80	10
91	15
92	14
103	14
108	4
118	12
122	6
128	15
129	3
132	10
139	15
143	11
145	5
152	15
153	13
157	4
168	3
170	6
174	2
175	5
186	11
191	9
197	8
Market 75
7	5
10	11
11	7
16	9
22	4
24	3
28	12
29	1
32	1
34	15
36	10
42	11
44	15
55	9
58	9
64	9
72	1
77	5
79	5
80	6
83	8
89	3
90	9
92	7
94	4
96	2
97	9
98	5
106	1
108	10
109	11
112	9
113	4
121	11
124	10
127	5
138	2
139	11
140	6
144	5
150	14
155	6
160	6
161	7
170	5
171	14
179	11
181	12
184	7
185	10
188	14
192	9
Market 4
3	5
13	8
15	4
17	7
18	12
22	3
28	14
29	9
32	14
34	2
37	4
38	12
40	7
47	12
48	7
54	12
61	2
62	7
68	11
72	6
76	4
84	6
90	5
91	10
98	15
99	10
105	4
106	1
114	7
115	4
116	8
119	10
121	9
124	13
126	3
130	2
131	6
132	13
133	14
134	12
135	5
140	2
148	14
149	15
152	9
153	8
155	15
158	11
162	11
163	2
165	9
168	6
172	11
174	6
175	9
193	15
194	9
195	15
199	3
200	6
Market 22
2	6
3	4
4	2
7	2
10	4
11	13
18	2
24	10
29	13
30	13
31	2
33	6
37	12
40	5
45	7
48	6
54	14
56	13
58	7
60	12
62	5
65	14
69	15
75	10
79	5
82	7
88	1
91	7
92	14
94	14
96	8
97	13
99	10
104	13
109	10
111	3
112	13
116	4
118	7
128	3
129	7
136	7
139	12
144	1
152	4
155	9
156	8
158	14
166	3
169	3
170	4
174	10
177	13
188	14
191	6
Market 134
3	1
7	15
11	13
15	1
16	12
17	12
21	2
22	7
24	6
26	8
28	8
30	4
31	1
37	5
48	3
54	7
58	7
82	1
88	7
90	2
92	1
94	4
103	14
106	5
111	2
116	13
118	15
123	2
128	4
129	4
139	7
145	10
153	4
157	3
158	1
160	6
175	5
178	12
185	10
186	2
188	1
191	15
195	15
Market 174
1	13
3	2
4	15
8	5
10	5
15	15
17	4
19	6
22	13
26	5
28	4
35	10
45	8
47	10
50	12
53	13
57	4
59	4
61	14
63	7
65	13
70	15
72	5
75	7
80	2
86	1
88	8
90	11
93	14
94	2
96	11
98	4
104	4
108	3
109	10
112	11
113	1
115	11
121	9
130	6
131	12
133	3
138	6
139	3
140	9
148	4
152	10
153	8
155	14
158	9
160	8
161	6
163	12
168	13
171	4
176	15
181	6
185	15
186	13
190	2
196	10
198	10
Market 30
1	6
3	4
8	3
10	8
12	9
15	9
17	3
19	15
30	10
35	8
38	3
44	1
45	6
50	1
53	1
57	11
61	8
63	3
68	7
70	7
80	6
89	14
90	9
91	8
94	6
98	13
121	9
124	2
129	12
133	8
139	5
146	4
160	2
161	8
166	11
171	2
175	6
176	7
179	1
191	5
192	7
Market 104
3	8
12	8
15	14
17	9
22	8
25	15
31	15
33	4
40	13
54	14
56	5
59	11
60	15
61	11
65	7
75	9
89	2
90	2
93	4
98	11
103	14
104	10
106	1
108	7
112	13
116	5
121	12
124	15
129	5
132	9
139	3
144	14
146	13
150	1
152	3
153	9
156	4
158	1
161	7
165	12
168	13
170	13
172	7
175	9
179	9
186	13
189	11
191	7
192	2
193	11
197	15
198	13
Market 14
3	4
7	5
13	2
15	12
18	1
21	4
22	11
26	2
38	5
40	3
47	9
62	5
65	7
66	12
69	15
74	13
82	6
86	2
90	5
94	13
101	9
105	5
109	2
111	1
116	2
119	5
126	3
135	3
139	12
140	13
143	1
148	4
149	7
155	2
165	4
166	9
168	9
169	6
174	9
175	14
176	8
185	14
189	7
Market 88
2	6
3	7
5	13
10	15
11	7
15	1
26	7
28	12
30	7
36	12
41	8
44	11
55	4
60	15
68	15
69	2
71	13
79	4
80	9
86	6
88	3
91	14
92	3
94	7
98	10
99	14
101	14
103	1
108	9
109	3
111	2
116	5
119	1
120	3
121	7
127	12
132	15
133	12
135	4
141	7
143	1
148	1
149	2
153	4
154	6
155	1
160	7
166	10
170	3
174	15
175	11
183	14
185	7
195	10
200	11
Market 198
10	5
12	4
15	2
17	8
18	8
22	6
28	3
31	2
33	8
35	14
44	12
53	7
55	11
56	12
61	1
68	1
80	14
88	14
92	2
94	1
96	5
99	5
101	12
121	6
127	13
128	4
135	14
140	12
143	15
148	14
149	11
153	7
159	2
160	5
165	15
168	5
170	10
174	7
176	6
178	6
185	1
188	2
189	7
195	7
200	8
Market 60
3	14
8	14
10	6
15	8
17	3
22	11
25	11
29	6
35	2
37	9
54	9
56	2
61	9
62	9
68	4
72	8
82	14
88	3
91	11
94	3
96	14
98	1
101	5
103	12
106	14
108	1
109	11
111	1
112	6
118	3
121	12
127	4
129	13
132	1
133	10
149	14
155	12
161	6
166	4
168	3
170	4
171	15
175	9
177	12
179	11
184	7
185	14
189	4
191	1
195	13
197	4
Market 153
1	1
2	6
4	3
9	15
13	2
15	6
18	3
21	5
24	10
26	7
28	9
29	10
31	1
36	7
40	7
43	10
45	3
47	6
50	13
53	12
55	2
61	6
62	15
65	6
66	4
75	11
76	5
80	13
82	2
84	6
91	9
96	6
98	13
103	12
106	4
108	7
116	11
119	14
128	7
132	9
133	11
139	1
145	4
153	12
155	14
157	11
158	5
159	3
160	8
165	12
166	14
172	9
174	8
175	13
176	1
177	5
180	15
185	14
189	11
195	10
198	3
Market 3
3	10
4	1
7	2
11	15
15	6
21	9
28	3
29	8
30	7
31	14
33	7
34	8
35	9
43	4
53	12
54	1
55	14
60	13
61	13
62	3
68	9
69	4
82	9
83	11
89	6
91	6
96	5
97	9
101	5
106	10
116	9
118	13
129	2
130	5
136	13
141	10
155	15
158	14
166	12
170	6
174	10
177	7
179	10
185	14
195	12
Market 87
3	8
5	7
8	13
10	12
12	5
13	7
15	6
25	9
29	10
30	3
31	8
33	3
36	5
37	1
38	2
44	10
45	11
47	3
50	6
53	6
55	12
56	13
58	5
59	5
60	4
61	6
62	1
65	5
68	10
69	12
70	7
72	15
75	6
76	13
80	13
82	12
84	1
88	2
89	11
90	5
96	4
97	12
104	14
107	10
109	9
114	7
116	8
117	6
118	15
122	11
125	9
133	9
140	8
143	13
147	14
153	12
155	8
160	2
161	4
162	7
166	11
168	1
170	7
174	1
175	10
182	12
185	7
188	9
189	12
190	10
191	15
193	7
195	14
198	1
Market 39
2	7
4	13
7	9
9	2
15	14
16	12
17	11
30	2
32	13
36	14
42	13
51	12
53	1
54	7
61	5
62	2
69	5
71	12
81	14
83	12
89	4
96	5
97	12
98	3
99	10
103	2
106	8
107	4
109	7
111	13
115	4
116	12
118	14
119	10
121	14
126	6
127	8
131	3
139	10
140	7
144	7
148	5
153	12
154	1
157	15
158	14
159	7
160	12
161	12
164	2
169	15
171	15
176	13
179	3
185	1
186	5
188	3
198	11
200	12
Market 151
2	7
11	14
18	8
28	15
32	4
34	15
38	8
40	1
44	4
58	15
65	6
69	10
79	10
80	10
82	2
83	14
88	1
108	2
113	10
116	1
129	14
136	2
139	4
149	8
153	4
155	15
156	9
158	8
159	11
161	5
165	12
175	2
185	8
186	13
191	9
195	14
197	15
198	4
Market 53
14	14
21	5
24	12
28	7
29	9
30	11
33	15
34	10
35	11
40	4
43	13
53	12
54	12
58	6
60	1
66	4
68	9
71	15
84	9
86	4
88	9
90	2
91	8
94	6
104	13
108	12
109	10
113	1
118	10
119	3
126	15
129	1
130	9
133	13
139	6
145	4
158	4
168	9
174	6
180	8
191	6
193	13
195	11
Market 152
2	4
11	4
17	2
18	15
29	3
30	11
34	12
35	15
36	6
37	6
45	15
48	4
51	3
53	12
67	13
68	7
69	10
75	8
79	11
86	2
91	8
99	14
104	5
109	1
116	15
118	9
119	2
127	7
130	13
131	8
132	6
135	1
140	5
147	6
148	9
149	5
166	6
174	14
175	12
182	5
184	6
189	15
195	4
198	10
Market 144
2	4
5	15
10	4
15	14
22	8
26	15
28	15
41	12
44	4
51	3
60	7
62	14
64	14
65	8
68	6
71	15
72	9
84	5
90	8
98	13
104	11
106	13
108	6
109	12
113	1
114	4
120	1
123	4
127	13
129	12
130	6
131	1
132	9
133	5
134	1
139	10
147	13
149	4
152	9
153	9
158	5
161	9
163	5
165	1
168	13
171	10
172	3
174	5
176	5
182	8
193	5
195	11
Market 67(F)
2	3
7	6
8	9
10	5
11	3
12	14
14	6
17	3
18	8
21	4
22	14
25	2
33	15
34	1
35	14
40	14
45	12
54	6
55	4
56	6
59	10
60	2
62	1
69	15
72	11
83	14
84	8
88	6
91	6
93	11
98	4
99	14
101	13
103	8
108	4
111	4
115	8
118	15
121	12
128	2
129	7
130	1
131	3
132	5
146	10
149	13
158	6
163	4
168	8
170	5
174	3
177	8
179	8
181	1
186	3
188	13
189	4
191	10
192	12
195	1
200	7
Market 55
1	13
4	15
9	14
12	4
15	9
17	11
20	1
28	4
32	15
34	6
35	7
38	15
47	4
50	3
51	13
53	8
55	5
58	10
59	13
62	8
71	3
75	14
79	11
80	1
84	6
94	15
98	5
103	6
108	6
109	1
113	11
115	6
132	9
145	9
148	9
152	12
153	14
166	14
168	13
172	13
173	3
175	2
183	9
188	9
192	5
193	9
198	4
200	9
Market 95
17	15
21	3
29	14
30	14
34	6
38	2
40	1
45	14
51	13
54	5
55	15
62	13
65	3
66	10
68	4
70	6
80	12
84	1
90	14
91	8
92	9
94	10
98	14
99	7
104	8
108	14
109	14
124	8
126	4
130	14
131	11
132	1
140	9
146	6
166	3
168	5
171	10
174	9
189	6
194	10
Market 102(F)
4	5
10	12
11	11
21	6
26	1
29	12
33	6
34	15
36	9
40	6
42	2
45	11
51	2
56	5
65	10
67	7
74	13
83	9
84	4
90	15
91	2
93	3
95	15
97	2
98	8
99	7
103	11
106	9
108	1
112	15
116	3
118	2
119	2
124	11
127	2
129	7
131	10
135	14
144	13
149	3
150	9
152	14
155	9
165	6
168	9
170	6
176	10
192	11
197	10
Market 42
3	2
4	11
8	4
10	11
12	15
17	11
18	7
25	10
28	11
29	10
34	14
35	15
37	10
40	3
44	4
45	7
49	4
53	4
55	9
59	5
62	10
65	12
75	8
80	5
83	4
84	15
90	12
91	14
92	4
94	11
97	15
106	6
107	7
114	4
118	12
126	13
127	15
132	6
134	3
135	14
138	2
140	5
144	14
147	15
148	7
150	3
153	15
155	13
159	7
160	1
163	3
169	14
172	9
175	12
178	13
182	9
185	12
188	3
189	5
191	6
193	11
195	6
197	9
200	14
Market 115(F)
2	11
4	12
7	10
10	5
11	11
14	2
16	3
18	6
29	15
31	9
33	3
48	6
52	11
62	7
67	10
69	2
79	12
88	7
90	12
91	10
103	15
106	5
108	5
111	2
113	7
116	10
121	15
128	4
129	2
130	8
139	13
140	4
149	12
155	3
157	11
171	15
174	9
176	10
177	14
179	10
185	1
Market 43
4	11
5	14
8	12
10	8
13	5
17	10
19	3
22	2
26	10
34	10
35	15
38	4
40	9
44	1
45	9
53	9
57	3
61	14
72	6
80	10
84	4
90	3
96	9
101	15
104	7
108	10
113	15
118	9
128	15
133	5
139	2
152	8
153	1
158	7
159	11
165	3
170	2
171	10
174	5
177	5
178	1
185	14
186	10
189	10
191	8
192	14
195	5
198	13
Market 188(F)
2	14
11	11
13	3
15	12
26	8
32	1
36	14
41	1
44	8
47	15
62	7
74	1
82	10
86	9
88	1
92	13
99	4
101	10
104	5
116	1
121	12
125	8
130	3
131	5
140	1
143	6
147	9
148	7
149	14
159	12
160	9
170	3
174	9
176	10
177	9
188	3
189	7
Market 8(F)
2	3
4	11
7	10
11	14
14	14
17	7
26	6
28	5
30	2
33	10
34	8
36	2
38	4
42	2
45	1
55	4
74	15
79	4
90	12
91	12
95	11
99	7
100	11
103	15
106	15
109	8
116	8
118	8
119	2
120	10
126	5
127	2
132	3
134	11
149	15
163	1
166	14
168	13
172	7
174	15
175	11
177	11
183	1
189	6
199	3
Market 64
11	2
13	7
18	7
28	12
30	8
36	6
38	15
42	6
51	8
54	6
65	3
69	13
83	4
84	5
90	3
92	3
93	5
94	5
103	14
108	14
117	14
118	4
129	4
138	5
139	6
143	8
158	3
161	9
166	1
171	9
174	9
175	15
176	4
179	13
198	9
Market 137
1	2
4	8
8	13
10	6
12	13
15	13
17	3
22	5
28	8
31	14
34	6
36	12
38	1
40	2
47	3
50	2
53	13
55	6
60	5
61	10
63	9
66	10
72	9
75	13
76	9
80	13
88	7
90	5
94	8
101	13
106	14
109	8
111	1
115	13
116	11
118	2
119	7
120	8
121	14
128	13
131	14
141	1
148	3
149	5
153	9
154	15
155	4
169	4
174	11
176	3
177	7
183	2
184	1
185	2
189	7
195	7
198	14
199	10
Market 35
2	8
3	10
4	15
11	14
18	5
22	15
25	5
29	5
31	6
33	12
43	9
56	13
58	8
60	14
61	2
68	15
69	12
71	6
72	15
79	4
81	4
82	3
83	6
84	9
86	2
90	7
91	9
95	9
98	8
99	2
104	2
106	9
108	11
111	9
118	1
119	2
128	6
131	14
133	5
137	3
141	14
143	9
149	8
153	15
158	6
159	15
165	8
166	5
168	3
170	9
174	1
175	9
178	14
181	8
184	4
198	3
Market 159
2	2
4	11
10	13
11	2
16	2
17	4
30	7
35	14
40	9
44	2
45	13
48	11
51	4
54	15
56	6
58	13
60	4
68	10
71	14
72	6
79	1
80	10
83	6
92	3
104	10
106	1
112	11
114	4
118	11
121	3
122	8
130	10
140	10
141	5
152	14
156	9
158	2
161	6
162	2
165	14
168	4
170	12
172	8
175	14
176	13
181	6
185	5
188	10
189	12
191	10
193	5
195	1
Market 20
6	5
9	8
13	4
24	2
26	6
29	1
30	9
32	13
42	4
47	11
54	15
60	1
65	11
69	8
82	1
83	2
86	6
87	4
90	14
91	3
97	7
101	13
104	12
106	7
107	1
117	15
119	5
120	5
121	6
129	10
130	8
132	7
136	2
138	11
140	5
158	11
159	14
175	14
179	4
184	8
188	5
189	13
193	10
197	12
Market 69
2	8
5	4
9	15
15	6
17	3
22	2
36	1
38	5
40	2
44	13
47	1
51	5
54	3
60	6
64	15
66	5
69	7
82	14
86	2
87	7
90	6
91	13
94	10
96	4
104	14
106	3
132	2
136	10
141	5
143	11
148	10
153	5
158	5
160	10
166	6
169	11
170	3
177	1
178	12
184	6
185	3
188	2
Market 47
2	4
4	7
7	13
13	11
15	7
21	14
22	3
26	14
28	10
29	6
30	1
31	8
32	9
34	1
35	2
36	7
38	4
41	3
43	1
44	4
45	12
53	8
55	5
56	12
60	1
62	3
64	15
69	1
71	5
75	8
78	4
82	12
83	15
89	3
90	14
92	6
93	8
94	1
101	7
103	15
104	9
106	1
107	2
108	15
109	14
112	4
116	1
121	4
129	14
132	7
133	13
136	7
138	8
139	13
140	10
144	15
146	1
155	3
158	3
165	13
166	5
174	5
178	8
185	6
191	2
195	6
197	9
Market 58
2	8
11	11
21	13
22	5
28	2
29	6
33	14
34	12
40	2
45	10
48	12
54	8
55	6
58	7
62	8
65	14
66	4
68	9
74	12
79	14
82	13
83	3
90	6
91	1
101	11
103	9
104	14
107	12
111	13
116	8
120	9
132	3
133	13
139	8
144	2
150	4
158	3
165	2
168	11
169	4
177	15
185	11
189	5
191	14
195	6
197	13
Market 15
2	7
3	3
4	6
11	11
14	13
16	7
22	12
25	14
29	12
31	4
33	9
40	5
43	9
53	8
54	13
56	8
59	11
62	13
72	5
74	9
79	1
90	13
91	12
92	14
103	11
108	6
109	15
114	15
118	3
125	8
129	14
133	5
139	8
145	15
147	8
152	8
153	14
157	11
166	15
168	9
172	2
186	5
191	12
193	6
Market 93
2	5
5	9
15	11
22	2
26	11
29	4
34	10
35	1
40	3
47	7
50	4
51	12
53	10
54	3
56	7
58	2
60	14
61	12
62	4
64	14
65	4
68	5
80	4
86	9
91	5
94	15
96	9
98	6
99	12
103	11
104	9
106	8
109	15
111	2
113	14
118	14
119	6
121	4
126	6
130	13
132	3
133	4
134	5
139	9
140	6
146	11
148	6
149	3
152	1
153	6
155	8
163	1
165	13
166	4
168	5
169	2
186	1
189	6
200	13
Market 105
1	4
2	6
3	7
4	8
10	13
14	8
16	9
17	11
18	9
19	9
24	14
26	5
28	10
29	9
32	5
34	13
40	1
42	13
44	4
48	7
50	5
54	4
55	7
58	3
59	13
63	2
65	14
66	4
68	14
75	1
81	3
82	5
83	7
86	1
89	7
99	2
101	15
103	9
104	12
111	3
116	8
118	3
119	4
128	2
135	15
139	10
140	3
143	11
144	5
151	6
156	8
158	8
159	7
160	13
165	14
166	5
176	3
185	13
188	11
Market 136
1	10
3	7
4	4
15	11
22	7
25	4
28	8
30	8
31	5
35	4
40	8
50	13
53	5
54	13
57	10
61	10
63	15
70	1
72	2
80	14
87	1
88	1
90	13
91	9
94	7
95	4
100	6
101	11
102	15
103	7
116	2
120	5
121	10
123	3
130	2
131	8
132	1
133	5
139	6
141	6
145	5
152	3
153	12
155	7
157	11
165	15
170	15
171	13
174	8
175	2
180	7
185	15
195	4
198	5
Market 107
4	11
6	2
8	1
9	14
13	10
17	13
19	11
20	9
26	11
30	2
35	10
38	15
46	12
55	3
57	6
58	1
59	12
60	13
62	4
68	2
69	4
70	11
72	11
74	1
79	3
80	11
81	12
87	14
92	15
109	2
128	15
131	4
132	10
136	3
140	14
141	8
143	9
148	12
149	6
168	12
169	15
170	13
175	3
176	11
178	4
189	6
Market 192(F)
2	7
4	14
9	12
12	5
15	13
18	5
22	2
25	12
26	4
28	7
30	7
32	3
34	1
35	12
36	7
37	2
38	3
40	11
44	13
47	14
55	9
57	14
58	15
60	2
65	4
71	13
72	13
74	6
75	8
79	7
82	11
94	15
96	12
99	7
101	15
104	3
105	13
106	4
109	15
115	15
116	14
118	12
119	3
121	3
130	10
131	7
134	1
141	6
148	8
149	12
152	13
154	6
158	1
159	9
163	3
165	9
166	10
169	11
183	7
185	14
194	2
199	14
200	10
Market 186(F)
1	8
3	7
10	3
12	4
15	11
17	3
22	11
28	14
29	4
30	13
31	4
34	7
38	2
45	7
48	9
53	6
54	14
56	6
61	9
62	7
63	9
65	5
72	2
75	11
79	14
84	4
92	2
94	3
98	11
99	13
106	7
113	1
114	15
118	3
119	1
123	5
124	9
126	3
130	9
131	4
132	9
146	3
148	2
153	2
158	4
168	3
171	7
173	4
174	5
175	8
176	11
181	9
186	3
187	1
188	10
189	14
192	6
193	10
194	12
195	1
Market 71
3	6
10	3
11	2
14	14
16	3
17	4
20	8
21	13
27	7
33	1
34	3
38	8
42	11
44	12
47	2
48	9
54	11
55	11
56	2
60	13
62	10
65	13
67	15
79	15
81	5
86	3
95	15
96	12
99	4
102	7
109	13
116	7
118	4
119	12
128	9
135	3
136	13
140	12
159	4
165	9
166	14
170	10
174	13
178	6
189	3
195	7
Market 26(F)
2	3
3	3
4	13
6	7
8	1
10	5
15	11
17	9
18	6
20	7
22	2
28	2
29	11
30	14
31	4
32	5
35	4
36	3
37	4
40	3
45	13
50	1
51	10
53	14
54	4
55	11
58	9
61	5
62	9
63	4
65	10
66	4
68	15
71	14
74	12
79	9
84	5
91	9
92	4
96	8
102	12
103	11
104	15
106	7
108	1
109	1
111	15
113	15
116	8
118	4
119	3
121	7
128	14
130	13
132	2
133	14
135	15
137	15
145	9
148	8
152	15
155	10
157	3
159	15
161	6
165	2
166	8
169	15
171	14
174	14
180	11
184	12
186	15
192	2
195	1
198	14
Market 156(F)
3	1
5	5
9	7
13	4
17	3
20	8
22	9
26	4
28	11
32	12
34	14
38	8
40	5
44	6
45	9
47	2
50	6
54	13
58	3
61	11
66	12
68	9
76	15
86	11
91	1
104	6
106	4
109	5
111	9
115	10
116	11
119	15
120	10
125	13
127	14
131	1
136	8
140	1
141	5
147	6
148	15
149	9
158	11
159	4
174	10
176	10
177	4
183	11
188	15
189	9
195	6
200	2
Market 37
3	12
5	1
7	13
10	3
11	9
13	2
14	13
15	13
17	9
19	12
21	6
29	10
30	12
33	1
35	9
38	15
40	11
45	1
48	2
50	13
53	1
55	5
58	14
61	9
64	13
66	3
68	1
70	1
76	7
88	4
90	1
92	12
96	1
104	4
109	5
111	4
112	8
116	14
119	10
120	10
134	13
136	10
140	7
149	6
150	7
158	11
160	5
165	9
166	12
168	15
169	9
170	7
172	8
175	10
176	14
177	1
178	13
185	12
191	7
193	14
195	12
198	10
199	3
Market 16(F)
3	3
4	6
10	8
17	12
24	12
28	12
29	5
31	1
33	9
35	14
37	4
38	4
43	12
50	14
56	9
59	12
61	11
62	9
65	2
68	13
69	7
72	11
75	7
79	13
81	7
82	4
88	7
90	5
95	14
99	6
102	3
106	12
111	10
121	15
127	4
131	2
132	4
136	3
140	13
143	11
149	11
158	7
159	11
160	6
165	15
166	4
170	3
176	3
178	14
184	5
195	6
Market 29
4	3
15	12
22	14
29	5
37	9
40	7
43	4
48	14
53	6
54	15
59	8
61	14
62	9
68	14
69	15
72	11
79	6
82	6
86	8
90	2
94	1
96	1
101	3
109	8
115	10
116	4
139	7
148	11
158	2
159	6
163	6
168	15
172	5
188	1
193	4
200	10
Market 32
2	8
5	3
9	12
10	4
11	7
15	14
17	7
30	4
32	10
34	12
36	1
38	3
40	15
41	13
44	8
47	15
51	2
54	1
55	14
58	12
60	10
66	4
69	13
74	14
80	11
82	12
83	1
84	9
86	7
88	15
89	3
90	15
91	3
92	8
94	12
96	12
97	8
99	2
101	15
103	14
106	9
107	13
111	15
112	8
116	15
119	4
121	7
132	8
140	14
143	3
145	5
148	3
149	14
152	14
153	11
155	10
156	10
160	11
161	11
166	15
168	3
172	15
178	1
179	5
188	10
189	7
191	2
193	15
Market 57(F)
4	11
8	6
10	8
13	1
20	2
31	8
34	5
37	13
38	1
40	8
41	6
44	13
45	6
47	7
58	14
59	5
60	3
66	12
79	13
104	11
118	13
119	14
123	6
130	1
131	9
132	4
134	13
148	13
157	7
159	10
161	10
163	11
166	8
173	6
175	14
176	2
181	9
185	13
186	13
188	4
194	8
200	7
Market 166
3	15
4	11
7	11
11	8
18	3
22	2
24	15
29	7
33	14
35	11
40	3
45	14
53	1
54	5
62	7
65	5
82	4
87	7
89	5
92	1
96	3
101	3
106	1
107	3
117	5
118	13
120	2
121	9
127	10
141	9
149	5
150	4
155	11
158	6
160	5
166	9
169	6
179	6
184	3
189	15
195	2
Market 66
7	8
13	9
15	9
18	15
22	12
26	12
30	13
34	11
37	13
40	14
43	14
45	14
53	2
54	13
56	2
59	10
61	11
66	3
68	1
69	13
72	9
75	2
80	1
83	3
89	2
90	13
91	7
92	11
94	7
103	9
104	8
107	13
109	3
116	3
119	12
121	10
144	4
146	8
150	9
158	1
159	2
163	2
165	15
166	14
168	5
170	2
176	14
179	2
188	5
191	1
193	4
197	11
Market 28
3	4
7	3
10	13
14	11
15	12
16	4
17	11
18	3
26	4
29	8
30	2
37	11
43	13
44	4
45	9
48	11
53	6
55	3
58	7
60	15
66	8
69	3
71	15
80	10
86	2
88	12
89	1
90	15
91	7
92	2
93	4
96	8
98	13
103	6
107	12
108	12
113	9
118	9
119	6
121	12
128	10
132	1
138	6
139	2
143	4
150	11
152	6
153	3
158	11
166	8
170	15
171	2
176	14
178	10
179	8
181	1
185	10
198	10
Market 7
3	4
4	13
5	10
9	11
11	2
13	8
15	9
17	8
18	10
26	1
30	8
32	7
33	4
34	6
36	1
40	10
41	11
43	10
44	7
47	12
48	15
53	2
54	12
60	1
62	15
66	2
68	4
69	13
71	2
72	3
74	7
75	11
82	2
84	5
88	14
90	15
91	3
92	15
98	4
99	14
101	13
106	10
113	9
119	12
123	1
127	3
128	11
129	9
131	15
133	5
135	15
140	11
145	5
149	4
152	15
155	13
165	9
166	13
171	7
175	2
176	4
178	8
185	9
191	2
Market 34
2	4
7	12
16	11
17	10
21	13
28	3
31	1
35	12
37	12
40	8
43	11
45	8
48	15
52	9
56	1
58	13
60	9
62	6
65	13
69	13
74	7
79	4
91	5
92	15
94	5
98	7
99	1
103	6
104	8
108	1
109	4
118	4
119	9
123	9
129	9
130	6
132	5
133	15
139	8
140	13
145	13
147	10
149	2
152	7
153	15
161	1
163	8
171	8
172	13
175	12
186	13
188	3
189	13
198	13
199	3
Market 120
6	1
7	11
15	4
21	12
28	1
29	9
33	3
34	3
42	4
45	15
48	9
54	4
55	2
56	6
62	6
65	3
67	6
69	4
80	11
82	8
86	10
87	10
88	2
96	1
99	1
101	13
106	5
109	13
119	7
121	8
132	4
134	8
136	4
148	5
149	3
152	13
153	1
155	4
158	4
165	15
166	13
168	5
169	1
174	10
175	12
176	11
188	4
200	7
Market 133
2	6
3	15
7	15
8	1
10	12
14	1
15	5
17	4
18	2
21	11
22	1
26	5
31	15
34	13
36	13
37	13
40	2
45	1
50	10
51	15
53	8
58	3
59	14
61	15
62	11
66	11
69	15
72	3
74	15
82	10
84	3
86	5
88	15
90	1
91	9
94	9
96	6
99	7
101	15
103	10
104	12
105	10
106	10
109	1
114	10
119	11
121	14
128	5
132	7
133	3
135	11
140	7
147	4
149	12
153	5
158	15
159	4
166	7
172	7
175	12
200	9
Market 109
2	12
11	9
16	5
21	7
24	1
28	12
31	14
33	13
35	8
37	10
56	11
58	12
60	6
62	3
65	7
68	15
71	5
81	1
83	8
87	4
88	8
91	13
92	11
94	2
107	9
109	1
112	4
116	8
118	10
120	12
127	10
128	11
131	4
132	14
133	8
135	14
138	3
139	6
140	4
141	5
149	7
153	4
160	13
166	11
169	10
174	12
175	14
176	11
177	11
178	15
185	7
189	2
195	6
196	4
198	8
Market 124(F)
5	2
8	5
12	10
15	9
17	6
26	13
35	6
38	4
47	10
59	8
61	10
63	14
65	10
68	12
69	6
80	1
82	9
83	3
86	10
90	15
91	2
96	14
101	2
104	11
105	15
106	8
107	11
116	1
127	2
128	2
135	14
136	9
155	9
159	3
160	7
165	14
166	10
169	11
177	8
183	14
188	11
189	10
194	15
195	11
196	12
Market 195
9	12
16	13
18	4
21	1
26	5
38	13
47	7
54	13
55	1
58	13
62	6
66	5
69	9
71	6
74	11
89	7
90	1
99	7
108	11
116	3
124	2
132	11
146	12
150	13
152	14
156	5
159	6
160	14
168	10
171	3
175	2
176	13
181	8
188	11
Market 194
3	9
4	7
15	7
17	7
18	3
22	15
28	3
29	9
30	13
36	11
38	4
44	6
47	2
54	7
55	5
58	6
62	14
65	10
66	10
68	15
71	4
78	2
80	4
82	2
84	15
90	15
91	6
92	5
94	13
99	10
104	2
106	6
111	8
113	7
115	7
116	7
118	10
120	13
131	3
132	4
135	1
136	5
139	5
140	15
153	2
154	1
158	7
161	12
163	15
165	6
166	1
169	8
172	2
174	6
177	10
181	12
184	9
188	12
189	5
192	14
Market 127(F)
2	7
4	10
7	15
10	8
17	4
18	2
21	7
28	11
33	1
34	11
36	9
40	4
45	14
48	9
54	1
58	6
60	2
67	5
84	10
86	13
88	7
90	15
91	10
94	12
104	3
111	6
118	14
119	13
121	4
123	5
126	11
128	10
130	8
132	2
134	7
136	8
139	12
140	5
143	12
145	2
148	7
149	13
152	11
153	2
161	11
163	8
168	6
171	12
172	9
175	14
176	1
186	5
188	9
189	7
192	7
193	14
195	14
Market 171
2	8
11	12
14	12
16	11
36	4
40	1
52	4
56	13
65	10
71	2
74	12
90	8
91	3
116	2
125	7
126	10
132	9
134	14
135	4
148	7
153	4
159	15
168	12
169	1
176	12
182	5
183	13
189	1
195	6
Market 200
1	6
3	14
5	3
10	3
13	1
17	5
20	15
22	1
30	14
32	2
34	1
36	13
41	1
44	2
47	9
51	6
55	7
58	7
60	3
64	5
65	5
66	15
77	10
79	10
81	2
91	9
95	1
96	6
97	4
99	3
100	9
103	9
106	3
107	8
115	3
116	14
117	7
118	4
119	9
120	5
121	15
126	4
127	7
129	6
131	13
132	7
137	8
141	8
153	14
159	7
160	8
166	7
168	14
169	2
173	6
174	4
178	3
184	2
188	6
189	9
195	5
196	15
197	5
Market 143
11	12
15	10
17	6
22	15
30	3
36	14
44	8
50	1
62	7
65	6
72	1
82	6
86	8
90	6
91	10
96	14
101	4
116	4
119	10
131	15
135	9
155	3
169	13
170	12
174	9
175	3
176	10
177	4
200	2
Market 154
3	7
8	10
18	12
30	3
37	12
40	5
44	1
45	4
48	13
54	14
56	4
65	5
68	15
69	15
75	10
79	3
84	4
86	7
87	8
88	14
92	2
94	11
96	8
106	10
109	14
115	3
126	1
127	9
129	11
131	2
132	12
139	15
147	9
158	2
159	13
163	10
165	7
166	9
169	13
171	6
174	1
175	12
177	11
182	14
184	1
188	5
189	8
191	10
192	14
193	7
198	12
Market 185
3	1
4	10
8	12
10	5
11	10
12	14
17	5
18	5
24	6
25	10
28	14
29	8
31	10
33	10
34	5
40	15
44	1
45	11
48	15
53	5
54	4
60	13
61	1
68	5
72	2
75	13
82	11
83	12
86	4
89	14
90	10
91	10
92	14
94	9
99	11
103	1
107	9
109	11
118	6
121	2
129	8
130	10
140	14
141	9
144	4
150	5
153	6
154	7
155	14
159	14
160	15
165	6
166	3
170	14
174	7
176	14
189	7
191	11
195	15
Market 199
1	6
2	1
10	14
12	7
16	5
19	13
21	13
24	6
28	4
29	6
37	5
45	3
50	10
52	2
54	12
55	7
56	3
58	12
59	9
67	3
68	3
69	3
71	6
72	2
74	3
75	15
79	9
82	7
84	10
86	6
87	2
91	12
92	8
94	11
96	4
99	7
103	4
104	5
106	6
108	14
109	6
111	14
116	3
118	2
119	9
120	3
123	8
127	11
129	13
132	6
133	8
134	11
140	5
145	3
149	9
152	7
153	9
154	7
159	7
161	3
166	4
168	6
169	5
171	4
172	11
174	14
175	7
176	3
186	1
188	9
193	9
195	13
198	1
199	14
Market 103(F)
4	11
14	6
15	1
18	8
21	5
22	6
24	9
28	5
29	9
30	13
34	7
37	9
48	13
58	2
60	9
69	11
79	15
82	4
91	15
92	2
94	9
101	1
104	6
115	6
116	2
119	2
121	13
126	11
127	4
130	7
131	11
139	2
140	3
141	9
148	8
153	11
158	5
163	3
165	7
169	9
173	14
174	8
177	5
183	15
185	9
188	6
189	1
200	1
Market 119
3	14
4	13
5	6
6	13
11	11
15	4
16	12
22	3
25	10
26	8
29	4
30	7
35	4
37	15
40	15
41	6
42	5
44	11
51	1
53	6
54	15
58	11
59	13
62	12
64	11
65	10
68	6
69	13
74	4
78	14
79	5
83	13
88	4
91	12
92	5
93	4
99	15
103	13
107	14
108	7
113	4
114	12
116	6
117	9
125	7
132	11
136	5
138	11
143	10
146	6
150	9
152	10
153	6
155	8
160	12
161	6
163	8
165	10
166	12
170	14
172	7
174	5
176	7
182	3
185	6
186	6
188	3
192	15
193	12
195	10
196	10
198	6
199	14
Market 177
4	12
7	7
10	6
14	9
24	4
28	10
29	6
34	9
40	12
44	8
54	7
56	9
62	1
71	15
74	15
86	1
88	4
92	5
94	8
96	4
99	15
103	12
104	13
108	6
111	12
118	13
124	7
131	2
132	2
139	13
140	3
142	5
148	10
155	11
158	3
165	15
168	3
169	2
174	10
176	5
177	14
183	1
187	4
188	8
195	7
198	11
200	5
Market 182
2	12
3	3
6	14
9	3
11	14
17	8
18	15
20	7
22	12
26	6
30	6
32	3
41	8
47	9
51	7
55	3
58	4
60	12
62	11
65	1
66	13
69	3
79	5
80	2
84	10
86	2
98	9
99	5
103	14
108	3
113	14
116	6
118	2
123	13
126	6
130	3
134	2
140	3
145	6
153	11
157	9
158	1
159	14
161	10
163	4
165	10
166	6
168	7
171	11
172	14
180	5
182	14
183	3
189	10
193	6
199	2
200	11
Market 74
5	8
8	6
15	3
17	7
22	6
26	11
31	13
35	1
57	5
65	11
70	14
80	14
86	6
90	14
96	4
98	12
104	7
111	12
116	14
121	10
127	13
131	5
132	6
140	1
152	14
158	14
166	12
168	9
169	1
172	6
175	8
183	13
185	14
188	11
189	15
193	15
198	9
Market 70
3	5
10	12
13	8
15	7
16	3
21	1
24	3
29	8
34	8
42	8
45	4
51	14
54	15
58	13
60	3
69	4
71	9
79	1
98	15
108	12
109	15
113	12
119	10
122	15
125	2
132	5
133	2
134	1
139	6
140	3
145	4
157	5
163	10
166	2
176	2
189	9
191	12
193	6
195	1
Market 31
3	1
10	7
11	12
19	7
22	15
26	13
29	5
30	13
32	14
38	11
40	2
44	11
47	4
48	9
54	1
55	7
56	7
61	14
62	3
65	8
68	11
69	13
72	15
79	15
86	10
89	11
92	2
99	8
101	1
109	13
111	7
112	3
118	3
119	9
121	3
126	4
131	10
132	1
136	10
139	13
140	5
152	9
155	8
159	10
165	3
168	6
169	2
170	15
183	13
185	5
189	14
194	11
195	1
197	13
200	10
Market 13
2	14
3	12
4	13
5	3
9	2
10	3
11	7
12	11
15	5
17	10
20	8
25	4
28	9
30	3
31	10
33	9
34	8
35	1
37	5
40	14
45	13
47	5
49	8
51	3
53	7
54	3
59	13
61	4
62	9
65	13
68	2
69	2
71	12
72	4
73	14
75	6
78	4
83	4
84	10
88	11
91	11
92	6
94	10
96	13
98	6
106	1
108	5
112	6
116	15
125	3
129	1
131	10
132	7
133	13
144	9
146	5
149	10
152	1
156	5
158	3
160	7
162	9
168	3
174	3
175	12
176	15
178	14
179	8
181	10
185	15
188	15
197	13
Market 77
2	3
4	8
7	5
10	12
18	13
24	3
26	2
28	5
30	2
34	5
36	10
42	15
56	14
58	8
60	5
65	13
67	4
69	1
71	5
74	9
86	9
88	9
89	6
92	11
94	7
97	9
99	6
101	12
103	1
112	5
121	7
128	15
129	3
132	15
136	5
140	10
152	3
153	9
155	12
156	6
159	3
161	1
166	2
169	6
170	2
175	13
179	9
185	7
189	3
195	9
197	1
Market 106(F)
1	4
3	12
5	1
17	6
18	11
26	10
28	4
30	4
32	9
36	6
44	4
45	15
47	2
61	9
66	7
68	1
69	6
72	13
76	7
80	9
83	8
84	13
85	14
88	5
92	9
98	13
101	13
104	2
106	7
111	5
113	1
114	7
116	6
119	2
121	7
122	13
128	10
130	9
132	15
134	12
139	9
140	1
145	14
149	9
153	14
155	12
157	6
159	2
160	9
163	6
166	14
168	11
171	11
172	5
182	8
185	9
188	4
189	5
191	10
Market 6(F)
1	11
3	3
9	13
10	7
11	12
15	1
17	12
19	9
22	12
26	4
28	10
30	15
31	14
32	15
34	6
38	3
40	8
44	1
54	7
55	5
60	3
61	4
64	10
65	2
68	10
69	14
70	6
72	2
80	2
82	5
86	2
88	6
90	10
91	12
92	8
94	9
95	2
99	8
101	3
106	12
111	2
114	9
116	4
118	1
121	2
124	6
125	8
127	14
128	4
130	5
131	15
132	6
134	11
136	9
139	7
142	7
147	8
148	2
153	3
158	11
163	1
166	12
169	7
172	10
182	3
184	14
185	7
188	15
189	4
195	13
200	7
Market 181
3	14
4	10
8	11
9	14
15	13
20	6
25	6
26	1
28	9
30	10
31	15
32	10
36	8
40	8
44	7
47	10
53	4
54	6
58	1
60	7
69	6
72	1
75	3
76	9
81	10
82	12
90	2
92	13
94	13
96	15
109	3
111	6
119	1
121	9
127	13
128	13
132	2
135	10
137	12
143	8
153	7
158	10
159	9
160	1
165	2
166	10
168	1
169	9
175	8
178	9
189	9
198	5
Market 164
2	6
3	14
11	8
16	9
17	11
21	5
22	5
24	15
26	9
29	7
36	6
40	3
55	15
61	3
62	5
65	8
74	13
81	10
90	9
92	11
95	6
96	13
100	12
103	9
106	7
107	11
109	15
111	9
112	6
113	1
116	7
117	15
120	1
127	6
128	3
129	8
133	14
136	13
139	5
143	14
150	2
152	1
158	1
159	14
161	10
165	2
166	1
168	12
174	11
178	7
179	1
184	15
185	3
189	12
191	5
198	11
Market 129
4	1
8	4
10	11
15	11
17	15
22	9
25	2
31	1
33	15
37	12
40	14
44	9
48	6
53	3
54	8
56	7
59	5
61	6
69	6
72	7
75	11
79	2
84	12
86	6
93	10
98	13
113	6
115	8
119	3
124	9
126	13
133	10
139	2
146	15
153	10
161	6
176	1
181	7
186	6
192	5
193	6
Market 59(F)
4	14
11	14
14	7
16	10
17	15
18	7
21	3
26	3
28	9
29	14
30	3
32	13
37	2
38	8
43	6
48	12
52	9
54	7
55	12
61	1
65	9
66	4
69	9
71	4
72	12
74	11
84	11
90	12
91	11
92	3
93	10
98	14
99	5
103	11
105	2
114	8
124	11
126	13
130	15
135	10
139	15
140	8
146	15
152	10
153	4
158	4
159	12
161	13
162	6
165	8
166	15
168	4
171	15
172	2
175	5
181	3
187	2
188	5
189	11
192	10
195	6
198	14
Market 21
2	2
10	13
21	3
24	15
29	13
31	10
33	12
52	5
56	7
60	4
67	4
71	3
74	2
82	11
84	8
86	12
91	8
94	6
98	9
99	2
106	15
109	13
111	10
115	2
119	10
126	6
132	3
133	11
134	14
139	10
168	10
173	1
174	3
175	1
181	5
183	7
193	3
Market 99
1	15
3	11
8	4
9	11
10	1
11	3
13	10
15	12
19	11
20	5
32	7
34	12
40	3
44	3
47	8
61	12
62	12
66	1
68	15
73	12
81	6
87	8
88	1
90	2
92	6
95	5
104	15
106	3
109	10
111	10
120	5
126	5
130	12
135	10
140	4
141	7
163	11
169	12
172	9
174	10
182	4
189	6
195	1
199	12
Market 98
8	7
10	15
12	8
15	7
25	13
28	9
31	9
35	15
40	14
49	1
58	11
59	1
69	13
79	11
88	10
92	8
94	14
96	3
98	14
101	3
106	9
108	1
109	4
113	4
128	7
129	14
133	6
145	4
152	9
153	12
155	13
160	2
161	2
166	2
170	6
171	2
174	1
Market 61
1	12
2	9
5	8
7	12
10	1
15	12
17	6
18	14
24	10
29	3
30	9
33	1
36	6
38	10
39	6
40	1
42	14
45	5
51	2
54	1
55	14
56	11
57	12
58	2
59	12
60	2
61	8
66	8
68	6
69	6
71	7
72	10
74	6
75	14
79	1
80	11
82	13
86	12
90	8
94	5
95	1
96	13
99	10
101	8
104	15
106	13
111	8
114	10
116	9
118	12
119	1
121	3
125	1
127	6
129	2
130	3
132	3
134	5
135	5
136	14
139	8
140	14
143	11
148	8
149	11
153	1
155	12
158	5
159	10
165	2
169	14
172	2
174	8
175	15
178	9
182	10
189	3
193	12
195	3
198	2
Market 79(F)
3	3
4	6
10	15
15	2
17	4
18	5
25	8
29	9
33	9
35	3
37	5
43	13
45	15
48	13
53	1
56	14
58	4
59	3
65	6
69	9
75	8
90	2
92	5
94	5
96	13
99	5
104	3
113	6
115	5
121	14
126	15
129	14
132	6
133	3
136	15
140	10
143	3
152	8
155	4
157	1
158	10
165	11
168	11
170	1
172	7
175	4
183	11
188	13
189	9
Market 81
2	1
3	7
5	10
7	14
9	14
11	3
14	13
18	6
19	4
21	5
26	15
28	4
30	14
32	12
35	8
40	13
43	10
44	7
45	11
48	12
53	6
55	1
56	12
61	1
64	4
66	11
69	13
74	6
80	3
84	13
86	2
88	5
90	13
91	11
92	11
94	11
96	4
99	6
105	4
108	9
109	6
118	2
119	14
123	4
127	7
128	9
132	8
133	1
135	15
137	4
139	11
140	11
148	13
149	14
152	9
153	13
159	1
161	13
165	4
169	5
170	9
171	10
174	4
176	9
178	10
180	1
183	8
185	3
189	13
192	2
194	9
195	1
198	14
200	8
Market 197(F)
1	3
2	7
3	9
10	7
11	2
13	11
14	9
18	3
21	8
22	15
26	4
28	3
30	7
31	15
32	13
33	15
34	11
38	3
45	15
48	11
55	14
56	1
60	6
62	6
66	15
68	2
69	6
79	6
90	5
98	1
99	2
107	14
113	1
118	1
119	13
122	4
125	11
129	3
130	5
133	12
147	4
156	4
159	3
166	9
170	7
179	5
182	10
185	6
193	4
197	5
198	4
Market 161
8	13
10	4
12	8
15	5
17	14
19	13
22	12
29	13
30	11
31	1
34	1
35	8
37	14
38	12
40	9
43	15
45	7
48	11
53	3
54	12
55	1
57	1
63	13
69	10
70	14
72	1
90	6
94	12
103	3
104	14
108	13
109	7
112	12
114	5
117	3
119	8
122	4
129	3
130	7
134	11
138	8
139	11
140	9
143	3
153	10
157	7
158	6
160	12
168	12
170	11
174	1
179	12
182	13
186	13
188	7
189	10
191	4
193	3
196	8
Depot
